1648 1610 1622 1626 1664 1596 1610 1618 1636 1608 1662 1630 1608 1588 1612 1604 1666 1672 1642 1600 1624 1570 1588 1612 1658 1662 1612 1616 1652 1658 1602 1644 1616 1530 1430 1466 1438 1318 1280 1278 1202 1304 1250 1382 1586 1556 1600 1582 1482 1594 1622 1820 2386 2964 3522 4002 4542 5046 5532 5884 6368 7038 7934 8854 9940 10940 11852 12640 13462 14222 14992 15752 16390 17018 17482 18276 19046 19408 19354 18998 18472 17916 17288 16620 15954 15228 14578 13612 13260 12578 12042 11552 10952 10318 9664 9104 8726 8518 8396 8424 
8474 8592 8764 8828 8818 8936 9096 9314 9494 9732 9974 10190 10484 10800 10998 11264 11608 11826 12032 12198 12084 12132 11962 11710 11428 11058 10610 10190 9906 9494 9098 8822 8542 8312 7998 7676 7396 7068 6694 6306 6016 5754 5546 5414 5344 5342 5396 5546 5720 5922 6194 6462 6772 7122 7468 7690 7838 7916 7900 7866 7938 8050 8260 8396 8576 8714 8904 8894 8946 9024 8934 8870 8868 8868 8788 8770 8786 8722 8674 8652 8584 8554 8572 8572 8556 8548 8514 8474 8432 8398 8390 8326 8310 8256 8270 8236 8288 8246 8246 8238 
8252 8214 8234 8206 8152 8134 8112 8136 8154 8118 8100 8072 8102 8108 8088 8094 8052 8080 8032 8064 7982 7950 7922 7942 7914 7882 7890 7866 7850 7832 7814 7790 7728 7718 7704 7736 7694 7708 7722 7714 7698 7680 7642 7638 7630 7672 7636 7680 7680 7676 7744 7760 7768 7800 7772 7802 7780 7790 7808 7784 7826 7856 7892 7882 7902 7928 7952 7954 7960 7990 7966 7978 7990 8018 8032 8038 8016 8044 8052 8064 8062 8028 8054 8036 8040 8060 8068 8100 8082 8106 8080 8070 8074 8114 8068 8078 8108 8044 8060 8088 
8080 8032 8072 8090 8082 8042 8000 8028 8000 7992 7998 7976 7992 7952 7956 7936 7916 7922 7898 7884 7894 7880 7880 7828 7850 7826 7862 7838 7840 7820 7784 7824 7836 7822 7800 7814 7810 7776 7766 7778 7752 7762 7778 7822 7834 7824 7802 7812 7814 7844 7850 7856 7854 7834 7864 7884 7950 7932 7920 7900 7926 7952 7894 7944 7914 7950 7912 7958 7944 7994 7940 7992 7956 7950 7954 7948 7992 7972 7956 7964 7982 7948 7992 7936 7966 7970 7970 8012 7994 7992 7982 7968 7964 7938 7932 7950 7936 7916 7928 7924 
7928 7894 7912 7902 7894 7906 7924 7886 7884 7890 7888 7890 7868 7858 7924 7890 7904 7890 7874 7834 7860 7864 7834 7868 7886 7866 7880 7938 7894 7878 7940 7872 7906 7930 7896 7902 7888 7898 7888 7902 7916 7906 7940 7900 7916 7926 7930 7930 7898 7936 7882 7962 7942 7948 7936 7920 7994 7948 7960 7954 7916 7954 7948 7926 7946 7882 7902 7900 7906 7950 7936 7924 7916 7888 7890 7868 7864 7876 7874 7890 7892 7928 7900 7932 7882 7908 7886 7904 7858 7888 7870 7880 7924 7944 7928 7952 7952 7922 7902 7910 
7870 7874 7908 7894 7914 7946 7928 7908 7916 7950 7950 7960 7954 7910 7890 7906 7914 7930 7898 7908 7944 7934 7906 7908 7934 7928 7902 7862 7888 7910 7922 7910 7930 7928 7960 7920 7916 7880 7916 7882 7884 7912 7924 7900 7924 7948 7916 7932 7928 7930 7882 7862 7878 7896 7942 7922 7924 7904 7926 7906 7942 7946 7934 7888 7898 7906 7924 7920 7908 7918 7972 7958 7982 7962 7942 7956 7966 7886 7890 7880 7920 7886 7876 7910 7912 7886 7860 7902 7904 7890 7898 7892 7878 7850 7882 7888 7876 7910 7924 7924 
7928 7930 7952 7946 7942 7936 7966 7924 7930 7920 7904 7942 7928 7924 7940 7950 7936 7942 7914 7896 7916 7922 7894 7910 7884 7910 7904 7868 7910 7896 7850 7870 7894 7870 7892 7926 7924 7920 7908 7896 7922 7946 7920 7896 7950 7936 7914 7914 7938 7908 7940 7960 7946 7894 7922 7892 7892 7912 7892 7934 7888 7908 7924 7950 7918 7908 7916 7886 7912 7896 7888 7900 7898 7922 7898 7874 7924 7926 7910 7910 7890 7894 7904 7908 7894 7930 7894 7922 7924 7944 7954 7946 7940 7926 7950 7946 7918 7878 7898 7912 
7892 7920 7904 7892 7872 7932 7938 7926 7918 7902 7914 7898 7858 7876 7888 7910 7936 7924 7930 7948 7928 7934 7896 7894 7902 7894 7894 7904 7938 7932 7916 7934 7942 7906 7930 7918 7930 7920 7932 7918 7892 7890 7922 7888 7902 7938 7938 7912 7902 7906 7924 7890 7916 7912 7930 7914 7904 7892 7952 7902 7948 7930 7932 7920 7914 7956 7908 7888 7914 7920 7928 7904 7922 7922 7918 7904 7926 7922 7922 7898 7900 7890 7916 7918 7934 7888 7890 7912 7922 7936 7904 7902 7928 7922 7910 7890 7940 7914 7906 7930 
7920 7850 7894 7944 7918 7930 7940 7902 7886 7928 7900 7928 7896 7926 7910 7906 7888 7926 7952 7942 7950 7956 7968 7982 7966 7950 7990 7968 7996 7974 7938 7894 7866 7896 7948 7966 7970 7960 7958 7940 7900 7844 7862 7882 7840 7852 7898 7968 8006 8046 8118 8128 8040 7980 7896 7824 7782 7698 7734 7740 7808 7910 7978 8040 8036 7998 7992 7928 7904 7852 7858 7918 7932 7886 7904 7910 7898 7896 7880 7876 7896 7858 7898 7918 7956 7900 7948 7936 7918 7886 7902 7868 7918 7874 7894 7928 7936 7954 7954 8038 
8006 7964 7950 7912 7924 7928 7930 7878 7936 7882 7894 7898 7900 7898 7932 7898 7936 7932 7938 7924 7918 7932 7908 7914 7886 7864 7896 7862 7872 7910 7876 7930 7938 7916 7868 7872 7840 7872 7836 7910 7932 7976 8046 8024 7998 8018 7990 7934 7972 7888 7902 7928 7928 7888 7944 7916 7958 7970 7980 7976 7930 7958 7944 7918 7916 7910 7912 7914 7926 7968 7910 7966 7974 7918 7904 7942 7942 7906 7938 7900 7916 7928 7968 7928 7948 7922 7948 7898 7898 7866 7882 7890 7902 7920 7922 7928 7920 7956 7970 1596 
1618 1610 1640 1616 1622 1650 1590 1616 1624 1574 1582 1618 1604 1564 1574 1572 1572 1558 1570 1586 1568 1586 1566 1578 1584 1588 1650 1632 1600 1634 1550 1518 1560 1562 1634 1594 1598 1628 1622 1602 1542 1590 1644 1626 1624 1580 1606 1614 1588 1598 1614 1616 1552 1560 1532 1572 1574 1548 1566 1578 1586 1570 1574 1570 1560 1544 1502 1442 1498 1524 1448 1334 1208 1132 1062 1050 1184 1086 1138 1136 1168 1374 1108 1382 1532 1848 2644 3530 3934 4444 4916 5404 5922 6498 7124 7956 8974 10070 11418 12654 
13582 14100 14462 14988 15922 17564 18728 19108 18826 17892 17132 16668 16168 15600 15136 15138 14612 14122 13592 12986 12274 11580 10938 10418 9928 9540 9254 9020 8868 8756 8712 8704 8744 8798 8852 8928 9024 9150 9156 9220 9234 9278 9394 9556 9744 9938 10114 10270 10354 10516 10704 10452 10370 10296 10116 9904 9726 9486 9306 9120 8934 8752 8594 8428 8256 8068 7870 7662 7410 7262 7102 6940 6840 6694 6634 6566 6504 6462 6488 6480 6498 6512 6542 6586 6644 6724 6852 6934 6974 7114 7224 7332 7496 7630 7818 7958 8108 8282 8392 8460 
8540 8530 8554 8502 8506 8552 8544 8568 8590 8624 8608 8626 8606 8610 8618 8564 8568 8552 8552 8542 8544 8510 8494 8438 8436 8410 8368 8324 8308 8332 8280 8314 8274 8300 8304 8310 8302 8322 8334 8254 8264 8278 8272 8278 8278 8298 8330 8350 8306 8292 8306 8280 8264 8298 8256 8272 8210 8244 8178 8162 8188 8130 8102 8126 8056 8010 7964 7930 7866 7840 7772 7766 7730 7720 7656 7626 7590 7578 7530 7528 7468 7480 7468 7446 7450 7426 7456 7404 7412 7410 7456 7474 7516 7568 7616 7626 7658 7694 7702 7734 
7776 7800 7818 7854 7852 7960 7940 7972 8012 8026 8044 8038 8072 8082 8096 8080 8104 8110 8128 8138 8168 8158 8180 8196 8200 8182 8190 8170 8164 8184 8142 8138 8142 8074 8148 8170 8142 8172 8202 8154 8148 8114 8054 8084 8084 8090 8114 8112 8122 8122 8136 8108 8074 8078 8020 8044 8036 8038 8004 8012 7976 7984 7996 8012 7964 7940 7916 7894 7850 7878 7852 7832 7812 7764 7782 7766 7766 7754 7700 7718 7692 7666 7678 7666 7622 7622 7646 7644 7640 7654 7660 7654 7680 7690 7696 7766 7718 7762 7822 7816 
7866 7860 7876 7872 7918 7870 7922 7916 7942 7994 7974 7980 8008 8036 8038 8068 8052 8058 8054 8088 8052 8052 8036 8008 8026 8012 7996 8016 8050 8032 8010 8022 8012 8002 8030 8002 8010 7998 7962 7966 7956 7964 7954 7930 7942 7930 7894 7898 7916 7872 7910 7878 7862 7868 7820 7830 7858 7836 7842 7856 7824 7820 7826 7832 7830 7836 7816 7832 7814 7844 7840 7832 7808 7814 7832 7870 7886 7904 7896 7876 7874 7876 7862 7868 7910 7922 7944 7932 7978 7926 7898 7896 7918 7918 7918 7920 7934 7940 7930 7942 
7952 7948 7934 7924 7942 7962 7946 7942 7954 7924 7946 7936 7918 7936 7944 7948 7884 7932 7924 7906 7920 7912 7900 7864 7888 7872 7886 7878 7886 7878 7872 7874 7860 7868 7862 7876 7872 7856 7866 7860 7902 7902 7900 7890 7858 7892 7886 7866 7888 7910 7900 7892 7932 7940 7960 7940 7912 7932 7944 7918 7874 7866 7928 7902 7900 7910 7906 7952 7952 7928 7944 7930 7924 7930 7896 7916 7866 7870 7856 7870 7914 7904 7928 7910 7902 7894 7890 7886 7886 7886 7870 7888 7898 7910 7888 7948 7918 7866 7874 7874 
7876 7868 7878 7890 7886 7882 7946 7940 7916 7928 7916 7904 7928 7900 7854 7932 7912 7934 7906 7942 7954 7972 7886 7914 7916 7916 7902 7888 7856 7890 7896 7878 7908 7930 7932 7912 7904 7884 7924 7904 7890 7950 7932 7934 7896 7904 7896 7880 7882 7910 7936 7890 7908 7876 7884 7862 7872 7904 7898 7916 7896 7926 7926 7896 7924 7918 7908 7898 7916 7888 7872 7898 7906 7914 7920 7890 7908 7902 7908 7886 7868 7902 7880 7920 7914 7878 7878 7912 7934 7942 7908 7886 7888 7890 7888 7882 7912 7846 7890 7916 
7900 7926 7934 7900 7864 7890 7910 7870 7882 7914 7914 7916 7910 7922 7938 7928 7874 7922 7892 7926 7902 7914 7900 7902 7896 7862 7890 7906 7920 7888 7902 7914 7908 7944 7920 7876 7918 7888 7910 7894 7886 7900 7912 7912 7920 7946 7928 7932 7938 7922 7882 7852 7882 7878 7884 7912 7962 7968 7948 7934 7920 7892 7910 7868 7900 7916 7886 7856 7846 7894 7908 7868 7896 7934 7924 7896 7934 7948 7894 7926 7892 7884 7898 7882 7928 7904 7890 7924 7906 7930 7904 7924 7908 7926 7916 7886 7916 7882 7912 7900 
7884 7908 7914 7940 7916 7872 7906 7884 7890 7884 7884 7918 7864 7936 7932 7890 7888 7896 7874 7902 7876 7890 7888 7888 7888 7910 7922 7974 7932 7924 7934 7908 7910 7900 7904 7926 7904 7884 7858 7882 7884 7898 7944 7936 7954 7910 7898 7900 7880 7860 7908 7896 7908 7878 7880 7916 7936 7912 7920 7920 7886 7900 7932 7930 7904 7914 7886 7926 7940 7926 7912 7900 7922 7904 7902 7892 7908 7896 7904 7898 7938 7914 7910 7916 7888 7886 7888 7892 7874 7888 7872 7862 7878 7894 7906 7930 7936 7906 7918 7894 
7924 7928 7902 7908 7870 7854 7892 7898 7876 7890 7924 7906 7888 7920 7910 7870 7864 7890 7882 7896 7934 7898 7914 7894 7898 7938 7920 7906 7906 7908 7876 7896 7886 7898 7924 7920 7880 7900 7910 7916 7894 7928 7902 7920 7902 7922 7924 7930 7880 7914 7892 7892 7876 7914 7912 7878 7890 7898 7894 7904 7946 7902 7934 7956 7890 7902 7868 7894 7880 7884 7892 7882 7890 7874 7900 7918 7930 7912 7924 7868 7874 7858 7854 7886 7888 7912 7908 7906 7912 7956 7928 7918 7928 7958 7868 7892 7880 7910 1556 1512 
1506 1562 1538 1542 1518 1570 1586 1584 1554 1600 1610 1572 1570 1554 1612 1614 1600 1536 1532 1562 1594 1600 1568 1614 1600 1614 1558 1578 1572 1524 1572 1560 1542 1586 1558 1594 1584 1550 1512 1530 1536 1576 1552 1512 1562 1576 1552 1578 1544 1588 1574 1540 1548 1528 1512 1544 1550 1566 1612 1582 1634 1642 1660 1632 1594 1596 1576 1518 1550 1524 1456 1456 1454 1482 1580 1604 1596 1644 1644 1558 1552 1532 1500 1516 1476 1414 1346 1332 1452 1338 1292 1420 1456 1194 1266 1206 1238 1020 1144 1436 
2176 3024 3570 4322 4856 5534 5892 6436 6796 7386 8180 9138 10452 11842 13150 14246 15430 16544 17236 18138 18832 19042 18748 18150 17584 17264 17170 17096 16930 16658 16218 15818 15256 14728 14056 13398 12702 12152 11504 10912 10482 10076 9754 9436 9046 8724 8474 8270 8042 7850 7704 7652 7672 7784 7968 8188 8466 8816 9200 9578 9918 10218 10568 10768 10820 10760 11086 11314 11386 11510 11362 11586 11738 11698 11612 11402 11126 10770 10356 9916 9424 8886 8400 8088 7830 7582 7278 7036 6918 6748 6604 6454 6326 6194 6140 6108 6154 6302 6490 6642 
6808 6922 7132 7220 7320 7382 7390 7336 7330 7322 7334 7360 7512 7700 7890 8046 8288 8496 8630 8794 8876 8964 9030 9050 9070 9064 9080 9134 9172 9164 9114 9166 9176 9172 9130 9090 9012 8986 8886 8790 8724 8626 8610 8534 8464 8410 8394 8386 8330 8292 8316 8292 8298 8312 8330 8302 8308 8336 8402 8430 8482 8492 8550 8604 8644 8650 8712 8722 8774 8732 8750 8758 8746 8742 8742 8714 8682 8696 8640 8624 8574 8488 8438 8312 8252 8156 8076 7972 7904 7800 7710 7614 7570 7464 7372 7322 7246 7166 7132 7058 
7032 6994 7000 6930 6936 6966 6982 7018 7120 7148 7214 7306 7358 7430 7492 7614 7690 7790 7928 8102 8200 8246 8284 8362 8382 8392 8316 8354 8350 8316 8310 8278 8286 8300 8306 8298 8284 8280 8288 8270 8240 8234 8234 8176 8238 8176 8152 8134 8124 8130 8096 8080 8100 8046 8086 8082 8074 8018 8026 8008 8020 8004 7992 8014 7956 7978 7974 7988 7990 7960 7916 7968 7924 7904 7914 7892 7896 7910 7880 7854 7850 7850 7808 7800 7812 7796 7778 7786 7824 7764 7806 7798 7808 7820 7814 7806 7770 7738 7786 7746 
7776 7798 7770 7802 7824 7828 7822 7806 7838 7846 7836 7888 7872 7864 7898 7890 7856 7926 7898 7904 7914 7940 7942 7954 7918 7948 7948 7958 7930 7942 7958 7958 7926 7934 7958 7954 7990 7978 7996 7972 7974 8004 7988 7996 8002 7980 7968 7990 7980 7954 7946 7950 7970 7948 7966 7976 7916 7944 7932 7902 7894 7892 7860 7868 7872 7876 7838 7876 7856 7836 7832 7864 7846 7832 7840 7822 7854 7834 7864 7852 7848 7834 7852 7838 7822 7860 7842 7858 7844 7860 7876 7826 7878 7890 7866 7886 7902 7890 7886 7904 
7912 7894 7920 7896 7924 7934 7900 7922 7944 7960 7928 7922 7922 7938 7930 7866 7896 7912 7908 7906 7916 7930 7922 7908 7922 7920 7896 7880 7896 7886 7914 7870 7874 7874 7872 7880 7862 7858 7874 7880 7896 7850 7872 7874 7902 7900 7898 7886 7890 7888 7880 7906 7856 7842 7898 7890 7892 7900 7942 7880 7908 7904 7914 7904 7914 7882 7924 7888 7896 7866 7882 7878 7914 7930 7914 7892 7920 7914 7902 7868 7880 7902 7876 7902 7896 7890 7882 7910 7914 7956 7964 7934 7910 7872 7864 7858 7844 7878 7868 7902 
7906 7898 7932 7948 7894 7908 7888 7866 7914 7888 7884 7866 7902 7908 7892 7936 7924 7908 7908 7940 7890 7908 7910 7882 7896 7900 7894 7882 7892 7900 7902 7872 7900 7884 7912 7910 7918 7910 7884 7884 7876 7864 7880 7890 7878 7930 7900 7898 7906 7872 7886 7848 7884 7904 7898 7870 7916 7930 7944 7904 7900 7870 7892 7846 7900 7864 7842 7848 7888 7960 7934 7932 7920 7932 7928 7922 7900 7884 7882 7884 7870 7892 7872 7884 7862 7926 7924 7922 7894 7886 7882 7884 7912 7872 7910 7904 7894 7888 7880 7878 
7898 7890 7888 7886 7870 7894 7884 7884 7898 7900 7906 7900 7882 7872 7914 7908 7884 7924 7894 7908 7878 7898 7912 7900 7898 7878 7908 7958 7934 7892 7850 7900 7884 7860 7876 7884 7894 7906 7902 7914 7884 7900 7900 7854 7872 7844 7854 7874 7876 7886 7910 7900 7948 7958 7940 7926 7900 7896 7880 7894 7888 7874 7868 7862 7894 7894 7944 7906 7876 7926 7908 7914 7904 7902 7910 7914 7894 7864 7904 7854 7868 7886 7886 7882 7892 7942 7910 7912 7916 7876 7896 7886 7902 7856 7892 7910 7876 7918 7954 7924 
7958 7930 7950 7918 7914 7868 7892 7908 7888 7848 7908 7916 7912 7952 7910 7902 7906 7904 7894 7864 7896 7868 7930 7890 7920 7890 7884 7920 7904 7904 7906 7896 7894 7912 7848 7932 7928 7900 7848 7900 7900 7896 7932 7878 7892 7888 7896 7876 7914 7934 7886 7898 7920 7888 7934 7892 7902 7880 7908 7900 7914 7876 7936 7892 7898 7882 7862 7876 7912 7898 7916 7906 7896 7908 7936 7886 7900 7878 7862 7832 7868 7870 7878 7886 7900 7910 7860 7896 7892 7900 7838 7888 7892 7900 7924 7896 7902 7900 7922 7888 
7898 7872 7904 7882 7894 7910 7890 7896 7898 7910 7886 7876 7902 7862 7890 7892 7874 7906 7888 7922 7872 7922 7892 7916 7924 7870 7906 7926 7898 7912 7890 7902 7896 7918 7896 7864 7886 7902 7926 7920 7888 7928 7932 7924 7912 7900 7890 7898 7890 7880 7878 7854 7906 7904 7924 7902 7904 7920 7882 7868 7876 7884 7906 7852 7916 7904 7902 7904 7926 7918 7938 7906 7898 7908 7888 7916 7888 7870 7898 7884 7866 7886 7906 7898 7880 7886 7894 7878 7872 7890 7898 7880 7894 7896 7898 7884 7892 1330 1272 1304 
1346 1310 1304 1268 1276 1236 1278 1228 1294 1318 1322 1298 1316 1274 1292 1288 1264 1308 1276 1232 1210 1260 1324 1298 1334 1302 1320 1368 1400 1382 1390 1436 1408 1434 1402 1304 1332 1332 1334 1412 1406 1318 1378 1336 1344 1316 1256 1274 1324 1338 1282 1286 1304 1342 1346 1320 1310 1294 1298 1246 1260 1272 1184 1170 1148 1126 1070 1084 1154 1214 1246 1260 1204 1216 1270 1162 1454 1370 1390 1126 822 736 854 1226 1682 2390 3196 3560 4048 4672 5184 5424 5742 6034 6536 7208 7954 8842 9786 10930 
12072 13218 14260 14776 15492 16184 16492 16508 16466 16530 16604 16674 16648 16472 16324 16182 15996 15510 14858 14350 13848 13306 12834 12368 11884 11450 11098 10594 10288 9972 9674 9328 9016 8766 8564 8462 8294 8094 7970 7886 7878 7936 7978 8070 8204 8432 8660 8942 9204 9450 9720 9934 10266 10318 10228 10406 10470 10434 10386 10330 10294 10234 10080 9766 9414 9218 8992 8708 8552 8482 8440 8222 7950 7708 7582 7526 7358 7228 7098 6938 6882 6788 6778 6744 6782 6858 6930 7118 7246 7364 7508 7580 7572 7536 7574 7472 7440 7400 7368 7370 
7428 7532 7664 7796 7910 8044 8106 8228 8284 8350 8398 8396 8436 8454 8456 8496 8540 8610 8598 8678 8692 8706 8674 8684 8668 8640 8568 8552 8540 8498 8490 8452 8450 8430 8398 8378 8348 8346 8328 8298 8276 8288 8316 8278 8286 8294 8332 8348 8360 8380 8350 8336 8334 8348 8354 8386 8396 8406 8438 8424 8420 8436 8402 8378 8348 8294 8228 8202 8172 8166 8094 8058 7990 7976 7918 7862 7792 7778 7746 7656 7600 7546 7508 7486 7446 7406 7346 7382 7344 7282 7304 7322 7324 7324 7292 7330 7378 7406 7468 7522 
7538 7608 7672 7712 7778 7818 7860 7962 7984 8020 8038 8062 8078 8074 8114 8082 8098 8092 8124 8136 8102 8150 8138 8168 8148 8112 8126 8084 8064 8074 8058 8026 8014 8016 8036 8000 8014 7996 8002 7998 7964 7968 7946 7926 7944 7910 7912 7896 7908 7904 7898 7892 7886 7886 7862 7842 7900 7872 7854 7842 7832 7812 7820 7818 7844 7822 7784 7826 7804 7842 7850 7814 7842 7846 7842 7862 7856 7834 7874 7862 7874 7880 7898 7892 7902 7868 7904 7852 7898 7886 7918 7872 7908 7896 7874 7886 7904 7870 7892 7906 
7914 7930 7928 7938 7892 7896 7912 7896 7872 7912 7936 7944 7934 7926 7896 7938 7934 7916 7912 7948 7938 7902 7952 7944 7908 7932 7932 7918 7930 7942 7912 7920 7894 7928 7898 7884 7882 7870 7872 7862 7882 7832 7858 7898 7848 7850 7884 7876 7844 7798 7810 7784 7802 7822 7806 7800 7842 7824 7852 7846 7830 7844 7848 7842 7828 7822 7856 7886 7860 7886 7888 7920 7876 7908 7896 7888 7892 7920 7912 7936 7928 7938 7920 7924 7922 7920 7928 7922 7898 7916 7928 7964 7962 7928 7940 7936 7946 7918 7880 7944 
7908 7878 7898 7892 7894 7888 7946 7896 7908 7918 7940 7886 7904 7904 7858 7862 7836 7844 7834 7838 7822 7852 7804 7806 7790 7820 7824 7818 7824 7814 7816 7830 7828 7820 7852 7852 7868 7838 7866 7866 7844 7834 7844 7860 7858 7844 7884 7868 7908 7874 7894 7908 7928 7924 7932 7904 7922 7926 7930 7888 7924 7914 7910 7902 7902 7918 7910 7920 7906 7902 7910 7920 7904 7952 7946 7908 7912 7902 7896 7878 7862 7868 7876 7834 7878 7858 7870 7856 7892 7856 7858 7858 7866 7888 7850 7856 7856 7854 7836 7856 
7856 7900 7888 7902 7896 7876 7896 7890 7888 7884 7894 7896 7880 7884 7908 7894 7942 7878 7908 7892 7876 7892 7916 7902 7920 7892 7892 7882 7886 7890 7878 7868 7876 7876 7882 7894 7906 7910 7914 7894 7896 7920 7886 7908 7854 7860 7872 7848 7868 7840 7872 7900 7880 7898 7896 7896 7872 7886 7898 7868 7888 7858 7876 7858 7878 7884 7940 7910 7896 7934 7898 7882 7900 7902 7872 7884 7898 7922 7888 7874 7886 7908 7902 7870 7852 7858 7894 7888 7888 7874 7886 7890 7898 7872 7884 7900 7860 7872 7886 7886 
7868 7848 7914 7906 7912 7884 7918 7892 7916 7912 7876 7890 7858 7868 7850 7866 7878 7876 7888 7868 7894 7910 7872 7864 7850 7856 7876 7888 7866 7898 7860 7878 7886 7898 7896 7916 7916 7874 7892 7902 7844 7888 7880 7900 7864 7914 7904 7882 7894 7892 7878 7876 7892 7892 7894 7882 7892 7878 7872 7880 7864 7874 7918 7902 7874 7876 7864 7860 7892 7886 7862 7860 7912 7882 7884 7884 7896 7924 7912 7914 7902 7880 7878 7866 7868 7854 7872 7872 7876 7890 7856 7872 7894 7868 7862 7880 7876 7816 7874 7856 
7888 7894 7880 7894 7882 7920 7916 7904 7888 7904 7884 7880 7880 7886 7880 7878 7892 7880 7888 7906 7918 7902 7886 7872 7870 7898 7880 7896 7906 7874 7906 7888 7900 7858 7890 7868 7866 7868 7882 7900 7878 7860 7856 7876 7862 7892 7896 7912 7932 7916 7896 7866 7924 7876 7890 7896 7894 7880 7858 7880 7870 7880 7884 7868 7898 7876 7900 7902 7876 7856 7890 7888 7866 7894 7870 7886 7884 7900 7886 7894 7914 7900 7884 7902 7894 7870 7880 7892 7902 7864 7914 7886 7878 7892 7902 7878 7914 7860 7878 7864 
7904 7874 7914 7888 7892 7872 7884 7872 7884 7864 7856 7874 7888 7880 7842 7894 7832 7870 7890 7920 7908 7942 7892 7900 7892 7906 7868 7854 7858 7822 7842 7884 7868 7842 7900 7896 7890 7892 7890 7886 7862 7864 7866 7884 7888 7870 7900 7906 7898 7884 7874 7878 7896 7910 7904 7876 7890 7910 7868 7850 7890 7886 7928 7888 7900 7890 7878 7902 7900 7882 7868 7896 7854 7846 7866 7856 7884 7880 7900 7872 7858 7904 7900 7856 7876 7862 7868 7884 7892 7914 7904 7902 7894 7896 7892 7872 1488 1548 1504 1542 
1472 1494 1510 1464 1464 1490 1476 1472 1544 1548 1542 1490 1470 1442 1380 1414 1492 1468 1494 1538 1554 1540 1600 1606 1564 1590 1566 1576 1578 1552 1568 1528 1504 1492 1526 1500 1442 1460 1442 1460 1442 1422 1474 1434 1442 1486 1412 1372 1390 1438 1428 1376 1426 1436 1444 1456 1386 1396 1352 1318 1352 1424 1504 1428 1382 1330 1206 1164 1178 1150 1246 1276 1342 1466 1684 1840 1698 1698 1582 1450 1264 1370 1666 2028 2544 3098 3680 4180 4610 4924 5154 5374 5644 6024 6622 7422 8364 9370 10458 11376 
12320 13266 14124 14558 15362 15990 16240 16144 16012 15686 15522 15346 15242 15246 15236 15236 15208 14808 14266 13786 13308 12714 12188 11656 11228 10790 10402 10014 9714 9406 9190 8964 8740 8538 8334 8174 8048 7988 7938 7872 7900 8068 8288 8534 8758 9006 9158 9374 9622 9840 10084 10328 10558 10622 10860 10664 10928 10868 10658 10408 10334 10206 10022 9756 9506 9262 9030 8766 8426 8174 7994 7864 7566 7234 7044 6868 6772 6708 6654 6494 6464 6412 6324 6354 6350 6384 6488 6630 6832 7082 7298 7516 7706 7838 7950 8062 8080 8038 7960 7938 
7914 7944 7992 8062 8170 8286 8412 8468 8592 8676 8740 8784 8810 8810 8760 8738 8694 8646 8636 8592 8534 8490 8480 8484 8450 8450 8438 8418 8414 8412 8344 8338 8302 8292 8264 8260 8248 8230 8230 8198 8188 8208 8180 8246 8236 8250 8274 8278 8276 8242 8276 8298 8300 8348 8342 8354 8314 8288 8308 8246 8228 8224 8128 8118 8066 8082 7980 7982 7924 7924 7894 7832 7794 7782 7718 7654 7600 7552 7528 7506 7484 7488 7438 7424 7406 7412 7360 7358 7384 7412 7396 7424 7418 7444 7484 7516 7580 7632 7632 7654 
7682 7726 7734 7782 7818 7844 7902 7946 7968 8000 8008 8052 8050 8056 8072 8118 8138 8126 8182 8198 8192 8224 8200 8232 8220 8204 8220 8152 8152 8170 8122 8138 8072 8058 8034 8000 8012 7966 7970 8028 8074 8114 8184 8218 8260 8300 8262 8230 8244 8182 8166 8118 8060 8000 7960 7952 7912 7888 7906 7932 7898 7950 7954 7984 7972 7942 7952 7900 7934 7844 7838 7804 7804 7768 7738 7750 7774 7770 7748 7750 7730 7712 7674 7660 7648 7650 7638 7654 7652 7630 7646 7666 7650 7684 7716 7748 7766 7768 7812 7782 
7796 7792 7804 7772 7822 7808 7830 7840 7844 7904 7928 7944 7988 7966 7992 7968 7976 7950 7906 7966 7906 7958 7928 7968 7942 7958 7998 8004 8024 8014 8062 8038 8024 8056 8044 8024 7988 7994 7980 7986 7960 7974 7984 7970 7920 7968 7964 7918 7976 7972 7980 7986 7970 7948 7972 7948 7946 7948 7904 7896 7864 7902 7888 7884 7858 7844 7890 7848 7854 7874 7840 7820 7828 7828 7804 7806 7812 7794 7814 7822 7800 7800 7794 7760 7782 7786 7770 7790 7794 7806 7828 7798 7824 7812 7854 7850 7860 7842 7832 7862 
7878 7830 7904 7862 7892 7922 7898 7864 7874 7884 7890 7904 7924 7944 7930 7920 7924 7932 7934 7894 7938 7962 7904 7938 7892 7894 7932 7908 7914 7890 7918 7908 7902 7890 7902 7860 7866 7896 7920 7910 7880 7904 7872 7842 7906 7884 7846 7838 7868 7870 7868 7848 7852 7866 7846 7834 7862 7854 7840 7888 7838 7838 7852 7836 7862 7874 7894 7860 7894 7912 7896 7918 7868 7866 7892 7908 7906 7898 7924 7914 7884 7886 7886 7870 7880 7874 7854 7884 7896 7930 7886 7910 7888 7874 7882 7870 7894 7848 7848 7856 
7860 7862 7888 7884 7890 7920 7868 7878 7934 7866 7882 7870 7820 7846 7858 7836 7846 7858 7864 7878 7862 7882 7894 7904 7888 7864 7894 7860 7886 7874 7900 7910 7926 7904 7900 7888 7866 7896 7880 7872 7898 7860 7880 7886 7888 7948 7918 7888 7894 7890 7862 7876 7812 7852 7864 7844 7870 7888 7886 7878 7844 7856 7826 7868 7868 7866 7878 7856 7890 7864 7884 7918 7866 7866 7896 7854 7880 7848 7842 7920 7886 7872 7880 7878 7866 7886 7866 7878 7862 7860 7898 7894 7912 7876 7868 7898 7910 7872 7864 7886 
7840 7888 7868 7852 7848 7850 7874 7848 7864 7888 7848 7920 7886 7880 7854 7900 7854 7878 7886 7852 7890 7848 7846 7842 7834 7844 7844 7856 7890 7908 7938 7920 7918 7918 7900 7890 7862 7876 7882 7880 7858 7882 7900 7880 7840 7874 7866 7846 7854 7868 7896 7856 7904 7910 7892 7914 7926 7874 7870 7844 7856 7812 7846 7896 7878 7870 7876 7916 7902 7908 7904 7890 7902 7914 7916 7898 7864 7870 7862 7888 7874 7836 7824 7838 7838 7874 7906 7896 7872 7910 7902 7900 7898 7900 7914 7872 7870 7882 7872 7848 
7880 7872 7892 7898 7900 7906 7864 7894 7886 7854 7856 7856 7888 7888 7882 7908 7890 7906 7850 7862 7848 7828 7870 7892 7878 7898 7910 7912 7936 7886 7884 7854 7852 7870 7840 7864 7864 7892 7888 7876 7842 7854 7882 7862 7856 7884 7898 7914 7876 7958 7912 7944 7914 7908 7888 7854 7858 7884 7870 7890 7872 7888 7894 7820 7848 7840 7842 7832 7866 7874 7854 7864 7852 7898 7914 7874 7900 7910 7880 7864 7868 7882 7910 7872 7892 7892 7918 7918 7872 7874 7856 7834 7840 7840 7894 7880 7858 7890 7870 7866 
7852 7878 7866 7892 7874 7850 7832 7832 7850 7860 7904 7914 7916 7904 7954 7880 7860 7834 7830 7842 7848 7868 7882 7906 7904 7898 7902 7912 7866 7856 7862 7842 7842 7802 7858 7876 7888 7882 7888 7918 7908 7880 7898 7888 7886 7904 7898 7904 7864 7880 7854 7860 7870 7858 7854 7884 7854 7888 7878 7898 7874 7886 7884 7878 7830 7896 7872 7890 7902 7872 7914 7902 7892 7866 7886 7882 7846 7886 7864 7834 7910 7890 7888 7908 7888 7928 7892 7906 7876 7870 7856 7852 7856 7868 7888 1516 1504 1512 1486 1524 
1506 1500 1496 1496 1488 1524 1572 1592 1592 1600 1610 1612 1544 1482 1524 1486 1490 1472 1496 1500 1514 1538 1542 1544 1588 1534 1572 1524 1458 1452 1492 1446 1462 1456 1482 1466 1492 1444 1470 1496 1532 1552 1614 1620 1558 1612 1586 1540 1526 1506 1524 1520 1516 1522 1536 1518 1526 1490 1548 1532 1456 1504 1454 1452 1400 1290 1272 1264 1226 1258 1418 1366 1436 1682 1408 1560 1930 1570 1458 1366 1128 1264 1554 1906 2520 3158 3764 4228 4686 5132 5440 5690 5936 6298 6818 7578 8428 9470 10546 11578 
12600 13512 14372 15072 15530 16144 17060 18078 18868 19232 19134 18400 17612 16996 16654 16008 15418 14922 14292 14022 13458 12834 12298 11724 11114 10598 10150 9844 9524 9166 8914 8712 8524 8346 8224 7994 7816 7750 7836 7934 8076 8330 8608 8850 9002 9254 9460 9600 9874 10150 10066 10112 10318 10354 10222 9974 9774 9572 9244 8888 8536 8280 8074 7980 7848 7776 7712 7684 7662 7814 7830 7674 7538 7442 7318 7148 6940 6794 6716 6690 6610 6556 6532 6594 6626 6754 6982 7268 7596 7828 8090 8290 8328 8342 8252 8156 7988 7934 7922 7970 
8084 8162 8230 8320 8428 8516 8526 8508 8512 8428 8428 8382 8394 8344 8288 8284 8284 8266 8292 8288 8286 8284 8222 8280 8228 8258 8234 8218 8206 8196 8182 8172 8178 8196 8160 8170 8140 8168 8154 8166 8154 8188 8170 8154 8162 8174 8166 8148 8156 8122 8070 8090 8044 8020 8020 8022 7942 7964 7932 7888 7880 7852 7872 7844 7796 7774 7762 7750 7694 7628 7566 7566 7538 7514 7548 7480 7508 7486 7494 7548 7558 7552 7536 7574 7586 7608 7642 7624 7662 7668 7702 7706 7754 7752 7780 7794 7814 7838 7854 7916 
7906 7938 7936 7940 7932 7960 7962 8030 8008 8090 8028 8054 8056 8096 8076 8068 8054 8090 8090 8100 8102 8090 8088 8082 8070 8068 8094 8062 8060 8080 8078 8062 8088 8032 8036 8030 7996 8006 8004 8022 8014 7984 7974 7986 7968 8006 8064 8028 8038 8036 8066 8052 7998 7934 7968 7974 7916 7896 7860 7862 7844 7800 7730 7680 7664 7644 7606 7588 7572 7586 7574 7596 7608 7692 7756 7836 7818 7834 7836 7868 7844 7824 7868 7842 7858 7816 7814 7800 7816 7784 7718 7704 7768 7796 7842 7886 7952 7998 7974 7974 
7968 7998 8028 7982 7958 7958 7924 7876 7860 7868 7920 7878 7886 7952 7982 8018 8016 8016 7984 8028 8046 8076 8046 8048 8008 7980 7944 7986 7984 8016 8014 8054 8088 8036 8044 8112 8084 8066 8090 8010 7992 7960 7920 7918 7908 7894 7910 7920 7950 7956 7950 7956 8008 7978 8024 7966 7962 7942 7886 7856 7850 7786 7808 7752 7776 7718 7720 7702 7708 7700 7680 7718 7748 7764 7772 7844 7808 7824 7874 7892 7882 7862 7876 7850 7842 7870 7846 7860 7862 7870 7862 7858 7872 7844 7826 7848 7832 7830 7872 7906 
7956 7962 8022 8008 8048 8078 8068 8022 8028 8000 7966 7972 7940 7890 7896 7866 7864 7866 7862 7890 7890 7922 7934 7980 7988 7982 7986 7976 7996 7996 7958 7954 7938 7910 7864 7888 7886 7906 7868 7852 7844 7852 7796 7778 7754 7814 7770 7816 7836 7864 7914 7934 7956 7910 7924 7876 7874 7880 7830 7822 7790 7826 7834 7868 7894 7884 7948 7946 7934 7932 7938 7926 7904 7906 7892 7894 7896 7898 7900 7904 7920 7952 7982 7918 7904 7916 7866 7846 7834 7876 7880 7924 7960 7976 7982 7942 7928 7876 7874 7840 
7850 7818 7852 7866 7904 7930 7902 7866 7876 7864 7880 7904 7872 7906 7870 7898 7904 7884 7836 7862 7836 7886 7918 7912 7992 7990 8002 8004 8022 7980 7930 7896 7834 7788 7774 7770 7750 7780 7814 7818 7878 7908 7928 7912 7960 7970 8028 8036 8052 8056 8068 8026 8006 7918 7886 7834 7778 7718 7708 7712 7702 7700 7744 7798 7834 7868 7914 7938 7928 7934 7954 7924 7940 7928 7920 7896 7886 7906 7924 7852 7882 7898 7912 7944 7902 7898 7894 7910 7876 7862 7878 7890 7892 7968 7968 7966 7928 7938 7908 7914 
7870 7834 7810 7814 7780 7830 7810 7876 7890 7904 7944 7940 7992 7972 7964 7932 7906 7872 7810 7782 7820 7826 7822 7834 7868 7926 7926 7970 7946 7954 7928 7970 7962 7976 7976 7976 7952 7914 7894 7870 7818 7830 7834 7850 7880 7838 7842 7828 7840 7856 7896 7926 7876 7900 7918 7918 7928 7900 7898 7862 7838 7860 7864 7838 7862 7858 7892 7888 7936 8002 8050 8038 8066 8056 8070 8030 7976 7944 7920 7870 7824 7802 7846 7818 7830 7824 7850 7808 7836 7830 7838 7852 7822 7826 7800 7786 7788 7802 7858 7894 
7982 7990 8074 8060 8074 8074 8048 8020 7960 7934 7856 7828 7760 7746 7750 7768 7804 7826 7888 7950 7974 7972 7962 7944 7942 7910 7882 7880 7914 7884 7918 7902 7884 7846 7860 7902 7858 7852 7844 7888 7848 7900 7920 7926 7912 7910 7928 7908 7904 7882 7878 7878 7886 7906 7868 7904 7874 7908 7854 7888 7854 7866 7876 7888 7902 7900 7920 7936 7944 7964 7970 7940 7968 7964 7974 7942 7896 7880 7880 7794 7818 7810 7822 7780 7836 7850 7794 7892 7894 7962 7970 7988 7974 7990 8020 7932 7922 7894 7852 7836 
7814 7772 7782 7816 7828 7878 7912 7890 7930 7898 7902 7924 7924 7956 7930 7918 7920 7944 7890 7908 7846 7856 7786 7792 7814 7856 7914 7918 7942 7940 7926 7972 7904 7900 7934 7938 7922 7906 7888 7860 7862 7842 7846 7874 7852 7862 7854 7868 7872 7840 7850 7842 7850 7838 7820 7820 7882 7898 7900 7930 7940 7970 8012 7986 8018 7982 7976 7940 7914 7884 7864 7846 7844 7796 7812 7792 7800 7812 7858 7844 7872 7906 7950 7994 7952 7988 7952 7906 7940 7908 7910 7884 7850 7886 1546 1530 1648 1610 1584 1620 
1596 1576 1644 1628 1604 1618 1558 1588 1610 1564 1584 1598 1594 1624 1656 1662 1682 1638 1600 1630 1584 1612 1622 1592 1620 1592 1570 1572 1590 1610 1532 1572 1598 1584 1662 1574 1584 1570 1550 1584 1564 1566 1618 1548 1536 1556 1538 1522 1592 1598 1602 1644 1662 1624 1670 1680 1680 1612 1630 1594 1570 1524 1546 1564 1600 1270 1474 1546 1362 1524 1302 1506 1322 1230 772 536 866 1418 2010 2416 2814 3432 4052 4706 5366 5852 6312 6742 7182 7714 8438 9486 10612 11904 13554 14520 15746 16782 17006 16634 
16078 15784 15632 15414 15278 15516 15742 15716 15672 15514 15246 14862 14368 13788 13288 12746 12234 11746 11370 10902 10528 10144 9866 9602 9378 9062 8908 8814 8684 8518 8334 8266 8236 8158 8100 8144 8296 8356 8430 8502 8562 8582 8804 8420 8382 8318 8252 8228 8234 8204 8132 8028 7844 7586 7494 7406 7256 7060 7044 7048 7044 7038 7016 6960 6884 6928 6984 7068 7060 7074 7190 7334 7558 7692 7960 8170 8346 8506 8596 8658 8728 8722 8644 8644 8590 8496 8446 8332 8268 8162 8076 7982 7922 7820 7736 7724 7732 7678 7646 7658 
7672 7688 7756 7816 7840 7876 7860 7862 7924 7902 7920 7966 7962 7956 7984 8002 8046 8024 8038 7988 8028 8064 8066 8220 8300 8256 8260 8348 8468 8524 8550 8542 8422 8416 8428 8378 8340 8356 8372 8356 8358 8360 8394 8342 8340 8292 8240 8184 8220 8074 8088 8010 7958 7924 7864 7804 7776 7734 7686 7598 7570 7552 7506 7534 7516 7492 7434 7480 7486 7498 7472 7486 7476 7498 7530 7550 7544 7604 7636 7636 7672 7704 7726 7800 7806 7850 7890 7868 7908 7948 7996 8040 8082 8096 8156 8212 8188 8222 8230 8186 
8170 8182 8138 8088 8154 8112 8154 8134 8094 8090 8122 8104 8070 8046 8058 8062 8042 8016 7998 8010 8046 8024 8006 8026 7990 7988 8020 7998 8020 8010 8046 8018 8034 8036 8026 7982 7918 7914 7882 7854 7840 7856 7894 7890 7972 7976 8052 8020 8030 7994 7952 7954 7910 7890 7890 7838 7828 7806 7840 7844 7864 7854 7876 7860 7896 7860 7844 7856 7854 7832 7924 7932 7970 8016 8122 8176 8128 8070 8066 8028 7990 7938 7960 7966 7974 7970 7976 8004 8086 8092 8144 8126 8110 8138 8084 8096 8032 7994 7970 7920 
7832 7858 7802 7790 7856 7846 7884 7902 7954 8002 7948 7986 7966 7948 7868 7886 7868 7804 7838 7850 7860 7848 7830 7860 7826 7826 7818 7820 7846 7876 7868 7920 7972 8086 8154 8140 8102 8054 8010 7950 7920 7856 7816 7848 7906 7952 7978 7972 8034 8048 8062 8062 8018 7922 7872 7886 7898 7924 7912 7934 7962 7940 7916 7942 7938 7884 7886 7834 7802 7846 7838 7846 7914 7912 7942 7970 7994 7944 7992 7964 7996 7952 7990 7944 7906 7922 7882 7930 7944 7966 7984 8006 8020 8024 8014 7996 7970 7940 7936 7910 
7926 7930 7944 7954 7960 7966 7968 7942 7932 7978 7936 7942 7916 7874 7896 7894 7890 7864 7900 7904 7918 7944 7874 7930 7930 7892 7902 7904 7866 7874 7902 7882 7904 7878 7924 7934 7922 7926 7938 7894 7914 7920 7904 7916 7926 7934 7938 7948 7914 7944 7924 7902 7910 7926 7940 7932 7918 7926 7898 7908 7886 7904 7918 7852 7882 7906 7932 7924 7908 7914 7944 7890 7916 7914 7910 7908 7896 7924 7924 7928 7906 7914 7902 7920 7910 7914 7914 7906 7884 7894 7898 7902 7920 7922 7938 7948 7916 7918 7934 7908 
7914 7914 7886 7888 7898 7898 7890 7892 7934 7908 7890 7896 7910 7890 7870 7894 7896 7884 7906 7880 7942 7880 7892 7906 7930 7904 7896 7896 7898 7906 7894 7896 7904 7896 7928 7880 7892 7866 7908 7890 7894 7900 7912 7912 7884 7856 7860 7850 7844 7854 7878 7930 7910 7918 7950 7922 7950 7876 7910 7890 7932 7894 7910 7914 7890 7904 7910 7932 7914 7946 7876 7910 7920 7898 7922 7908 7892 7872 7876 7882 7868 7894 7920 7918 7920 7908 7900 7896 7916 7908 7916 7914 7894 7908 7898 7902 7874 7882 7890 7908 
7910 7938 7912 7926 7886 7886 7882 7882 7878 7864 7882 7916 7920 7906 7908 7926 7900 7896 7890 7888 7884 7906 7928 7884 7930 7924 7888 7898 7918 7874 7876 7904 7918 7940 7924 7932 7910 7948 7934 7880 7894 7890 7896 7898 7910 7906 7898 7874 7884 7932 7912 7896 7944 7920 7904 7902 7888 7906 7876 7874 7890 7900 7880 7940 7864 7892 7906 7900 7942 7900 7930 7930 7916 7914 7918 7898 7884 7872 7890 7924 7900 7914 7908 7896 7918 7908 7860 7890 7912 7880 7900 7886 7860 7908 7904 7914 7882 7908 7892 7924 
7926 7934 7888 7954 7874 7918 7920 7864 7868 7866 7906 7914 7920 7904 7904 7922 7876 7904 7878 7900 7880 7896 7882 7900 7918 7884 7894 7886 7900 7910 7912 7868 7922 7892 7930 7880 7898 7892 7904 7904 7904 7882 7894 7876 7906 7886 7856 7892 7906 7916 7916 7894 7894 7942 7916 7912 7910 7902 7932 7924 7910 7946 7908 7904 7902 7890 7890 7904 7888 7926 7900 7890 7904 7892 7898 7886 7878 7882 7878 7930 7888 7902 7926 7936 7912 7916 7900 7930 7888 7900 7900 7908 7906 7886 7912 7906 7868 7936 7870 7870 
7882 7926 7886 7892 7888 7888 7906 7922 7886 7904 7916 7850 7894 7886 7872 7874 7894 7884 7918 7904 7898 7942 7938 7882 7904 7930 7900 7892 7882 7878 7894 7928 7890 7886 7904 7948 7894 7894 7884 7894 7918 7862 7912 7898 7912 7922 7908 7930 7904 7910 7880 7908 7868 7880 7880 7900 7956 7904 7904 7912 7874 7874 7902 7928 7874 7870 7892 7880 7890 7862 7874 7878 7924 7908 7902 7910 7908 7922 7948 7886 7946 7902 7894 7910 7916 7868 7910 7884 7890 7902 7868 7900 7876 1796 1780 1808 1802 1744 1810 1804 
1816 1780 1774 1784 1836 1758 1724 1710 1752 1748 1778 1792 1730 1762 1792 1778 1652 1662 1678 1700 1714 1754 1730 1770 1798 1814 1760 1732 1762 1804 1822 1804 1766 1782 1766 1794 1720 1782 1804 1854 1878 1858 1822 1790 1778 1778 1720 1714 1820 1824 1778 1784 1786 1722 1750 1738 1764 1814 1820 1824 1786 1828 1800 1776 1730 1728 1778 1766 1788 1776 1754 1784 1798 1748 1572 1452 1308 1266 1332 1276 1300 1506 1438 1738 1688 1998 1940 1916 1770 1528 1502 1526 1508 1934 2764 3722 4388 4886 5294 5726 
6130 6460 6770 7084 7580 8438 9618 10820 12138 13388 14456 15194 15796 16318 17226 18148 18858 19242 19170 18720 18166 17766 17376 16974 16444 15976 15346 14710 14082 13456 12726 12144 11582 11014 10510 10084 9710 9276 8902 8600 8416 8258 8114 8102 8058 8056 8064 8038 8034 8056 8200 8346 8446 8656 8826 9036 9496 10290 10328 10580 10784 10706 10550 10164 9918 9790 9576 9284 8850 8400 7958 7598 7356 7176 7078 6964 6774 6440 6316 6236 6278 6444 6712 6964 7220 7518 7844 8158 8532 8948 9226 9264 9084 8774 8364 7966 7606 7312 7144 7036 
7058 7118 7282 7450 7652 7882 8070 8188 8256 8282 8124 8010 7888 7828 7778 7746 7786 7888 7988 8080 8172 8170 8226 8278 8282 8256 8226 8218 8184 8170 8160 8168 8170 8246 8240 8236 8204 8204 8196 8196 8168 8180 8168 8188 8190 8212 8212 8270 8234 8250 8278 8220 8222 8208 8224 8178 8160 8178 8162 8144 8180 8184 8136 8124 8136 8092 8056 8030 8044 7992 7988 7986 7978 7950 7908 7904 7878 7840 7832 7774 7762 7774 7724 7724 7720 7656 7642 7620 7620 7586 7594 7588 7590 7598 7598 7606 7634 7666 7686 7686 
7690 7722 7722 7716 7754 7760 7774 7804 7856 7840 7874 7916 7910 7930 7956 7980 7994 7986 8000 8002 7992 8036 8008 8072 8030 8060 8096 8096 8106 8108 8064 8082 8074 8060 8092 8042 8068 8122 8078 8088 8078 8100 8110 8088 8070 8048 8076 8066 8056 8064 8088 8084 8124 8162 8134 8118 8168 8162 8174 8150 8102 8108 8132 8134 8112 8098 8104 8078 8020 8054 7990 7970 7966 7954 7914 7892 7886 7848 7846 7788 7736 7708 7694 7644 7624 7602 7604 7664 7678 7668 7646 7666 7646 7668 7640 7636 7608 7618 7634 7664 
7686 7746 7768 7758 7828 7836 7828 7846 7876 7856 7876 7898 7898 7912 7922 7946 7910 7958 7940 7934 7946 7988 7950 7958 7938 7972 7984 7986 7930 7930 7926 7894 7912 7874 7880 7850 7864 7850 7860 7852 7826 7804 7796 7800 7802 7836 7822 7844 7848 7836 7876 7888 7888 7880 7858 7896 7878 7894 7906 7912 7926 7952 7962 7972 7964 7984 8024 8008 7998 7970 7990 7992 7998 7976 8000 8006 7976 7978 7960 7956 7936 7930 7922 7934 7910 7892 7856 7810 7828 7838 7848 7842 7842 7784 7824 7808 7844 7820 7804 7784 
7806 7840 7824 7806 7824 7800 7836 7838 7862 7876 7872 7908 7904 7940 7926 7924 7916 7916 7924 7900 7918 7892 7940 8004 7990 7972 7930 7944 7888 7898 7878 7882 7854 7862 7892 7920 7872 7872 7884 7878 7860 7902 7900 7884 7906 7904 7878 7896 7894 7930 7914 7934 7896 7954 7906 7924 7916 7926 7912 7912 7930 7896 7932 7914 7926 7920 7908 7928 7962 7920 7916 7930 7908 7900 7900 7938 7920 7920 7922 7926 7928 7932 7922 7950 7926 7916 7924 7904 7906 7906 7926 7888 7898 7934 7912 7952 7918 7934 7954 7920 
7940 7922 7910 7880 7878 7872 7898 7902 7924 7950 7934 7926 7922 7936 7932 7872 7928 7892 7892 7898 7870 7946 7902 7898 7952 7940 7956 7922 7962 7900 7882 7876 7924 7906 7904 7912 7908 7902 7892 7908 7940 7936 7898 7924 7898 7892 7884 7912 7900 7912 7924 7890 7902 7928 7920 7932 7912 7894 7942 7922 7898 7916 7878 7942 7958 7926 7910 7920 7914 7914 7904 7886 7896 7906 7870 7904 7872 7894 7882 7912 7924 7930 7940 7884 7924 7882 7892 7898 7916 7928 7912 7910 7902 7908 7926 7896 7914 7888 7914 7912 
7892 7916 7896 7908 7872 7934 7914 7934 7894 7906 7878 7886 7924 7882 7894 7914 7912 7900 7938 7892 7930 7910 7926 7892 7924 7930 7900 7920 7904 7930 7938 7886 7926 7918 7954 7892 7912 7870 7910 7920 7892 7908 7852 7878 7902 7882 7926 7882 7876 7898 7900 7908 7912 7894 7932 7918 7934 7930 7926 7912 7952 7958 7918 7942 7902 7920 7922 7924 7890 7886 7886 7920 7922 7920 7886 7914 7932 7914 7916 7910 7950 7912 7898 7944 7892 7876 7870 7890 7856 7898 7930 7910 7884 7874 7922 7938 7904 7932 7926 7900 
7932 7942 7912 7924 7956 7926 7934 7920 7932 7914 7896 7872 7900 7930 7904 7936 7924 7910 7918 7932 7892 7910 7858 7884 7888 7860 7886 7932 7902 7918 7924 7878 7890 7894 7876 7914 7902 7886 7904 7918 7926 7916 7920 7908 7946 7934 7934 7930 7918 7910 7910 7952 7916 7888 7914 7902 7906 7922 7906 7902 7882 7906 7922 7952 7902 7880 7892 7896 7870 7892 7896 7896 7938 7886 7964 7950 7904 7908 7918 7884 7906 7890 7868 7880 7918 7904 7892 7902 7928 7894 7902 7946 7946 7936 7910 7932 7886 7890 7920 7874 
7912 7894 7920 7930 7888 7850 7906 7922 7920 7928 7892 7886 7896 7942 7910 7916 7928 7930 7902 7926 7888 7894 7906 7902 7896 7910 7910 7894 7892 7904 7872 7906 7902 7904 7900 7878 7888 7880 7890 7930 7942 7946 7920 7940 7922 7914 7864 7902 7900 7884 7930 7926 7910 7874 7894 7902 7854 7884 7908 7898 7886 7892 7896 7918 7926 7926 7902 7922 7906 7906 7874 7920 7958 7936 7982 7960 7956 7936 7938 7874 7860 7876 7874 7906 7928 7940 7926 7892 7912 7878 7908 7916 1636 1666 1664 1648 1632 1620 1630 1632 
1648 1640 1652 1620 1640 1692 1676 1676 1674 1654 1642 1618 1640 1628 1632 1670 1640 1616 1684 1692 1668 1630 1710 1676 1712 1682 1688 1676 1674 1688 1686 1642 1648 1676 1700 1706 1670 1668 1670 1646 1680 1646 1656 1726 1722 1676 1676 1622 1626 1786 1722 1700 1726 1736 1714 1604 1538 1580 1586 1546 1506 1554 1596 1598 1624 1706 1682 1672 1628 1592 1658 1700 1726 1680 1662 1628 1610 1562 1488 1354 1274 1226 1342 1470 1574 1684 1758 1588 2066 1828 1750 1826 1736 1518 1410 1502 1878 2128 2862 3906 
4726 5244 5660 5896 5960 6004 6060 6376 6924 7684 8548 9616 10982 12578 14050 15312 16402 17340 17876 18676 19046 18484 17716 17024 16456 16258 16030 15794 15508 15052 14528 14108 13560 12994 12332 11750 11228 10750 10274 9950 9660 9358 9184 8908 8670 8422 8282 8140 8068 7996 8010 8040 8110 8204 8364 8520 8726 8904 9068 9336 9570 9820 9976 10270 10450 10668 10682 10934 11026 10870 10660 10630 10430 10094 9748 9482 9274 9058 8866 8602 8282 7976 7644 7466 7234 7076 6966 6844 6740 6654 6664 6564 6518 6600 6682 6780 6970 7106 7242 7420 
7528 7574 7562 7582 7542 7550 7518 7514 7570 7654 7782 7920 8062 8216 8356 8516 8646 8764 8836 8850 8846 8824 8832 8784 8812 8790 8756 8796 8826 8812 8740 8728 8664 8662 8588 8544 8518 8450 8486 8440 8424 8390 8348 8326 8350 8326 8332 8322 8292 8266 8282 8310 8308 8288 8290 8306 8300 8318 8334 8324 8306 8332 8356 8404 8378 8378 8342 8328 8306 8300 8242 8234 8184 8164 8116 8084 8058 8004 7994 7956 7902 7888 7828 7784 7716 7710 7618 7568 7552 7516 7530 7490 7462 7462 7484 7444 7470 7456 7460 7476 
7500 7546 7582 7616 7654 7714 7764 7788 7824 7844 7856 7924 7930 7940 7996 7990 8016 8006 8056 8104 8134 8110 8154 8144 8124 8128 8128 8090 8090 8142 8136 8138 8134 8136 8152 8154 8110 8152 8104 8120 8080 8086 8124 8100 8106 8100 8102 8096 8064 8086 8072 8004 8028 8010 7994 7986 8026 8034 8038 8052 8010 8008 7994 7972 7938 7906 7928 7930 7898 7884 7876 7898 7884 7862 7856 7860 7886 7872 7866 7858 7852 7848 7822 7828 7840 7832 7860 7854 7878 7882 7864 7890 7884 7842 7834 7888 7892 7918 7888 7910 
7944 7948 7932 7924 7928 7906 7956 7964 7954 7936 7994 7976 7926 7980 8012 7980 7956 7976 7968 7986 7986 8016 8006 8042 7978 8008 7998 7998 7994 7994 7994 7952 7954 7958 7942 7954 7906 7986 7956 7978 7978 7944 7912 7906 7926 7922 7902 7960 7914 7910 7932 7938 7914 7916 7948 7930 7920 7926 7888 7902 7876 7890 7878 7868 7886 7886 7894 7894 7912 7918 7912 7874 7890 7912 7886 7900 7926 7958 7940 7892 7938 7930 7936 7928 7960 7980 7934 7992 8002 7998 8002 7984 7976 7974 7970 7896 7942 7916 7928 7918 
7916 7920 7936 7950 7914 7970 7920 7928 7928 7894 7934 7898 7924 7934 7946 7946 7926 7938 7928 7932 7904 7910 7938 7912 7936 7918 7930 7938 7908 7892 7930 7926 7938 7928 7922 7926 7932 7970 7942 7984 7934 7954 7978 7942 7930 7934 7934 7916 7934 7906 7916 7916 7896 7938 7934 7982 7956 7968 7972 7924 7936 7944 7920 7932 7908 7932 7942 7930 7940 7944 7948 7956 7926 7930 7928 7946 7906 7904 7914 7932 7916 7936 7934 7948 7940 7944 7936 7930 7946 7896 7896 7940 7938 7932 7970 7940 7954 7924 7932 7892 
7918 7902 7934 7952 7942 7964 7950 7912 7930 7954 7932 7934 7898 7922 7914 7890 7918 7934 7950 7944 7932 7952 7952 7962 7940 7908 7908 7938 7910 7914 7932 7912 7930 7916 7928 7932 7916 7928 7954 7938 7912 7934 7926 7920 7930 7950 7928 7926 7954 7948 7984 7960 7976 7952 7956 7948 7916 7942 7944 7916 7920 7934 7894 7946 7904 7954 7928 7962 7952 7934 7928 7938 7910 7922 7894 7896 7910 7936 7920 7958 7930 7904 7920 7940 7956 7926 7920 7934 7934 7918 7954 7946 7926 7900 7886 7902 7924 7936 7940 7950 
7958 7946 7950 7968 7926 7916 7900 7918 7914 7894 7934 7946 7918 7928 7922 7920 7976 7934 7936 7936 7924 7930 7908 7918 7916 7922 7936 7902 7948 7932 7938 7908 7924 7946 7950 7946 7954 7948 7954 7924 7936 7920 7928 7924 7872 7880 7904 7938 7928 7934 7962 7944 7956 7956 7946 7952 7938 7918 7928 7904 7938 7908 7944 7932 7938 7926 7918 7920 7920 7894 7918 7874 7912 7940 7946 7928 7982 7966 7958 7932 7942 7930 7934 7916 7960 7944 7926 7962 7932 7960 7982 7952 7956 7936 7936 7938 7954 7904 7946 7890 
7932 7910 7916 7940 7940 7912 7938 7936 7900 7898 7906 7908 7940 7944 7952 7946 7958 7930 7978 7980 7962 7944 7918 7910 7932 7916 7960 7954 7920 7936 7962 7942 7962 7910 7926 7918 7928 7934 7944 7982 7980 7968 8002 8036 7998 7982 8026 7966 7984 7938 7962 7954 7918 7924 7942 7942 7940 7918 7922 7922 7924 7920 7870 7882 7864 7894 7908 7912 7908 7902 7898 7892 7886 7898 7904 7928 7936 7868 7928 7928 7900 7920 7918 7944 7938 7952 7966 7978 7938 7956 7966 7964 7928 7920 7888 7902 7890 7912 7924 7970 
7958 7960 7976 7952 7956 7914 7918 7914 7896 7890 7954 7912 7902 7948 7926 7962 7976 7954 7920 7968 7942 7926 7964 7940 7952 7906 7936 7926 7916 7930 7950 7940 7932 7930 7942 7930 7932 7926 7926 7892 7906 7908 7890 7924 7908 7922 7898 7916 7922 7922 7974 7986 7962 7970 8014 7976 7978 7982 7924 7940 7922 7916 7928 7904 7890 7910 7928 7910 7926 7914 7938 7968 7902 7902 7928 7908 7888 7892 7906 7904 7928 7952 7950 7952 7958 7954 7972 7932 7966 7958 7944 1016 984 1008 1008 1008 1002 1052 1036 1034 
1046 1042 1022 990 1020 1030 1088 1034 1024 1020 1004 1036 998 998 992 1094 1066 982 1050 1012 1008 970 980 1006 936 934 952 962 942 876 886 910 892 906 842 848 648 644 714 740 942 846 770 1074 2422 612 1190 2068 1494 1060 1286 1494 1630 1822 2254 2616 3036 3340 3678 4256 4748 5004 5124 5256 5702 6346 7146 8158 9234 10316 11456 12516 13424 13896 14388 15028 15662 16560 17270 18106 19206 20344 21080 21470 21468 21202 20752 19922 18926 17958 16960 16190 15532 14882 14320 13588 12350 11864 10838 10020 
9314 8780 8432 8264 8048 7984 8252 8322 8204 8122 8228 8408 8692 9084 9668 10418 11162 12136 13276 14390 15336 15382 14984 14906 14980 14928 14724 14848 15282 15720 15860 15638 15208 14660 14014 13302 12580 11890 11278 10676 10136 9570 8984 8384 7754 7106 6498 5922 5410 4966 4526 4186 3894 3644 3418 3260 3198 3112 3124 3180 3240 3410 3602 3884 4228 4558 4916 5224 5714 6366 7026 7874 8572 9396 9986 10368 10642 10732 10654 10908 11124 11138 11392 11528 11498 11546 11578 11546 11338 11042 10656 10288 10026 9794 9596 9416 9326 9146 9016 8894 
8758 8680 8622 8608 8574 8534 8508 8492 8532 8556 8530 8522 8478 8540 8558 8500 8490 8482 8418 8388 8370 8302 8296 8228 8220 8206 8176 8108 8130 8128 8058 7996 7962 7902 7870 7830 7780 7698 7724 7670 7630 7572 7502 7400 7372 7340 7270 7240 7182 7182 7156 7182 7178 7222 7260 7250 7252 7304 7340 7384 7380 7384 7456 7474 7506 7576 7628 7658 7698 7742 7834 7846 7880 7950 7994 8070 8094 8120 8148 8156 8208 8178 8210 8200 8194 8184 8212 8184 8176 8166 8174 8144 8190 8192 8132 8124 8110 8082 8114 8078 
8084 8090 8108 8072 8088 8100 8078 8018 8022 8026 8052 8040 8004 7976 7964 7978 7962 7950 7952 7962 7940 7928 7930 7896 7882 7820 7830 7778 7774 7748 7770 7728 7710 7704 7692 7662 7594 7626 7626 7614 7630 7610 7608 7578 7612 7606 7580 7576 7588 7608 7626 7658 7630 7680 7692 7722 7738 7742 7754 7816 7798 7816 7874 7852 7874 7870 7880 7870 7846 7842 7850 7866 7898 7888 7896 7890 7868 7910 7884 7884 7868 7906 7868 7888 7852 7862 7836 7838 7826 7816 7808 7826 7830 7818 7792 7804 7782 7784 7800 7798 
7786 7748 7758 7760 7726 7764 7746 7764 7778 7802 7784 7802 7784 7770 7784 7782 7788 7766 7798 7790 7760 7820 7806 7766 7790 7810 7814 7800 7798 7826 7842 7856 7860 7824 7846 7860 7846 7880 7862 7884 7838 7850 7872 7858 7894 7868 7880 7890 7860 7830 7874 7874 7894 7894 7860 7862 7884 7850 7844 7816 7802 7824 7808 7834 7838 7808 7808 7840 7816 7842 7836 7834 7812 7808 7816 7786 7764 7796 7794 7808 7774 7820 7778 7790 7774 7802 7802 7776 7784 7810 7806 7834 7834 7836 7810 7822 7840 7828 7844 7824 
7830 7826 7790 7820 7780 7808 7844 7834 7840 7866 7848 7878 7874 7866 7854 7852 7844 7796 7808 7816 7804 7804 7838 7856 7874 7836 7822 7830 7786 7808 7772 7802 7798 7824 7786 7838 7818 7788 7814 7816 7848 7864 7820 7800 7822 7834 7830 7802 7832 7798 7816 7770 7800 7824 7806 7826 7858 7794 7824 7806 7790 7800 7824 7872 7824 7824 7804 7814 7834 7840 7836 7828 7796 7824 7856 7828 7816 7806 7820 7858 7852 7806 7824 7880 7842 7826 7832 7842 7832 7810 7780 7800 7780 7804 7772 7850 7828 7826 7848 7844 
7810 7808 7810 7802 7836 7824 7806 7828 7818 7780 7826 7826 7828 7814 7838 7808 7826 7828 7820 7796 7798 7794 7832 7800 7800 7830 7816 7802 7832 7834 7826 7768 7836 7828 7826 7820 7826 7820 7810 7810 7848 7832 7830 7816 7824 7840 7838 7820 7840 7856 7802 7852 7814 7814 7806 7780 7786 7786 7788 7770 7798 7818 7816 7814 7790 7784 7752 7810 7806 7832 7806 7796 7796 7858 7840 7824 7806 7852 7846 7832 7826 7836 7816 7816 7804 7766 7816 7822 7824 7806 7800 7840 7816 7826 7786 7810 7792 7808 7824 7780 
7794 7820 7812 7810 7804 7788 7772 7826 7796 7822 7822 7808 7830 7814 7834 7828 7830 7842 7830 7838 7792 7796 7788 7772 7824 7834 7826 7794 7818 7814 7800 7788 7818 7836 7800 7786 7836 7788 7808 7836 7794 7788 7844 7850 7844 7800 7814 7798 7822 7816 7826 7784 7814 7850 7826 7822 7838 7814 7800 7806 7802 7808 7830 7810 7798 7822 7832 7806 7808 7808 7814 7794 7802 7814 7804 7816 7828 7828 7834 7810 7824 7822 7814 7802 7818 7768 7780 7790 7812 7790 7794 7790 7834 7816 7798 7790 7802 7812 7792 7812 
7802 7794 7810 7842 7818 7844 7838 7808 7816 7830 7800 7824 7794 7782 7794 7820 7846 7806 7780 7810 7824 7782 7810 7792 7830 7806 7798 7812 7832 7840 7824 7786 7808 7806 7784 7784 7814 7802 7802 7832 7800 7818 7800 7806 7798 7804 7818 7808 7824 7816 7840 7832 7812 7828 7818 7810 7828 7794 7814 7794 7758 7774 7828 7794 7804 7854 7840 7834 7794 7794 7802 7802 7792 7798 7808 7798 7812 7812 7822 7820 7844 7860 7788 7806 7786 7848 7800 7824 7814 7794 7808 7784 7814 7808 7840 7834 7788 7790 7798 7854 
7836 7804 7830 7830 7854 7816 7804 7814 7806 7802 7786 7806 7792 7832 7842 7830 7808 7818 7824 7818 7816 7792 7762 7798 7826 7838 7866 7856 7838 7820 7824 7810 7786 7794 7800 7760 7776 7760 7802 7798 7824 7804 7834 7860 7784 7812 7804 7794 7800 7816 7786 7820 7788 7786 7824 7796 7806 7820 7826 7842 7844 7818 7816 7826 7852 7816 7790 7818 7802 7804 7800 7790 7838 7822 7792 7806 7802 7812 7804 7822 7802 7792 7794 7800 7804 7810 7794 7832 7814 7816 1040 1104 1088 1044 1060 1022 1042 1056 1052 1062 
1080 1062 1080 1070 1098 1102 1082 1034 1010 996 1034 1020 1000 1046 1046 1022 1066 1050 1092 1054 1060 1088 1048 1084 1088 1052 1082 1074 1068 1042 1070 1064 1054 1004 1088 1060 1096 1022 1010 1030 976 1010 994 1008 992 1016 960 966 970 914 872 806 700 720 556 780 624 752 622 826 1058 1032 746 804 860 1122 1364 2192 2846 3410 3864 4562 5268 5852 6302 6784 7340 8254 9610 10922 11998 12746 13290 13800 14466 15070 15882 16666 17598 18602 19434 20140 20620 20910 20930 20596 20018 19206 18372 17636 
16978 16434 15828 15054 14336 13510 12402 11682 10582 9902 9372 8982 8684 8384 8240 8216 8242 8290 8398 8352 8402 8582 8822 9112 9466 10038 11222 12244 13370 14082 13930 13996 13488 13780 13830 13802 13802 13508 13130 12554 11820 11198 10138 8908 7850 7330 7032 7048 7204 7130 6816 6442 6248 6048 5840 5566 5370 5398 5510 5686 5878 6106 6314 6508 6628 6732 6852 6938 6996 7112 7232 7278 7414 7544 7712 7902 8132 8282 8464 8648 8788 8936 9094 9178 9220 9266 9302 9338 9384 9378 9396 9428 9378 9316 9324 9216 9182 9104 9072 9014 
8922 8888 8788 8724 8610 8566 8476 8444 8408 8380 8358 8330 8278 8324 8330 8364 8396 8438 8482 8532 8556 8562 8572 8592 8660 8682 8748 8788 8854 8890 8930 8900 8880 8894 8852 8786 8764 8720 8678 8620 8560 8486 8410 8286 8220 8150 8026 7912 7772 7640 7532 7468 7378 7230 7180 7068 6962 6886 6808 6756 6702 6650 6624 6672 6634 6630 6748 6772 6798 6840 6944 7000 7056 7168 7244 7336 7388 7480 7600 7704 7810 7898 7970 8032 8138 8190 8268 8310 8350 8406 8452 8514 8572 8554 8592 8628 8660 8636 8666 8648 
8578 8578 8536 8504 8472 8404 8412 8368 8374 8328 8282 8284 8272 8260 8240 8250 8272 8262 8282 8270 8228 8298 8308 8312 8284 8248 8210 8220 8202 8236 8268 8266 8276 8348 8326 8326 8272 8202 8152 8076 8040 8014 7974 7956 7892 7866 7838 7802 7754 7736 7612 7606 7520 7486 7460 7418 7376 7368 7334 7314 7282 7294 7244 7220 7260 7248 7252 7244 7298 7296 7336 7390 7420 7426 7492 7504 7542 7566 7610 7678 7710 7798 7830 7884 7944 7970 8004 8006 8106 8082 8066 8052 8072 8110 8098 8120 8108 8140 8088 8136 
8092 8094 8062 8062 8026 8058 8056 8076 8042 8050 8024 8008 8012 8028 7986 7998 7968 7974 7938 7936 7884 7938 7922 7928 7916 7902 7900 7874 7892 7870 7862 7844 7828 7842 7822 7796 7780 7796 7786 7800 7772 7736 7764 7728 7730 7722 7694 7674 7680 7688 7656 7690 7662 7654 7636 7654 7640 7632 7650 7660 7674 7660 7664 7658 7700 7684 7660 7688 7714 7736 7770 7778 7774 7786 7748 7786 7810 7800 7790 7798 7830 7846 7850 7868 7862 7874 7846 7848 7890 7924 7874 7906 7882 7858 7840 7874 7884 7876 7908 7918 
7924 7880 7862 7854 7870 7822 7864 7862 7848 7850 7872 7834 7818 7848 7854 7856 7834 7806 7814 7822 7800 7772 7802 7800 7776 7768 7792 7794 7796 7780 7760 7782 7764 7750 7770 7726 7748 7768 7728 7752 7726 7732 7776 7750 7750 7740 7738 7714 7740 7740 7780 7746 7740 7800 7756 7808 7786 7844 7826 7816 7822 7814 7832 7810 7826 7834 7800 7836 7830 7834 7820 7830 7828 7856 7834 7812 7860 7834 7838 7816 7832 7804 7820 7802 7784 7818 7826 7802 7812 7794 7774 7756 7764 7756 7780 7754 7778 7752 7784 7780 
7790 7806 7780 7754 7756 7748 7748 7750 7762 7758 7732 7770 7782 7836 7790 7804 7800 7832 7806 7772 7786 7812 7804 7822 7834 7864 7840 7824 7858 7866 7814 7820 7792 7794 7784 7776 7766 7772 7772 7784 7780 7788 7776 7782 7792 7756 7730 7734 7752 7752 7772 7736 7770 7782 7794 7792 7820 7794 7804 7790 7790 7780 7798 7782 7802 7782 7824 7804 7792 7788 7794 7802 7810 7790 7758 7768 7784 7818 7764 7778 7770 7810 7786 7786 7790 7796 7770 7744 7802 7782 7772 7794 7804 7828 7786 7778 7744 7778 7812 7798 
7824 7772 7790 7776 7800 7798 7792 7810 7796 7776 7786 7792 7754 7758 7786 7786 7784 7816 7798 7806 7796 7778 7798 7796 7784 7780 7756 7788 7788 7770 7760 7776 7814 7780 7814 7774 7786 7780 7772 7780 7744 7780 7762 7764 7746 7764 7784 7802 7768 7782 7802 7800 7788 7770 7794 7774 7764 7800 7752 7790 7792 7782 7790 7794 7778 7814 7782 7780 7790 7778 7806 7766 7800 7796 7792 7784 7764 7766 7770 7740 7728 7768 7776 7794 7832 7812 7784 7792 7814 7820 7786 7772 7792 7780 7754 7778 7742 7774 7800 7786 
7764 7796 7796 7774 7796 7772 7782 7778 7806 7812 7770 7762 7772 7770 7796 7810 7778 7798 7798 7766 7754 7776 7752 7786 7786 7770 7770 7768 7802 7778 7752 7778 7788 7738 7794 7760 7800 7752 7760 7790 7760 7744 7772 7814 7770 7792 7772 7776 7744 7806 7778 7792 7830 7760 7770 7742 7790 7772 7784 7762 7780 7802 7774 7790 7792 7792 7796 7772 7814 7764 7772 7790 7776 7752 7748 7760 7752 7756 7806 7792 7786 7802 7782 7774 7780 7756 7732 7756 7768 7792 7762 7776 7778 7806 7780 7772 7810 7816 7788 7772 
7772 7768 7772 7790 7776 7750 7778 7762 7772 7784 7800 7796 7790 7774 7804 7780 7766 7758 7752 7742 7762 7772 7784 7774 7766 7794 7804 7796 7804 7800 7802 7806 7754 7762 7784 7768 7812 7822 7792 7794 7752 7748 7796 7764 7762 7748 7752 7780 7766 7794 7764 7738 7772 7766 7758 7792 7798 7750 7776 7800 7772 7774 7796 7760 7798 7774 7772 7772 7778 7814 7810 7822 7766 7766 7766 7770 7778 7730 7760 7770 7784 7776 7810 7778 7794 7770 7756 7766 7782 1188 1166 1138 1172 1162 1160 1126 1116 1160 1164 1164 
1134 1140 1104 1134 1136 1144 1192 1154 1210 1194 1170 1208 1172 1156 1168 1168 1080 1102 1116 1104 1108 1142 1158 1136 1150 1162 1132 1122 1176 1156 1130 1152 1084 1078 1118 1074 1070 1130 1096 1148 1120 1102 1114 1112 1170 1176 1188 1184 1190 1170 1198 1172 1200 1164 1186 1192 1244 1208 1206 1234 1208 1154 1108 1144 1124 1180 1148 1212 1152 1136 1156 1146 1086 1114 1080 1114 1120 1100 1050 1094 1092 1118 1156 1178 1130 1182 1086 1132 1060 1092 1176 1144 1124 1044 1124 1066 1036 954 980 910 
906 866 880 1060 1010 966 938 976 974 1208 1316 1240 1288 1320 1568 2182 2852 3534 4212 4914 5392 5694 5882 6210 6712 7586 8618 9748 11014 12138 13104 13788 14370 14792 15266 15930 16674 17528 18372 19090 19532 19614 19416 19154 18818 18356 17796 17302 16752 16084 15466 15052 14460 13700 12822 11548 10922 10034 9342 8940 8886 8912 8864 8694 8462 8298 8096 8110 7996 8012 8238 8612 9222 9874 10490 11000 11270 11896 12344 12842 12340 12472 12344 11944 11854 11544 11218 10706 9982 9082 8206 7476 7022 6768 6650 6484 6340 6184 6028 5952 
5870 5812 5828 5914 5976 6042 6134 6232 6350 6518 6750 7000 7284 7496 7728 7938 8192 8476 8756 8936 8994 9062 8952 8774 8576 8428 8312 8218 8242 8286 8376 8516 8596 8678 8652 8642 8590 8470 8392 8314 8246 8204 8192 8220 8196 8240 8274 8300 8300 8334 8322 8274 8284 8272 8246 8236 8374 8166 8240 8190 8226 8240 8282 8292 8268 8338 8280 8288 8308 8288 8254 8248 8206 8212 8188 8188 8150 8154 8146 8108 8078 8056 7982 7922 7878 7828 7758 7718 7688 7574 7572 7540 7498 7450 7410 7416 7366 7308 7328 7290 
7268 7248 7240 7240 7238 7266 7294 7284 7362 7386 7452 7468 7500 7554 7556 7600 7628 7682 7682 7714 7780 7814 7880 7922 7938 7970 8042 8006 8022 8062 8092 8108 8102 8130 8120 8176 8156 8162 8192 8136 8132 8124 8130 8128 8082 8100 8094 8114 8068 8102 8108 8096 8108 8114 8030 8112 8048 8086 8080 8054 8018 8050 8044 8016 8042 8052 7992 7976 7968 7944 7962 7960 7962 7962 7946 7924 7950 7882 7888 7864 7798 7806 7818 7802 7752 7762 7752 7774 7780 7700 7732 7706 7678 7632 7638 7596 7616 7622 7610 7608 
7610 7630 7622 7636 7612 7622 7632 7620 7640 7640 7674 7670 7708 7728 7734 7742 7784 7790 7808 7820 7778 7828 7814 7830 7824 7882 7844 7884 7868 7882 7864 7868 7916 7868 7932 7896 7938 7948 7908 7956 7952 7942 7954 7956 7948 7952 7936 7942 7932 7948 7908 7964 7940 7960 7964 7960 7960 7948 7928 7892 7856 7884 7870 7872 7866 7860 7910 7886 7902 7874 7854 7826 7822 7804 7780 7808 7818 7814 7798 7762 7848 7802 7834 7784 7756 7752 7724 7728 7728 7758 7704 7764 7734 7726 7754 7708 7730 7750 7762 7768 
7754 7748 7768 7764 7798 7758 7728 7778 7740 7758 7754 7778 7762 7786 7832 7830 7856 7862 7872 7860 7826 7852 7850 7842 7836 7854 7856 7854 7832 7830 7870 7852 7846 7860 7870 7862 7846 7884 7870 7894 7848 7830 7828 7832 7830 7810 7818 7830 7828 7822 7824 7828 7840 7804 7806 7794 7820 7842 7818 7770 7794 7736 7758 7740 7774 7796 7810 7824 7824 7814 7790 7812 7814 7784 7772 7786 7788 7754 7786 7796 7790 7808 7824 7844 7840 7788 7782 7776 7816 7804 7834 7818 7822 7808 7822 7832 7820 7810 7824 7834 
7838 7824 7792 7784 7834 7814 7810 7806 7818 7778 7802 7816 7804 7808 7802 7814 7770 7798 7788 7804 7800 7802 7826 7808 7778 7786 7768 7774 7760 7798 7812 7826 7812 7834 7854 7852 7796 7862 7814 7804 7792 7768 7784 7788 7814 7832 7808 7850 7842 7834 7854 7846 7808 7820 7790 7802 7786 7836 7790 7808 7788 7812 7832 7858 7824 7834 7824 7792 7786 7764 7776 7782 7800 7796 7808 7804 7808 7846 7830 7818 7804 7792 7782 7772 7770 7754 7750 7782 7762 7832 7844 7874 7852 7852 7816 7796 7784 7776 7806 7822 
7812 7844 7844 7830 7840 7838 7852 7832 7822 7782 7780 7764 7744 7748 7796 7764 7792 7778 7826 7832 7820 7796 7782 7814 7796 7790 7798 7790 7766 7808 7798 7834 7844 7848 7804 7850 7804 7818 7806 7836 7796 7794 7796 7818 7830 7804 7810 7840 7824 7856 7798 7818 7828 7794 7828 7808 7798 7814 7796 7786 7818 7798 7786 7774 7798 7798 7764 7768 7796 7822 7854 7832 7858 7846 7854 7820 7830 7810 7806 7834 7816 7830 7806 7806 7812 7832 7778 7800 7810 7802 7790 7798 7826 7800 7820 7800 7784 7774 7756 7820 
7806 7794 7792 7776 7810 7786 7830 7794 7784 7824 7822 7798 7776 7798 7820 7806 7814 7826 7846 7822 7824 7772 7808 7834 7790 7802 7818 7824 7790 7822 7798 7812 7808 7794 7812 7822 7818 7808 7818 7796 7822 7752 7812 7794 7820 7826 7824 7858 7836 7814 7806 7820 7832 7808 7784 7784 7786 7790 7824 7810 7856 7840 7822 7808 7832 7786 7826 7784 7798 7794 7768 7790 7788 7792 7794 7824 7826 7814 7820 7834 7816 7800 7826 7808 7806 7792 7804 7790 7776 7782 7822 7796 7842 7816 7818 7818 7828 7800 7822 7792 
7780 7804 7816 7804 7828 7794 7830 7816 7790 7800 7794 7818 7816 7814 7802 7810 7796 7802 7756 7766 7808 7832 7844 7798 7838 7838 7840 7824 7808 7788 7768 7788 7802 7786 7790 7782 7796 7828 7828 7814 7834 7816 7810 7786 7814 7822 7804 7804 7834 7808 7802 7804 7790 7792 7800 7786 7804 7806 7810 7824 7790 7794 7792 7808 7806 7808 7822 7806 7790 7822 7808 7794 7820 7816 7792 7806 7788 7802 7790 7832 7810 7806 7844 7842 7824 7814 7836 7794 1276 1276 1268 1288 1230 1316 1202 1214 1246 1174 1172 1256 
1178 1182 1230 1224 1202 1228 1294 1284 1322 1318 1302 1266 1246 1230 1236 1250 1204 1216 1234 1254 1270 1240 1184 1176 1224 1242 1256 1262 1238 1262 1196 1152 1152 1196 1120 1098 1136 1150 1152 1178 1170 1254 1216 1248 1244 1242 1170 1138 1184 1204 1202 1202 1222 1204 1184 1208 1188 1170 1192 1168 1132 1108 1042 936 844 768 882 1010 1054 1126 964 1142 1640 1354 1502 1690 1470 1198 1188 1230 1292 1448 1824 2350 2906 3390 3928 4358 4914 5392 5832 6174 6526 7130 7934 8998 10130 11176 11990 12754 
13534 14300 15192 16014 16836 17650 18218 18586 18836 19134 19568 19964 19936 19162 18000 16896 15992 15146 14232 13170 12922 12302 11820 11360 10818 10200 9628 9130 8622 8226 7922 7850 7948 8212 8356 8464 8618 8852 9030 9148 9422 9742 10014 10252 10460 10794 11210 11570 11436 11362 11406 10966 10522 10266 9820 9352 8812 8344 8012 7554 7090 6694 6444 6294 6336 6414 6468 6396 6406 6342 6364 6376 6344 6370 6358 6474 6574 6752 6962 7234 7466 7770 8122 8436 8754 8918 8994 8862 8668 8528 8326 8156 8028 7902 7928 7946 7984 8102 8168 8290 
8356 8368 8398 8364 8324 8306 8228 8186 8166 8128 8112 8156 8152 8180 8204 8244 8244 8264 8200 8186 8182 8158 8106 8128 8136 8136 8146 8144 8162 8204 8164 8156 8196 8152 8162 8142 8142 8116 8108 8114 8064 8056 8036 7998 8014 7956 7918 7936 7896 7882 7872 7876 7814 7770 7772 7704 7700 7648 7592 7590 7548 7498 7536 7472 7504 7470 7470 7478 7464 7488 7462 7482 7514 7484 7514 7484 7498 7524 7548 7574 7588 7644 7660 7658 7714 7756 7754 7802 7822 7870 7872 7926 7912 7952 7970 8000 7986 7956 7970 7996 
8002 8038 8000 8006 8030 8018 7992 7990 7988 8004 7978 7964 7984 8012 7976 8000 8000 8022 7978 7954 7986 7996 7988 7990 7970 7994 7968 7988 7924 7934 7878 7854 7866 7888 7938 7880 7908 7892 7898 7864 7850 7828 7832 7786 7812 7802 7816 7732 7770 7738 7772 7760 7744 7750 7750 7716 7684 7698 7700 7720 7724 7714 7726 7716 7732 7738 7752 7732 7734 7722 7736 7714 7714 7702 7768 7774 7766 7826 7768 7794 7818 7820 7830 7834 7804 7814 7796 7850 7842 7836 7844 7838 7834 7862 7834 7834 7840 7820 7830 7808 
7806 7844 7864 7858 7880 7952 7958 7954 7922 7906 7896 7882 7852 7870 7860 7830 7848 7826 7816 7816 7884 7842 7832 7802 7856 7804 7824 7854 7822 7834 7780 7816 7742 7730 7744 7746 7796 7772 7800 7842 7808 7794 7826 7810 7784 7796 7772 7804 7778 7786 7806 7796 7818 7810 7778 7812 7806 7796 7792 7774 7768 7798 7802 7776 7806 7828 7852 7834 7864 7842 7842 7786 7868 7848 7822 7860 7846 7838 7874 7872 7844 7846 7854 7840 7828 7812 7820 7808 7796 7810 7830 7822 7808 7800 7808 7800 7804 7778 7810 7832 
7806 7814 7824 7782 7826 7824 7816 7820 7814 7796 7780 7800 7776 7812 7796 7810 7790 7794 7816 7792 7810 7838 7832 7852 7816 7814 7856 7816 7830 7806 7836 7842 7802 7858 7812 7824 7806 7822 7832 7832 7836 7826 7844 7812 7822 7820 7804 7820 7830 7798 7820 7818 7806 7802 7802 7802 7808 7834 7804 7770 7806 7784 7756 7806 7774 7822 7836 7812 7806 7814 7826 7812 7856 7838 7836 7868 7856 7872 7870 7836 7838 7832 7802 7776 7792 7760 7768 7806 7790 7806 7800 7830 7818 7812 7800 7844 7830 7854 7880 7842 
7876 7846 7834 7842 7784 7760 7802 7780 7834 7838 7868 7830 7872 7812 7820 7804 7818 7800 7798 7758 7810 7784 7790 7812 7812 7822 7860 7832 7828 7832 7832 7842 7794 7804 7808 7790 7770 7834 7774 7818 7862 7834 7852 7836 7844 7834 7800 7800 7772 7780 7794 7816 7808 7792 7840 7790 7830 7812 7834 7820 7808 7826 7810 7844 7836 7848 7828 7794 7810 7768 7780 7776 7810 7846 7836 7852 7850 7838 7830 7838 7768 7788 7788 7816 7812 7828 7794 7804 7838 7798 7822 7816 7810 7822 7838 7810 7786 7776 7820 7754 
7850 7834 7852 7834 7812 7790 7776 7742 7746 7804 7808 7834 7858 7864 7848 7816 7796 7836 7822 7808 7850 7806 7786 7856 7814 7798 7848 7810 7774 7784 7784 7808 7792 7776 7826 7840 7844 7868 7854 7864 7834 7842 7820 7762 7802 7822 7792 7798 7776 7778 7818 7820 7822 7802 7808 7788 7790 7812 7828 7814 7836 7846 7846 7848 7866 7846 7818 7812 7816 7796 7772 7824 7812 7786 7828 7822 7808 7790 7800 7834 7804 7806 7798 7786 7800 7816 7792 7818 7804 7794 7816 7808 7810 7802 7790 7842 7820 7854 7836 7824 
7806 7798 7780 7800 7784 7818 7794 7818 7844 7850 7848 7860 7794 7826 7788 7802 7816 7830 7794 7800 7862 7814 7794 7822 7844 7812 7792 7826 7812 7830 7806 7814 7802 7836 7824 7850 7788 7788 7816 7786 7806 7786 7784 7786 7796 7782 7806 7810 7824 7840 7870 7844 7830 7814 7778 7770 7760 7770 7804 7828 7852 7836 7848 7866 7832 7840 7812 7800 7784 7804 7786 7780 7772 7806 7788 7784 7816 7796 7792 7824 7822 7822 7816 7846 7806 7824 7832 7794 7800 7800 7788 7820 7794 7806 7808 7786 7806 7820 7790 7820 
7838 7822 7834 7812 7826 7806 7840 7786 7822 7804 7818 7808 7822 7826 7856 7804 7844 7828 7774 7760 7748 7754 7788 7824 7834 7870 7850 7834 7858 7804 7822 7818 7804 7786 7814 7782 7816 7800 7830 7792 7798 7816 7792 7834 7782 7810 7828 7784 7796 7842 7816 7832 7866 7842 7854 7836 7826 7840 7832 7824 7784 7802 7806 7806 7778 7794 7776 7824 7822 7848 7810 7808 7794 7796 7782 7814 7786 7834 7792 7814 7850 7814 7828 7832 7852 7790 7824 1354 1356 1404 1312 1362 1344 1432 1428 1350 1370 1354 1328 1334 
1316 1330 1282 1322 1310 1318 1304 1356 1336 1272 1240 1190 1218 1202 1108 1044 956 982 1100 1160 1230 1468 1210 1122 1674 1382 944 932 982 920 1218 2014 2622 3210 3748 4320 4888 5464 5996 6512 7130 7802 8726 9746 10872 11936 12872 13674 14514 15242 15934 16588 17292 18032 18950 19944 20548 20454 19766 18752 17782 16976 16296 15656 15148 14502 14080 13430 12818 12310 11784 11180 10488 9854 9312 8876 8546 8244 8068 8074 8186 8296 8368 8482 8592 8632 8996 9372 9736 10080 10340 10348 10322 10216 10462 9924 9866 10018 10092 9996 
9806 9498 9142 8628 8128 7656 7194 6860 6718 6576 6494 6420 6422 6522 6632 6862 7064 7186 7256 7350 7414 7526 7546 7562 7586 7610 7632 7668 7780 7954 8116 8304 8280 8218 8098 7884 7762 7580 7486 7450 7480 7574 7658 7790 7882 7986 8012 8076 8094 8066 8038 8014 8004 8012 8054 8072 8114 8174 8148 8172 8186 8184 8124 8134 8120 8086 8120 8120 8140 8114 8154 8144 8136 8128 8128 8138 8100 8088 8104 8068 8052 8074 8020 8020 8022 8010 8028 8016 7994 7986 7974 7978 7938 7932 7932 7938 7896 7880 7884 7856 
7850 7860 7852 7794 7824 7822 7786 7774 7734 7732 7726 7708 7670 7660 7676 7664 7638 7654 7662 7622 7614 7608 7608 7632 7636 7612 7650 7612 7612 7644 7644 7640 7654 7644 7694 7718 7712 7740 7768 7768 7782 7776 7796 7782 7826 7820 7840 7862 7854 7842 7862 7890 7890 7902 7890 7936 7916 7896 7898 7896 7918 7950 7942 7904 7936 7936 7938 7964 7964 7964 7978 7998 8002 7948 7992 8010 8052 8066 8070 8090 8114 8112 8100 8108 8122 8068 8090 8086 8068 8048 8034 7998 8010 8036 7990 7984 7986 7948 7894 7846 
7836 7766 7730 7708 7708 7626 7618 7596 7610 7576 7496 7492 7484 7458 7440 7418 7358 7376 7364 7354 7358 7372 7420 7428 7456 7472 7542 7488 7518 7556 7624 7610 7690 7684 7714 7772 7796 7808 7824 7846 7900 7884 7914 7932 7944 7930 7986 8020 8014 8034 8028 8060 8070 8104 8088 8082 8100 8086 8080 8076 8038 8078 8050 8108 8068 8058 8082 8068 8056 8034 8058 8026 8036 8032 8022 8016 8036 8028 8012 8024 8020 7984 8022 7980 7968 8002 7958 7958 7982 7970 7932 7928 7926 7908 7912 7876 7854 7860 7850 7820 
7814 7776 7774 7738 7754 7724 7696 7692 7712 7656 7686 7636 7620 7640 7606 7572 7592 7616 7562 7600 7608 7636 7606 7628 7642 7636 7642 7692 7680 7706 7762 7756 7770 7764 7776 7788 7820 7822 7862 7900 7896 7894 7870 7910 7902 7894 7940 7888 8002 7952 7968 7970 7962 7954 7944 7962 7904 7886 7886 7908 7876 7858 7906 7888 7882 7880 7866 7862 7878 7806 7828 7802 7796 7780 7752 7786 7794 7782 7804 7820 7788 7792 7784 7790 7774 7756 7774 7780 7758 7768 7802 7750 7802 7802 7792 7802 7806 7800 7792 7868 
7804 7814 7834 7796 7820 7836 7848 7874 7832 7870 7862 7848 7852 7838 7872 7876 7872 7850 7882 7878 7884 7872 7822 7864 7826 7820 7876 7854 7836 7810 7804 7816 7782 7818 7818 7792 7816 7806 7754 7782 7810 7788 7782 7798 7796 7808 7818 7810 7818 7816 7820 7814 7822 7802 7836 7824 7860 7822 7828 7850 7814 7816 7874 7838 7828 7818 7868 7844 7826 7854 7852 7834 7836 7842 7848 7850 7850 7826 7860 7806 7824 7864 7828 7828 7838 7810 7802 7798 7808 7828 7820 7820 7796 7798 7798 7806 7790 7776 7790 7808 
7800 7818 7868 7870 7850 7838 7870 7830 7810 7800 7792 7832 7824 7824 7820 7838 7792 7846 7870 7868 7880 7844 7836 7838 7836 7830 7836 7822 7838 7834 7828 7814 7834 7818 7818 7818 7818 7850 7826 7818 7814 7832 7800 7798 7806 7806 7800 7842 7862 7820 7872 7812 7834 7826 7836 7820 7802 7790 7804 7842 7838 7856 7850 7850 7848 7894 7818 7848 7794 7814 7822 7806 7832 7848 7868 7854 7864 7800 7840 7834 7802 7812 7786 7806 7802 7798 7800 7804 7820 7830 7796 7820 7846 7828 7828 7844 7850 7852 7852 7828 
7864 7824 7810 7830 7810 7822 7834 7822 7842 7840 7848 7840 7828 7798 7830 7822 7846 7794 7846 7814 7854 7862 7846 7860 7848 7838 7796 7830 7864 7856 7810 7832 7822 7856 7860 7832 7856 7804 7798 7804 7842 7800 7832 7850 7846 7864 7846 7848 7836 7830 7822 7792 7820 7806 7790 7810 7822 7806 7848 7820 7828 7852 7856 7792 7838 7816 7784 7818 7784 7786 7788 7808 7812 7818 7844 7802 7830 7786 7836 7838 7844 7832 7836 7800 7854 7832 7816 7808 7838 7848 7818 7854 7848 7866 7852 7884 7854 7862 7854 7852 
7812 7826 7800 7826 7826 7852 7822 7832 7806 7846 7796 7802 7834 7812 7826 7826 7832 7824 7836 7832 7796 7794 7806 7800 7786 7806 7830 7814 7820 7778 7814 7846 7828 7822 7838 7842 7858 7846 7808 7834 7836 7808 7828 7836 7826 7834 7856 7814 7862 7838 7808 7816 7802 7786 7758 7798 7800 7778 7806 7812 7848 7840 7840 7818 7818 7820 7842 7838 7818 7848 7836 7858 7864 7874 7868 7864 7794 7802 7794 7780 7844 7828 7850 7866 7850 7836 7832 7806 7818 7798 7820 7804 7790 7818 7816 7842 7830 7818 7812 7808 
7796 7818 7808 7838 7840 7830 7834 7816 7820 7824 7808 7834 7824 7814 7800 7834 7832 7830 7842 7856 7858 7876 7824 7844 7836 7828 7806 7848 7796 7856 7828 7832 7820 7788 7818 7820 7780 7800 7830 7828 7802 7822 7826 7836 7798 7794 7838 7794 7818 7818 7858 7844 7840 7872 7836 7824 7844 7844 7838 7808 7810 7822 7824 7788 7818 7828 7830 7844 7794 7816 7826 7816 7820 7798 7796 7804 7808 7862 7822 7806 7804 7808 7822 7854 7834 7820 1340 1348 1386 1364 1338 1360 1350 1378 1316 1288 1316 1312 1268 1282 
1350 1300 1274 1252 1324 1342 1326 1300 1368 1318 1330 1304 1258 1310 1290 1334 1350 1290 1282 1376 1340 1350 1334 1302 1300 1272 1278 1324 1332 1328 1314 1384 1390 1328 1320 1332 1280 1304 1294 1312 1364 1374 1324 1318 1328 1294 1344 1362 1332 1300 1318 1340 1356 1358 1322 1288 1296 1314 1356 1342 1302 1284 1270 1300 1322 1284 1292 1320 1286 1356 1308 1336 1322 1340 1364 1380 1380 1386 1266 1326 1324 1310 1282 1268 1256 1306 1224 1202 1176 1088 1070 910 1038 1114 1126 1096 1142 1128 1436 1450 
1380 1174 796 728 968 1000 1784 2554 3122 3584 4124 4694 5346 5864 6330 6778 7372 8064 9044 10172 11384 12468 13310 13978 14802 15470 16544 17574 18200 18674 18800 18622 18296 17894 17592 17402 17090 16618 16180 15498 14890 14296 13568 12972 12410 11880 11470 11092 10640 10184 9634 9176 8882 8666 8606 8508 8396 8256 8124 8110 8192 8344 8630 9020 9334 9584 9810 9926 9910 9916 9682 9378 9622 9672 9508 9176 8728 8340 8004 7646 7256 6878 6512 6192 5988 5892 5878 5874 5842 5794 5838 5912 6230 6624 6918 7200 7402 7534 7580 7648 
7716 7774 7828 8030 8182 8260 8336 8400 8366 8474 8512 8614 8632 8568 8534 8472 8308 8132 8028 7958 8024 8020 7986 7948 7968 7950 7942 7942 7998 8040 8112 8118 8106 8046 8014 8024 8062 8076 8076 8072 8088 8010 7976 7956 7940 7988 7934 7900 7912 7906 7872 7868 7848 7862 7868 7942 8010 8006 7986 7942 7862 7804 7772 7746 7674 7638 7602 7662 7696 7732 7702 7702 7750 7730 7780 7748 7692 7666 7654 7616 7598 7622 7602 7634 7690 7744 7818 7898 7950 7934 7952 7932 7918 7850 7848 7842 7814 7842 7860 7866 
7854 7908 7910 7984 8020 8034 8044 8058 8032 8016 8008 7940 7926 7918 7928 7892 7902 7964 8022 8030 8086 8118 8116 8084 8024 7982 7934 7902 7860 7850 7864 7900 7942 7928 8002 7958 7950 7928 7922 7884 7852 7824 7828 7802 7832 7826 7804 7848 7796 7824 7838 7786 7794 7792 7792 7746 7770 7754 7770 7746 7754 7766 7776 7752 7760 7786 7774 7836 7880 7926 7940 7990 8008 7946 7906 7892 7840 7832 7820 7828 7866 7880 7936 7946 7980 7984 7990 7958 7924 7896 7888 7872 7890 7908 7878 7936 7948 7884 7918 7900 
7924 7910 7906 7892 7850 7884 7840 7900 7916 7852 7866 7862 7844 7840 7864 7878 7830 7820 7826 7818 7810 7836 7842 7868 7866 7848 7868 7868 7848 7868 7850 7860 7888 7872 7902 7932 7906 7922 7936 7896 7904 7870 7868 7886 7866 7860 7872 7906 7888 7900 7926 7916 7916 7914 7922 7908 7864 7858 7862 7828 7864 7848 7856 7884 7904 7906 7894 7896 7878 7882 7844 7874 7836 7824 7870 7826 7836 7872 7880 7870 7860 7876 7832 7822 7838 7836 7850 7898 7926 7968 8000 8042 7972 7924 7924 7872 7850 7842 7842 7854 
7858 7882 7896 7894 7900 7890 7882 7852 7882 7816 7824 7824 7854 7864 7884 7916 7928 7922 7976 7976 7950 7916 7878 7868 7834 7858 7860 7860 7844 7874 7884 7930 7904 7864 7882 7842 7832 7838 7866 7862 7866 7882 7884 7918 7928 7930 7958 7912 7874 7852 7868 7862 7880 7888 7934 7892 7880 7920 7916 7890 7912 7902 7910 7892 7924 7872 7886 7866 7856 7884 7868 7894 7890 7884 7878 7880 7890 7882 7890 7924 7872 7918 7900 7906 7914 7920 7880 7878 7856 7820 7874 7872 7874 7892 7886 7896 7884 7914 7848 7912 
7876 7890 7880 7864 7888 7878 7872 7874 7872 7864 7918 7894 7920 7914 7924 7912 7872 7902 7918 7884 7918 7938 7906 7884 7874 7882 7832 7884 7866 7888 7904 7894 7894 7876 7890 7874 7890 7904 7828 7852 7826 7844 7878 7864 7928 7920 7920 7916 7918 7914 7914 7902 7892 7870 7866 7842 7910 7888 7916 7946 7954 7928 7908 7878 7894 7888 7872 7886 7868 7868 7900 7894 7908 7898 7892 7894 7870 7884 7870 7882 7840 7882 7888 7912 7914 7924 7924 7902 7918 7890 7882 7900 7870 7914 7900 7892 7896 7900 7874 7888 
7890 7894 7906 7876 7902 7856 7878 7898 7856 7880 7890 7898 7922 7914 7894 7902 7880 7874 7914 7894 7866 7880 7912 7886 7870 7864 7922 7866 7900 7918 7872 7862 7894 7860 7882 7846 7886 7866 7886 7880 7908 7918 7896 7864 7892 7874 7878 7838 7886 7880 7888 7914 7898 7888 7896 7890 7910 7926 7868 7890 7908 7890 7912 7904 7890 7906 7868 7882 7900 7866 7886 7882 7870 7896 7884 7880 7864 7920 7906 7924 7954 7966 7928 7882 7896 7870 7868 7858 7836 7874 7866 7888 7882 7902 7902 7888 7902 7906 7890 7874 
7872 7862 7828 7874 7870 7888 7892 7902 7898 7926 7936 7916 7912 7910 7920 7894 7898 7884 7892 7882 7870 7918 7898 7874 7920 7870 7884 7878 7906 7852 7876 7896 7886 7892 7866 7886 7882 7902 7856 7846 7862 7892 7930 7922 7950 7916 7908 7914 7880 7920 7878 7872 7886 7842 7834 7888 7904 7904 7916 7906 7922 7900 7936 7916 7892 7888 7900 7840 7858 7830 7880 7872 7878 7896 7896 7882 7896 7854 7876 7894 7874 7846 7890 7896 7884 7868 7914 7912 7868 7882 7900 7836 7856 7836 7842 7888 7866 7882 7898 7904 
7950 7876 7850 7864 7864 7836 7838 7898 7898 7944 7950 7928 7932 7926 7906 7906 7892 7892 7894 7870 7874 7890 7866 7854 7856 7844 7864 7894 7882 7874 7866 7866 7858 7856 7854 7864 7852 7880 7876 7870 7868 7874 7874 7902 7924 7916 7872 7852 7828 7858 7834 7844 7870 7882 7884 7892 7916 7914 7912 7926 7910 7868 7880 7890 7876 7878 7878 7882 7894 7904 7922 7908 7938 7920 7896 7886 7858 7882 7842 7812 7830 7870 7892 7854 7860 1252 1222 1224 1228 1220 1214 1258 1266 1250 1288 1262 1280 1258 1262 1264 
1214 1206 1242 1258 1270 1254 1272 1200 1228 1238 1240 1224 1224 1300 1236 1212 1170 1230 1246 1212 1116 1100 1148 1102 1194 1192 1070 996 1000 950 944 918 1028 1076 1032 1026 1278 1504 1584 1414 1536 1446 1248 1188 1152 1514 1862 2302 2716 3064 3436 3828 4226 4506 4848 5176 5690 6344 7130 7992 8940 9986 10926 11814 12570 13390 14184 14846 15470 16262 16958 17520 17972 18444 18926 19242 19176 18680 18044 17172 16272 15210 13762 13378 12470 11846 11334 10954 10578 10090 9614 9178 8948 8726 8500 8366 8306 8356 8392 8522 
8694 8890 9126 9390 9526 9496 9454 9366 9380 9488 9508 9658 10028 10254 10354 10214 9866 9516 9124 8686 8162 7790 7564 7548 7472 7232 6990 6754 6670 6658 6626 6656 6686 6758 6846 6816 6892 6940 6970 7070 7140 7224 7264 7298 7338 7392 7474 7552 7706 7896 8060 8226 8334 8428 8506 8520 8496 8482 8440 8428 8390 8290 8236 8184 8210 8166 8206 8156 8218 8192 8222 8282 8280 8264 8246 8214 8172 8112 8146 8110 8090 8086 8128 8164 8172 8208 8208 8216 8222 8290 8266 8242 8228 8210 8212 8212 8172 8216 8158 8210 
8158 8136 8168 8160 8196 8158 8178 8138 8056 7968 7888 7760 7724 7696 7652 7630 7628 7650 7632 7618 7576 7556 7502 7502 7496 7464 7410 7450 7440 7416 7424 7444 7452 7520 7600 7570 7588 7636 7626 7666 7654 7706 7694 7732 7776 7832 7850 7860 7886 7932 7956 7978 8000 8024 8050 8050 8060 8034 8094 8094 8116 8130 8114 8138 8164 8178 8194 8146 8098 7998 7968 7934 7928 7928 7942 7976 8040 8050 8098 8092 8034 7988 7950 7938 7930 7920 7908 7910 7918 7934 7936 7952 7954 7918 7894 7858 7886 7866 7854 7854 
7852 7846 7876 7900 7876 7862 7806 7804 7744 7776 7740 7788 7752 7762 7742 7756 7766 7742 7742 7744 7734 7728 7728 7712 7770 7738 7796 7782 7790 7788 7810 7826 7818 7850 7816 7850 7840 7840 7852 7872 7832 7858 7870 7900 7892 7914 7920 7900 7902 7898 7922 7940 7906 7932 7926 7934 7928 7902 7872 7892 7892 7904 7910 7906 7912 7940 7936 7916 7892 7894 7878 7866 7854 7848 7838 7856 7896 7888 7878 7878 7868 7882 7828 7844 7826 7842 7788 7806 7850 7840 7796 7822 7846 7824 7842 7800 7806 7870 7812 7838 
7846 7844 7876 7874 7888 7830 7838 7816 7846 7840 7872 7864 7898 7918 7936 7920 7892 7902 7922 7882 7862 7870 7908 7896 7864 7880 7884 7884 7906 7908 7864 7914 7878 7862 7890 7844 7862 7848 7832 7832 7866 7878 7840 7850 7850 7882 7858 7856 7852 7840 7832 7866 7838 7840 7844 7860 7874 7850 7862 7842 7814 7850 7860 7858 7860 7878 7842 7856 7872 7868 7874 7906 7904 7898 7900 7894 7862 7886 7884 7894 7894 7886 7868 7910 7902 7914 7876 7860 7806 7800 7776 7852 7850 7878 7910 7918 7922 7846 7874 7826 
7852 7812 7828 7798 7848 7830 7854 7866 7916 7894 7902 7908 7908 7872 7880 7866 7860 7830 7840 7908 7914 7946 7930 7904 7878 7860 7818 7844 7858 7828 7864 7890 7886 7872 7852 7864 7860 7816 7848 7868 7792 7808 7846 7816 7850 7856 7906 7896 7876 7888 7842 7858 7868 7860 7834 7850 7854 7872 7870 7868 7890 7866 7882 7912 7866 7836 7866 7852 7840 7866 7850 7878 7884 7884 7866 7896 7844 7856 7858 7832 7852 7818 7894 7854 7874 7868 7876 7864 7896 7856 7850 7850 7866 7862 7868 7866 7848 7892 7890 7866 
7862 7908 7896 7870 7892 7842 7850 7880 7860 7868 7850 7838 7866 7844 7864 7838 7876 7902 7872 7864 7900 7890 7848 7856 7856 7834 7824 7826 7816 7848 7850 7882 7876 7862 7882 7870 7850 7858 7814 7844 7848 7852 7850 7890 7890 7852 7896 7882 7878 7866 7848 7854 7860 7854 7858 7854 7852 7868 7860 7866 7870 7884 7860 7858 7876 7880 7896 7850 7850 7886 7854 7862 7852 7864 7846 7856 7856 7898 7882 7898 7856 7866 7880 7866 7866 7834 7838 7842 7882 7912 7922 7904 7854 7888 7848 7850 7844 7864 7842 7870 
7866 7864 7882 7870 7850 7912 7862 7874 7892 7858 7848 7858 7848 7856 7862 7852 7890 7856 7886 7866 7886 7874 7878 7884 7904 7868 7890 7856 7838 7868 7824 7832 7874 7838 7878 7854 7840 7876 7848 7870 7908 7886 7888 7886 7848 7878 7870 7902 7876 7870 7874 7880 7862 7842 7808 7826 7878 7892 7884 7900 7898 7892 7896 7848 7866 7852 7858 7852 7876 7862 7820 7872 7870 7906 7926 7894 7902 7860 7860 7820 7850 7860 7850 7888 7860 7866 7886 7890 7894 7888 7888 7892 7866 7868 7840 7858 7898 7862 7862 7846 
7880 7886 7860 7874 7888 7872 7914 7858 7866 7852 7872 7866 7880 7862 7838 7892 7884 7868 7864 7848 7866 7854 7858 7858 7890 7834 7886 7904 7898 7874 7862 7864 7886 7842 7870 7822 7858 7866 7850 7872 7904 7868 7860 7852 7912 7852 7874 7860 7852 7878 7896 7902 7846 7900 7886 7860 7854 7882 7862 7876 7870 7860 7866 7896 7850 7870 7870 7878 7888 7882 7906 7888 7866 7872 7886 7870 7868 7854 7850 7870 7860 7880 7852 7890 7912 7884 7864 7856 7866 7838 7830 7860 7882 7880 7882 7916 7880 7868 7882 7860 
7850 7828 7846 7848 7848 7844 7872 7858 7880 7896 7906 7876 7856 7862 7848 7848 7846 7902 7892 7896 7884 7888 7870 7888 7852 7886 7886 7866 7846 7894 7874 7886 7856 7814 7852 7848 7858 7886 7862 7904 7868 7886 7860 7896 7880 7872 7868 7890 7870 7874 7842 7828 7834 7846 7908 7854 7856 7870 7876 7860 7910 7864 7868 7872 7888 7886 7884 7874 7916 7864 7860 7856 7886 7868 7878 7880 7842 7844 7868 7840 7866 7880 7868 7872 1338 1306 1246 1308 1280 1248 1294 1212 1150 1186 1248 1250 1264 1218 1198 1220 
1220 1206 1190 1164 1182 1226 1288 1292 1250 1272 1280 1266 1244 1250 1278 1280 1314 1316 1316 1284 1300 1246 1264 1286 1296 1286 1318 1338 1324 1314 1292 1316 1336 1260 1252 1258 1262 1252 1270 1236 1236 1272 1296 1316 1294 1290 1278 1280 1274 1298 1316 1304 1330 1400 1386 1410 1378 1308 1234 1186 1068 996 986 1050 1170 1318 1240 1124 1352 1420 1244 1230 1234 1188 956 1130 1544 1960 2486 2912 3330 3862 4418 4938 5336 5694 6180 6736 7456 8404 9468 10520 11338 12100 12922 13904 14726 16022 16920 16794 
16470 15930 15588 15600 15698 15768 15838 15734 15432 15128 14554 13790 13046 12280 11634 10938 10430 10064 9770 9588 9492 9442 9440 9264 9066 8852 8766 8692 8700 8694 8702 8738 8790 8922 9122 9218 9256 9256 9352 8966 8912 8812 8714 8722 8738 8656 8486 8328 8172 7928 7690 7428 7294 7116 6942 6910 6872 6798 6602 6450 6326 6318 6298 6358 6490 6712 6940 7094 7360 7486 7658 7776 7874 7930 8028 8068 8152 8120 8164 8138 8096 8072 8084 8114 8120 8128 8148 8178 8254 8256 8288 8264 8218 8144 8118 8108 8108 8162 8120 8102 
8074 8030 8024 8056 8062 8044 8054 8078 8106 8082 8132 8148 8208 8186 8154 8084 8084 8022 8020 7998 7918 7928 7900 7900 7878 7918 7958 7998 8022 7994 7980 7938 7906 7810 7764 7730 7648 7680 7666 7652 7694 7714 7728 7738 7770 7782 7742 7694 7660 7624 7592 7574 7574 7580 7624 7660 7696 7746 7808 7880 7928 7992 7974 7938 7912 7908 7892 7888 7866 7948 7966 8018 8002 8008 7986 7972 7932 7934 7896 7944 7922 7940 7968 7922 7944 7950 7934 7948 7980 7954 7978 7984 8004 8006 7998 8018 8006 8006 8008 8004 
7980 7948 7902 7908 7876 7914 7910 7890 7878 7906 7880 7904 7844 7896 7852 7836 7854 7842 7814 7802 7820 7904 7914 7930 7898 7936 7900 7908 7882 7846 7806 7796 7794 7780 7786 7798 7830 7862 7820 7882 7844 7850 7844 7786 7832 7814 7828 7852 7850 7920 7910 7888 7910 7900 7872 7920 7910 7892 7894 7968 7984 7974 7940 7968 7910 7890 7906 7900 7908 7922 7938 7954 7950 7990 7952 7926 7932 7898 7914 7894 7866 7888 7878 7866 7880 7898 7966 7948 7898 7910 7870 7878 7844 7876 7830 7832 7874 7854 7854 7888 
7894 7876 7856 7836 7830 7842 7886 7874 7862 7880 7894 7876 7912 7926 7868 7912 7866 7888 7884 7892 7882 7882 7908 7898 7944 7966 7926 7972 7968 7910 7900 7888 7842 7868 7854 7862 7862 7882 7894 7898 7874 7878 7890 7852 7846 7854 7860 7922 7872 7902 7884 7934 7926 7984 7962 7930 7976 7904 7880 7888 7802 7842 7848 7844 7840 7902 7860 7890 7920 7922 7890 7896 7900 7842 7796 7818 7806 7826 7854 7906 7890 7916 7936 7964 7972 7974 7932 7898 7890 7878 7890 7892 7924 7912 7932 7940 7946 7928 7920 7880 
7906 7904 7878 7872 7860 7866 7890 7882 7888 7862 7898 7894 7884 7860 7852 7838 7846 7872 7894 7888 7892 7922 7898 7936 7894 7882 7874 7882 7880 7884 7888 7912 7874 7906 7890 7888 7920 7904 7920 7898 7888 7912 7868 7900 7912 7904 7904 7920 7902 7892 7890 7916 7922 7916 7858 7894 7864 7870 7916 7896 7884 7874 7886 7876 7872 7874 7900 7906 7894 7886 7876 7894 7894 7878 7898 7906 7894 7940 7894 7880 7898 7846 7870 7864 7910 7900 7934 7922 7936 7880 7852 7918 7898 7886 7912 7900 7940 7898 7914 7918 
7894 7904 7882 7898 7878 7898 7846 7892 7896 7876 7908 7898 7876 7902 7896 7906 7922 7912 7888 7908 7906 7870 7878 7868 7896 7902 7930 7914 7910 7920 7882 7926 7912 7910 7910 7870 7882 7862 7908 7870 7906 7910 7952 7926 7920 7886 7890 7888 7884 7854 7872 7888 7876 7848 7872 7888 7928 7916 7918 7988 7932 7926 7906 7878 7844 7856 7854 7836 7866 7876 7940 7952 7918 7878 7890 7902 7892 7922 7904 7890 7896 7926 7900 7882 7912 7902 7864 7876 7862 7902 7910 7848 7904 7872 7888 7904 7922 7930 7930 7922 
7882 7876 7850 7842 7868 7880 7926 7892 7906 7972 7944 7970 7924 7904 7938 7884 7872 7836 7850 7842 7884 7864 7904 7892 7908 7914 7932 7914 7916 7872 7852 7856 7834 7850 7884 7862 7886 7928 7930 7936 7954 7936 7900 7882 7898 7854 7880 7870 7890 7890 7916 7946 7940 7938 7916 7924 7918 7892 7894 7852 7848 7856 7888 7864 7882 7868 7852 7874 7862 7872 7884 7880 7802 7812 7826 7804 7868 7894 7906 7914 7902 7912 7924 7922 7968 8002 8040 7982 7964 7936 7846 7890 7856 7866 7828 7890 7936 7970 7948 7920 
7908 7862 7818 7800 7818 7796 7856 7886 7888 7904 7948 7890 7900 7914 7870 7816 7856 7894 7872 7908 7932 7948 7942 7938 7916 7934 7942 7906 7892 7910 7928 7942 7916 7924 7954 7926 7902 7916 7902 7886 7864 7892 7884 7868 7862 7874 7864 7862 7914 7900 7904 7912 7920 7874 7868 7898 7900 7884 7886 7880 7858 7850 7884 7882 7900 7898 7938 7950 7964 7888 7904 7904 7882 7910 7862 7866 7900 7920 7896 7914 7920 7918 7896 7868 7902 7862 7894 7908 7906 7900 7872 7906 7888 7894 7918 7910 7888 7916 7884 7870 
7840 7876 7886 7886 7896 7920 7896 7906 7862 7876 7894 7888 7884 7874 7938 7888 7932 7922 7920 7886 7872 7864 7880 7866 7908 7908 7948 7922 7916 7910 7890 7912 7900 7880 7852 7878 7862 7860 7884 7908 7888 7936 7898 7918 7926 7904 7874 7832 7896 7880 7892 7928 7898 7914 7906 7888 7860 7872 7860 7884 7944 7892 7924 7912 7942 7920 7946 7924 7876 7860 7892 7872 7876 7908 7922 7922 7978 7942 7952 7936 7906 7878 7872 1132 1110 1182 1142 1122 1136 1140 1166 1148 1132 1118 1182 1170 1204 1268 1228 1154 
1166 1220 1150 1208 1216 1254 1166 1194 1164 1188 1178 1152 1172 1124 1110 1166 1152 1166 1202 1220 1194 1182 1192 1190 1102 1146 1128 1148 1142 1162 1206 1254 1208 1186 1224 1208 1176 1182 1154 1152 1158 1152 1162 1146 1132 1220 1174 1120 1156 1192 1146 1134 1162 1112 1092 1100 1132 1120 1130 1144 1088 1054 998 972 898 790 692 666 640 778 942 1248 836 1378 1376 1144 1310 1136 1176 1250 1580 2170 2726 3472 4164 4744 5182 5414 5600 5830 6330 6804 7590 8384 9390 10306 11188 11938 12844 13776 
14716 15682 16662 17944 18962 19684 19876 19718 19110 18418 17690 17052 16402 15708 14964 14066 13664 13038 12438 11910 11442 10908 10384 9844 9474 9156 8898 8722 8584 8484 8562 8692 8780 8800 8872 8996 9118 9156 9180 9272 9364 9566 9764 10028 10232 10490 10728 10900 10748 10966 11006 10996 11108 10942 10614 10256 9928 9572 9244 9022 8766 8426 8114 7900 7818 7830 7680 7508 7264 6964 6738 6506 6276 6170 6370 6530 6572 6520 6498 6496 6512 6460 6452 6510 6574 6680 6832 6990 7212 7416 7624 7846 8002 8176 8388 8520 8652 8752 8848 8934 
8854 8796 8800 8738 8700 8650 8602 8578 8638 8608 8598 8588 8588 8552 8562 8516 8466 8458 8420 8386 8368 8380 8342 8354 8292 8280 8288 8230 8216 8190 8202 8230 8214 8234 8238 8232 8166 8194 8174 8132 8146 8138 8122 8176 8176 8150 8142 8154 8132 8100 8064 8038 8000 8020 8002 7996 7962 7938 7924 7876 7814 7792 7742 7718 7692 7688 7644 7672 7630 7642 7586 7576 7574 7538 7542 7526 7486 7486 7500 7510 7498 7548 7532 7526 7566 7586 7582 7632 7616 7670 7670 7690 7718 7752 7784 7828 7826 7860 7874 7874 
7886 7950 7922 7956 7962 7974 8022 8020 8026 8024 8022 8026 7996 8020 8004 8014 8008 8040 8066 8068 8058 8062 8056 8058 8082 8030 8008 7994 8020 8018 8002 8044 8056 8062 8042 8020 8002 7986 7994 7976 7924 7926 7938 7926 7898 7912 7932 7876 7886 7880 7880 7836 7864 7856 7836 7818 7790 7820 7760 7806 7784 7788 7794 7786 7752 7738 7716 7702 7702 7654 7688 7662 7660 7698 7702 7724 7718 7692 7714 7684 7718 7696 7772 7788 7788 7794 7812 7842 7844 7804 7812 7818 7824 7842 7828 7842 7858 7908 7882 7920 
7878 7908 7894 7898 7868 7846 7876 7854 7852 7894 7874 7892 7902 7926 7920 7924 7912 7848 7884 7876 7886 7868 7868 7874 7876 7898 7920 7896 7858 7872 7852 7834 7846 7846 7850 7864 7838 7824 7810 7830 7814 7832 7802 7820 7810 7790 7778 7840 7816 7842 7832 7840 7818 7804 7766 7786 7774 7764 7796 7810 7816 7840 7826 7828 7812 7830 7780 7808 7826 7810 7818 7786 7814 7848 7820 7820 7844 7830 7868 7852 7852 7860 7866 7820 7866 7820 7822 7810 7844 7846 7868 7902 7856 7890 7848 7866 7836 7854 7842 7844 
7824 7842 7824 7814 7822 7816 7848 7830 7832 7848 7826 7840 7832 7828 7822 7804 7806 7820 7818 7824 7832 7836 7836 7802 7806 7810 7812 7780 7834 7842 7828 7848 7860 7870 7856 7866 7858 7820 7822 7832 7840 7808 7794 7832 7812 7840 7826 7872 7848 7864 7868 7858 7828 7808 7822 7828 7780 7820 7830 7818 7832 7854 7840 7826 7778 7838 7820 7806 7824 7816 7822 7866 7844 7810 7788 7828 7814 7828 7822 7826 7836 7820 7838 7842 7858 7836 7828 7858 7850 7838 7836 7790 7850 7858 7814 7754 7866 7874 7858 7854 
7846 7860 7858 7832 7832 7828 7808 7778 7824 7812 7800 7826 7784 7830 7816 7812 7846 7802 7828 7820 7840 7828 7820 7820 7834 7796 7802 7814 7812 7828 7812 7874 7832 7862 7830 7852 7846 7812 7818 7824 7786 7848 7822 7840 7834 7878 7836 7848 7808 7844 7810 7778 7778 7806 7794 7850 7806 7832 7826 7854 7820 7790 7834 7790 7826 7810 7850 7870 7840 7832 7852 7850 7848 7868 7794 7802 7830 7802 7814 7812 7822 7860 7852 7860 7854 7846 7814 7822 7822 7804 7814 7800 7826 7832 7854 7850 7836 7848 7842 7830 
7838 7836 7846 7812 7830 7862 7830 7832 7806 7848 7814 7846 7836 7814 7824 7804 7820 7824 7832 7852 7848 7856 7846 7852 7834 7834 7836 7838 7784 7816 7852 7822 7854 7854 7822 7836 7822 7820 7820 7788 7846 7834 7822 7826 7798 7836 7816 7816 7828 7836 7852 7852 7808 7816 7810 7818 7838 7854 7810 7832 7838 7878 7840 7866 7828 7818 7832 7828 7822 7802 7820 7802 7808 7868 7844 7820 7836 7796 7836 7788 7798 7800 7824 7842 7828 7856 7842 7826 7844 7866 7822 7838 7816 7782 7842 7846 7840 7848 7862 7836 
7826 7834 7864 7846 7800 7822 7834 7814 7818 7822 7792 7798 7838 7858 7804 7850 7842 7830 7822 7836 7812 7826 7840 7808 7834 7848 7836 7808 7824 7838 7854 7842 7830 7828 7838 7860 7834 7826 7832 7846 7842 7812 7806 7838 7826 7830 7814 7830 7810 7818 7850 7866 7856 7874 7842 7850 7780 7764 7800 7826 7800 7848 7828 7868 7832 7840 7844 7794 7790 7792 7802 7826 7814 7828 7842 7844 7836 7842 7854 7834 7840 7806 7798 7802 7826 7814 7826 7834 7844 7844 7850 7832 7858 7854 7804 7806 7812 7834 7836 7822 
7790 7808 7824 7850 7832 7830 7850 7846 7826 7846 7806 7830 7848 7856 7830 7832 7834 7842 7828 7864 7838 7818 7830 7842 7848 7850 7856 7848 7856 7832 7840 7800 7810 7802 7804 7834 7856 7844 7832 7816 7884 7844 7866 7854 7844 7840 7800 7816 7824 7778 7834 7810 7836 7822 7820 7834 7822 7844 7834 7822 7844 7844 7844 7846 7824 7808 7810 7812 7836 7822 7850 7838 7824 7846 7856 7828 7812 7820 7846 7834 7802 7838 