37 -18 -17 -18 -17 -18 -17 -17 -17 -17 -18 -17 -18 -17 -17 -14 -16 -18 -17 -18 -17 -17 -19 -18 -18 -16 -17 -14 -17 -14 -17 -17 -17 -17 -19 -16 -16 -17 -18 -14 -14 -14 -15 -15 -15 -14 -12 -13 -13 -10 -12 -9 -8 -8 -6 -2 -3 0 3 5 5 9 12 13 17 17 22 24 25 30 33 34 36 41 40 41 45 44 45 43 41 38 34 31 31 22 19 15 10 5 1 -3 -7 -7 -12 -14 -15 -16 -16 -19 
-19 -20 -20 -19 -19 -18 -15 -15 -11 -9 -8 -4 0 2 4 5 9 15 18 22 26 29 33 36 36 38 40 42 42 41 43 42 42 41 41 42 41 44 42 42 39 39 41 40 39 39 39 38 38 40 40 39 42 41 41 41 40 41 42 42 41 43 41 44 44 41 44 42 43 42 44 42 46 45 43 43 42 44 41 42 42 42 40 41 42 39 40 41 40 39 40 39 37 38 37 39 39 41 39 39 
39 40 39 40 38 42 41 42 40 41 41 40 40 41 44 43 43 42 41 44 42 41 44 42 45 44 43 45 43 44 43 44 45 45 44 43 44 43 45 43 46 43 45 44 43 44 44 45 44 46 44 44 43 42 45 46 43 45 43 46 42 43 45 45 43 43 42 44 41 42 43 41 41 42 43 40 42 41 42 40 43 41 41 41 40 40 38 42 40 40 40 42 41 40 40 40 40 41 40 42 
40 42 42 40 40 41 41 41 41 41 41 41 41 40 42 42 43 43 40 41 41 41 42 43 43 44 43 42 42 42 45 43 43 43 42 43 42 44 44 44 44 43 43 43 43 45 42 44 42 42 44 42 45 42 43 44 43 42 42 42 42 44 42 42 42 43 43 41 42 43 42 43 42 41 43 42 41 42 42 41 41 43 43 42 42 42 44 41 41 41 40 42 44 41 42 44 41 43 42 41 
42 43 42 42 44 43 40 41 42 43 43 40 42 41 44 43 43 41 42 41 43 43 44 43 41 40 42 42 44 43 42 42 44 43 42 40 41 43 41 42 42 42 41 44 42 43 42 43 45 40 43 42 42 44 40 41 42 42 42 41 43 41 41 40 42 43 42 43 42 43 42 42 41 40 43 41 42 42 43 42 41 44 42 43 43 41 42 43 43 43 41 41 43 43 41 44 42 42 41 41 
42 43 42 43 41 42 42 42 42 42 42 43 43 43 40 42 43 42 42 44 42 41 42 40 44 42 41 42 44 42 42 43 41 41 41 41 41 43 42 40 43 42 43 42 44 44 41 42 43 41 42 41 42 42 43 43 42 40 42 42 43 43 41 43 40 42 42 42 43 42 41 42 43 42 42 41 42 42 41 43 41 43 42 43 43 43 41 41 42 43 42 42 41 43 42 43 42 43 41 42 
43 42 42 43 44 41 42 42 42 42 41 42 41 44 41 42 43 43 41 42 42 44 42 44 42 41 43 42 44 42 43 44 42 42 42 42 43 42 42 44 43 42 40 42 44 43 43 43 43 43 42 43 41 42 41 42 41 42 42 43 43 42 42 42 43 42 44 41 41 43 42 43 41 42 42 43 42 42 42 41 43 43 42 43 45 42 43 42 43 42 42 43 44 40 41 41 43 39 41 42 
41 42 42 42 42 43 40 42 40 44 44 42 43 44 42 43 44 40 43 42 43 41 44 42 42 42 42 41 43 44 42 40 42 42 43 44 41 43 43 44 43 43 41 42 41 42 44 41 45 42 40 43 41 43 42 42 41 42 43 42 43 45 42 41 42 44 41 41 41 42 41 44 44 41 42 43 44 44 42 41 43 42 43 43 43 44 42 41 41 43 42 42 41 42 42 42 41 42 42 41 
43 42 43 41 41 44 43 41 43 41 42 43 41 42 41 41 42 42 43 43 42 43 42 42 40 43 41 44 43 42 45 43 43 43 42 40 43 42 41 42 42 42 42 43 42 43 42 46 42 45 43 43 43 42 42 42 43 44 45 43 42 41 43 42 43 42 41 43 42 42 45 41 43 43 42 41 41 41 40 42 44 42 43 43 43 43 42 44 43 41 43 43 43 43 43 42 42 42 42 42 
40 42 43 42 42 43 39 43 43 42 44 44 41 43 44 41 45 43 44 42 42 42 42 43 42 42 42 43 44 40 43 42 42 44 43 43 43 42 44 45 43 42 42 42 41 44 43 41 44 42 43 42 42 42 42 41 44 41 43 44 42 42 42 41 44 44 42 42 42 42 42 43 43 42 43 44 41 43 42 43 42 43 41 43 42 44 42 44 43 43 44 45 43 40 42 42 44 42 42 42 
-17 -17 -20 -17 -16 -19 -17 -19 -18 -17 -19 -17 -18 -17 -17 -18 -18 -19 -16 -16 -17 -17 -18 -17 -20 -16 -17 -18 -17 -17 -18 -18 -19 -16 -18 -20 -16 -18 -19 -17 -18 -19 -16 -16 -18 -18 -20 -17 -17 -16 -17 -18 -19 -18 -18 -17 -16 -18 -18 -15 -17 -17 -16 -17 -18 -19 -17 -18 -17 -17 -15 -17 -18 -17 -18 -17 -16 -16 -16 -16 -15 -14 -12 -10 -10 -9 -7 -8 -5 -3 -1 4 2 5 7 10 13 15 18 18 
25 27 29 31 34 37 40 41 43 46 45 45 43 43 41 38 36 34 30 27 26 24 20 18 15 13 12 9 8 8 7 7 5 5 6 6 7 9 8 10 13 12 14 17 22 22 23 26 28 29 33 36 36 39 39 38 42 43 41 45 46 44 45 42 44 45 43 44 44 44 42 42 43 40 41 43 41 41 40 41 39 41 40 41 40 40 39 42 41 41 41 43 43 41 42 42 43 42 43 43 
44 44 46 44 44 44 43 45 43 44 41 43 44 42 41 42 40 41 40 40 40 39 40 38 38 39 37 36 34 34 34 36 36 36 36 35 34 37 36 35 37 36 36 36 37 37 38 36 37 37 40 39 36 40 41 39 40 40 41 41 40 42 41 41 44 44 44 45 43 42 43 43 45 45 44 45 45 45 47 44 44 45 43 44 45 45 44 44 42 45 44 43 44 44 43 44 44 46 45 44 
45 43 45 45 44 42 43 42 43 43 42 44 43 42 43 44 41 42 41 41 40 41 41 40 41 40 39 41 38 40 38 40 40 38 39 40 39 39 40 39 37 38 38 41 39 40 39 40 39 40 41 40 39 41 41 39 41 43 42 41 41 41 44 43 42 44 44 43 44 44 42 44 44 40 44 43 45 43 43 44 43 45 45 45 42 44 42 43 45 41 42 42 44 44 44 46 43 42 43 44 
44 44 43 43 45 42 43 43 43 45 43 43 44 45 44 41 42 44 41 43 43 41 43 43 41 42 42 42 41 43 40 42 41 42 42 41 41 42 43 41 42 42 42 42 43 42 44 43 44 44 42 44 44 43 42 43 41 42 42 40 44 41 42 44 43 44 44 42 44 44 43 41 45 43 43 44 44 43 41 43 43 42 41 45 43 42 44 43 46 44 42 42 44 44 42 42 40 43 43 43 
42 41 41 43 43 43 43 39 42 44 42 43 41 42 43 43 41 41 44 41 40 41 42 41 41 44 43 43 42 44 43 42 42 43 44 43 43 42 44 44 42 42 42 44 42 43 42 39 44 43 42 44 42 41 42 44 41 43 42 42 42 41 43 42 41 43 41 42 42 42 43 44 45 43 44 42 42 42 42 43 41 42 41 43 42 42 42 43 43 41 42 42 43 43 43 42 44 44 40 43 
41 42 43 42 42 44 41 41 44 42 43 43 42 40 42 43 41 42 42 43 41 42 41 42 42 40 43 43 42 42 41 42 42 41 44 42 42 42 43 44 43 44 42 40 43 42 41 41 41 42 42 41 42 42 41 42 40 43 42 44 43 42 40 43 42 41 44 43 43 43 41 43 41 42 40 41 41 43 43 40 43 41 44 44 42 41 43 44 43 44 42 42 42 42 41 43 42 40 43 41 
42 41 42 41 43 41 40 42 43 44 42 43 43 43 43 41 42 42 42 44 43 44 42 44 43 42 43 44 43 41 41 42 44 42 42 43 44 43 42 43 41 43 41 43 40 44 42 41 43 43 44 41 42 42 41 42 44 41 43 43 41 44 43 44 43 43 41 42 44 43 45 43 44 44 42 43 43 43 40 41 41 42 41 42 42 40 42 41 42 43 43 42 42 43 41 41 43 42 45 44 
44 44 43 43 43 43 43 40 41 41 40 41 41 42 43 43 42 43 43 42 43 43 42 42 41 43 40 43 41 44 43 44 41 41 43 42 42 42 43 41 41 43 41 42 43 42 42 41 42 43 44 41 42 42 41 43 42 42 43 42 42 43 42 41 41 44 44 44 41 42 42 41 42 42 44 41 44 43 44 44 42 42 42 45 45 42 42 43 41 41 40 42 43 43 41 42 41 43 44 43 
42 42 41 42 42 41 42 44 41 41 44 44 42 43 41 44 42 42 41 42 43 42 43 43 42 43 42 43 44 42 41 42 42 42 41 42 41 42 41 44 42 42 42 42 43 42 41 44 41 43 42 43 42 45 42 42 42 41 43 44 43 43 44 43 43 41 45 42 42 43 43 42 43 40 43 43 42 42 43 41 42 42 42 42 43 42 44 43 44 42 42 42 44 44 42 43 45 42 42 -17 
-18 -18 -17 -16 -19 -15 -17 -18 -17 -17 -18 -18 -17 -17 -19 -17 -17 -18 -19 -16 -17 -20 -17 -18 -18 -19 -17 -17 -18 -16 -16 -17 -16 -19 -17 -18 -18 -16 -17 -19 -17 -18 -18 -18 -17 -18 -18 -17 -18 -17 -15 -17 -18 -17 -18 -17 -18 -18 -17 -18 -18 -17 -17 -18 -15 -16 -18 -17 -17 -18 -19 -17 -17 -16 -18 -15 -16 -17 -18 -18 -17 -18 -16 -16 -16 -17 -17 -17 -17 -12 -15 -16 -15 -13 -14 -13 -11 -13 -9 -7 
-8 -9 -6 -3 -2 0 6 6 8 12 11 16 18 20 23 25 28 31 34 36 41 40 43 44 45 44 44 42 41 34 34 32 27 24 17 16 13 7 4 0 -4 -5 -8 -12 -14 -15 -16 -17 -20 -19 -18 -20 -18 -18 -17 -18 -15 -13 -11 -12 -7 -6 -2 2 5 9 13 17 17 24 27 27 30 33 37 38 40 41 40 43 44 42 44 41 43 43 43 41 42 42 42 41 41 40 38 41 38 38 37 38 
39 39 42 39 37 40 39 41 38 40 39 41 44 43 43 43 42 43 43 45 43 46 42 43 44 44 43 40 43 41 41 40 39 37 37 36 38 34 33 34 31 32 30 30 29 29 27 28 26 29 25 26 25 25 24 27 26 28 28 28 30 28 29 30 31 33 36 35 36 36 37 38 41 40 40 40 40 42 43 44 42 44 42 45 45 45 44 44 46 46 43 44 46 45 45 45 45 42 45 43 
44 42 44 44 42 44 43 44 45 44 42 43 44 44 43 45 44 43 43 45 43 42 41 44 44 43 44 43 44 46 42 43 41 42 41 42 41 42 41 42 43 42 42 42 43 43 42 42 42 42 43 40 42 41 42 42 44 44 43 44 43 42 45 43 41 42 43 44 41 44 42 41 42 43 42 44 42 41 44 42 41 44 45 43 45 43 42 42 43 42 43 41 45 43 44 44 43 43 45 41 
44 45 43 44 43 44 44 45 42 43 42 44 42 41 44 42 42 43 43 43 43 42 43 44 42 44 43 43 42 43 43 43 44 41 40 41 43 43 42 43 43 43 42 43 43 42 41 41 43 43 43 41 43 42 39 44 43 42 44 42 44 43 44 42 41 44 41 43 41 44 44 41 40 41 43 42 40 43 42 43 42 43 43 44 43 44 44 43 43 44 41 41 44 44 42 44 42 42 43 43 
45 43 44 43 43 45 42 42 42 43 42 45 42 43 42 42 43 44 42 43 43 43 43 42 43 45 42 43 44 44 42 43 43 41 42 42 43 45 42 42 42 42 43 43 43 44 43 42 42 44 42 43 43 44 44 41 43 41 43 42 42 41 45 42 44 44 43 41 43 42 42 42 44 43 45 43 45 42 42 42 42 44 43 43 42 43 42 44 42 43 43 42 43 42 43 44 43 42 42 43 
44 43 42 41 43 42 43 43 42 44 42 43 44 42 44 42 43 44 39 42 40 41 42 45 42 41 43 44 44 43 45 42 41 42 42 43 44 43 43 41 43 43 41 42 43 45 43 42 42 44 43 43 43 43 42 46 43 44 44 43 44 43 43 44 42 44 43 43 44 42 46 42 44 39 42 45 44 45 43 43 45 43 42 43 44 42 44 44 41 42 42 44 45 43 43 43 42 44 42 42 
45 43 42 43 44 43 42 44 43 43 42 43 43 43 44 41 42 41 42 42 44 42 44 43 42 42 42 43 44 43 42 44 43 38 44 42 43 43 43 43 44 44 41 43 42 43 42 43 43 44 44 44 42 45 45 42 41 42 42 41 42 43 43 42 42 43 42 43 44 42 43 42 43 44 44 43 44 43 43 43 43 44 43 42 43 45 44 43 43 43 42 44 41 41 42 44 42 42 43 43 
42 41 42 43 41 42 42 42 42 42 42 43 43 44 41 45 43 45 42 43 43 43 43 42 43 42 43 45 42 42 43 43 43 41 44 42 44 42 43 42 44 43 43 43 45 41 43 41 43 41 43 44 41 41 43 44 39 43 44 41 44 43 43 43 41 43 42 43 43 43 44 43 42 43 43 42 41 42 41 44 43 43 42 43 43 42 43 43 42 41 42 41 43 42 43 46 43 42 43 42 
42 44 43 43 44 43 41 42 43 44 45 43 43 43 41 42 41 42 42 45 43 43 41 42 44 43 43 41 42 44 43 41 45 42 45 44 43 43 43 45 41 42 42 43 43 43 42 41 43 42 41 43 43 44 44 45 43 43 42 43 41 43 43 42 44 43 43 42 43 44 42 42 44 44 43 41 45 44 44 42 40 45 44 43 44 43 43 44 42 41 41 43 43 41 43 42 42 43 -18 -20 
-21 -17 -17 -20 -19 -21 -18 -19 -22 -19 -19 -18 -19 -20 -19 -20 -20 -18 -19 -18 -19 -20 -22 -19 -20 -19 -19 -19 -21 -19 -19 -20 -19 -18 -21 -21 -19 -19 -18 -19 -19 -18 -20 -19 -18 -20 -20 -19 -18 -19 -18 -19 -19 -18 -20 -20 -16 -20 -18 -20 -19 -20 -20 -21 -17 -19 -19 -19 -20 -20 -18 -18 -18 -18 -17 -17 -15 -15 -16 -14 -12 -14 -13 -14 -10 -9 -9 -6 -6 -3 -1 2 3 4 8 10 12 15 17 18 
20 25 29 28 36 32 36 38 42 44 43 45 45 42 44 42 39 39 35 31 28 25 21 16 13 8 7 3 2 -4 -5 -7 -10 -10 -13 -11 -14 -14 -14 -15 -11 -14 -11 -11 -9 -9 -7 -5 -3 2 4 5 8 11 13 16 20 24 25 28 29 34 36 35 37 39 40 40 42 42 44 44 42 42 43 42 41 43 43 43 42 42 43 41 43 40 41 41 40 43 46 43 44 42 41 44 42 42 42 44 
43 42 44 44 45 44 45 47 46 44 47 44 43 43 42 44 43 44 44 44 42 41 40 40 40 39 38 40 37 38 37 36 35 35 33 33 34 33 34 34 35 32 34 32 34 32 33 34 34 35 35 36 35 36 39 39 38 39 39 39 42 40 41 42 42 42 42 43 43 43 42 43 43 43 46 44 45 43 44 44 46 43 46 45 45 44 44 44 45 44 43 43 43 44 42 43 42 46 42 43 
44 45 44 45 44 45 44 44 45 45 43 45 41 42 43 42 41 43 43 43 42 45 44 42 45 42 43 44 45 43 41 44 44 45 44 44 43 45 44 44 43 44 43 43 44 42 41 45 42 43 42 44 44 44 47 44 42 43 44 43 42 44 41 42 45 44 46 41 44 44 42 45 43 45 43 44 42 43 43 41 42 43 42 43 44 42 44 42 42 44 43 44 42 42 44 43 42 43 45 43 
43 44 44 42 42 42 42 44 44 43 43 43 44 42 43 44 41 43 44 43 43 42 42 44 44 41 42 43 46 42 44 41 42 43 43 43 43 44 43 44 45 44 44 44 42 43 42 43 43 43 43 43 45 42 44 43 41 41 45 43 42 45 42 42 42 43 44 42 45 43 44 42 43 43 43 41 41 43 43 42 42 43 42 42 43 43 44 42 44 43 43 42 45 43 42 43 43 43 43 43 
45 44 44 43 44 44 43 43 45 42 42 44 42 44 43 44 43 43 43 42 43 42 44 43 44 43 44 43 42 43 45 44 42 41 43 43 42 43 43 44 42 41 42 42 42 44 43 44 44 43 43 42 42 44 44 43 43 43 45 43 42 44 44 42 43 42 43 43 44 44 44 43 42 42 43 44 42 42 42 43 43 42 40 45 43 43 43 45 43 44 45 43 44 42 41 42 43 42 43 45 
43 43 43 43 43 43 44 44 42 43 43 43 44 43 43 42 42 43 43 42 43 43 44 43 43 41 41 45 44 43 43 42 43 44 42 41 43 43 42 42 43 45 44 43 41 43 41 42 42 44 42 43 41 42 42 44 43 44 44 42 45 44 43 42 41 43 43 42 44 43 44 44 44 44 44 42 42 42 42 42 42 41 42 43 43 44 44 42 43 43 43 42 43 45 42 43 43 43 42 42 
42 43 44 43 41 44 41 43 41 43 41 43 44 44 42 43 43 42 43 43 43 45 43 43 41 44 42 41 42 43 40 41 43 43 44 42 45 43 44 44 42 43 42 45 42 42 44 44 43 43 42 42 43 43 42 41 45 45 43 42 44 44 44 42 42 44 43 43 41 42 42 44 41 42 43 42 41 43 45 43 43 43 44 43 42 43 42 44 43 44 44 43 43 44 42 45 43 43 44 43 
43 44 43 44 42 44 45 42 44 41 43 41 44 42 42 42 45 45 42 44 42 41 43 42 44 41 42 42 42 42 44 44 43 44 44 43 43 42 41 43 43 43 43 43 45 42 43 44 44 41 44 44 41 44 41 44 42 44 41 44 43 43 43 42 44 44 42 41 43 46 42 42 41 44 43 42 42 45 45 44 42 43 42 45 41 44 43 42 42 44 41 43 41 44 42 44 43 41 44 44 
45 43 41 41 43 44 43 42 43 43 44 43 41 43 42 43 45 42 42 42 44 43 44 43 44 43 41 43 45 43 42 43 42 43 45 43 42 43 44 41 42 43 42 42 44 43 42 43 42 41 43 43 42 44 43 41 44 42 42 43 43 43 43 42 44 43 43 42 42 42 44 44 43 43 43 41 42 43 44 42 42 42 41 44 43 43 42 43 44 44 45 43 42 44 43 42 41 -19 -18 -15 
-15 -19 -17 -15 -17 -18 -17 -15 -19 -18 -17 -17 -17 -16 -17 -16 -18 -16 -16 -15 -17 -17 -17 -15 -17 -17 -19 -17 -17 -15 -15 -16 -18 -17 -19 -16 -18 -17 -17 -17 -17 -17 -16 -16 -17 -17 -16 -16 -17 -17 -19 -18 -18 -17 -17 -16 -16 -16 -17 -16 -19 -17 -17 -17 -16 -15 -16 -16 -16 -17 -15 -16 -17 -15 -12 -17 -14 -12 -13 -13 -11 -12 -11 -7 -6 -8 -3 -3 -1 -1 3 4 8 7 9 12 14 16 20 21 
24 26 28 32 34 34 37 37 42 41 44 43 42 43 40 40 36 34 31 28 24 23 21 15 13 10 8 4 3 -1 -4 -5 -6 -9 -7 -8 -10 -9 -11 -10 -10 -9 -7 -5 -5 -2 0 3 3 8 8 11 14 14 19 22 26 26 29 31 35 35 36 35 40 42 39 41 42 42 41 43 43 40 42 41 40 40 42 41 40 40 40 40 40 42 41 40 40 40 40 41 40 42 38 42 41 39 40 40 
42 40 42 42 41 40 42 40 39 43 40 39 40 40 40 41 38 40 38 39 38 37 38 36 36 38 35 33 37 34 34 34 35 34 33 34 34 35 33 36 34 34 35 35 36 37 35 36 37 39 40 39 39 39 42 41 39 41 41 39 43 41 40 42 42 41 41 42 44 45 43 42 44 42 43 43 45 41 44 43 44 40 43 42 42 40 41 43 42 42 43 42 40 40 42 41 42 43 43 43 
44 42 42 42 44 41 43 44 40 42 42 42 40 42 41 40 41 44 40 40 41 41 40 40 39 39 40 40 39 38 41 39 40 39 38 39 38 38 38 39 36 38 38 38 37 38 40 40 39 41 41 41 39 38 39 41 43 40 40 41 41 42 40 43 42 42 43 41 42 41 43 43 43 42 44 44 41 41 44 45 42 44 41 43 41 42 42 40 42 41 42 43 41 41 43 42 41 42 41 42 
41 41 42 40 42 41 42 41 42 41 42 44 43 43 41 41 43 41 41 42 42 42 39 40 42 41 41 41 43 40 40 42 42 41 39 41 42 40 41 39 39 41 40 42 40 40 41 39 41 43 41 40 41 42 41 40 43 41 41 43 42 40 42 41 41 41 42 41 43 41 40 42 40 41 42 41 43 40 41 43 43 42 43 42 43 43 44 40 43 43 43 41 41 40 41 40 42 42 41 41 
42 42 40 44 41 43 43 43 43 41 43 43 40 42 43 42 41 42 42 42 41 43 42 41 40 40 42 42 40 42 42 40 40 43 42 41 40 40 42 43 44 42 41 41 42 41 40 43 43 42 39 41 43 42 43 42 43 42 41 43 43 41 42 41 42 39 41 42 41 40 42 42 39 43 43 39 43 39 41 41 42 39 41 41 40 42 40 41 41 42 41 43 42 42 40 42 42 40 42 45 
40 42 40 43 42 40 40 45 43 41 42 43 43 42 43 41 43 41 40 40 44 42 42 41 40 41 41 39 43 44 41 41 40 41 42 40 42 42 41 41 42 43 42 39 41 42 41 42 42 39 41 42 40 42 42 40 41 41 41 44 43 42 40 40 41 43 41 42 40 42 41 42 40 43 42 41 42 42 43 41 42 42 41 41 39 41 43 41 40 42 40 41 42 43 42 42 41 40 43 41 
40 42 41 43 41 40 40 41 42 41 42 42 41 43 41 41 41 41 41 43 40 41 42 42 39 43 41 40 41 42 40 41 42 42 42 41 42 42 40 40 41 38 40 42 43 42 40 42 41 39 42 41 41 41 41 42 42 40 41 42 42 42 41 42 40 41 43 41 41 43 41 41 41 42 41 40 42 41 42 42 42 42 42 41 43 39 43 42 40 41 40 42 41 42 41 40 41 42 42 40 
43 41 42 44 40 42 43 41 41 41 41 43 41 41 42 42 41 41 41 40 42 40 42 43 42 42 40 42 42 43 42 42 41 41 39 40 40 42 39 41 42 43 41 42 44 42 42 41 42 42 43 43 44 41 41 42 43 43 41 41 44 42 42 42 42 40 43 40 40 42 41 43 42 42 40 44 41 41 41 41 43 42 41 41 40 40 42 41 40 41 42 43 42 41 40 40 41 41 40 43 
42 41 41 43 40 40 41 41 43 42 41 41 40 40 40 43 42 41 41 41 40 41 39 44 42 42 45 41 41 41 43 42 41 40 41 41 42 42 41 40 42 42 39 41 41 41 42 42 41 41 41 44 42 41 40 42 41 43 42 42 42 43 42 42 44 41 41 41 39 42 42 42 43 40 42 42 40 43 43 40 41 42 40 41 41 41 44 41 43 43 43 42 42 43 41 40 -17 -17 -17 -18 
-17 -15 -17 -16 -19 -17 -15 -17 -17 -18 -17 -17 -16 -17 -19 -17 -17 -16 -17 -17 -15 -19 -17 -20 -18 -18 -16 -17 -16 -16 -16 -19 -19 -18 -18 -16 -17 -19 -19 -18 -16 -16 -17 -16 -18 -17 -17 -15 -16 -16 -17 -19 -16 -16 -17 -15 -16 -17 -17 -18 -16 -15 -15 -17 -17 -16 -17 -18 -18 -14 -16 -17 -16 -15 -15 -14 -14 -13 -13 -13 -12 -11 -12 -11 -9 -7 -5 -3 -3 1 1 4 5 8 9 13 17 17 19 22 
26 28 33 31 34 36 39 42 43 44 42 46 43 41 37 36 33 31 24 22 18 13 8 8 3 0 -4 -5 -8 -10 -12 -13 -17 -15 -18 -15 -18 -16 -15 -15 -14 -11 -10 -7 -8 -5 -5 0 1 3 8 10 14 16 17 21 22 25 29 30 31 32 35 38 37 38 38 39 39 41 41 42 41 41 43 40 41 41 40 41 41 40 41 42 42 41 41 42 40 39 41 43 41 41 40 42 40 40 42 42 
41 40 41 41 41 42 41 40 39 39 38 38 38 38 38 38 37 38 37 37 35 36 37 36 36 36 37 36 36 37 35 37 36 37 38 37 39 38 41 38 38 39 38 39 43 41 41 41 42 43 44 42 43 42 42 43 44 43 44 44 43 41 43 43 44 45 46 44 45 45 45 44 43 42 44 43 43 43 41 44 43 44 42 45 43 42 42 42 43 45 43 45 43 44 41 43 42 44 43 42 
42 42 44 45 43 43 42 42 41 45 43 45 44 41 42 43 42 43 42 42 42 41 42 41 40 42 41 41 41 41 42 41 39 40 41 43 41 42 40 44 41 42 41 43 42 40 41 41 43 42 42 41 43 43 42 43 43 42 43 42 42 41 43 44 44 43 42 41 43 43 41 44 43 42 40 42 42 42 43 42 43 43 44 41 44 42 45 44 44 42 44 44 45 44 43 43 43 43 42 43 
44 44 44 44 44 44 42 43 42 44 42 43 43 44 42 42 44 41 42 42 43 42 44 42 41 42 41 42 43 43 44 43 41 41 42 40 40 42 43 42 42 43 42 42 42 41 42 43 40 42 42 43 42 43 43 43 43 43 44 43 43 43 43 44 42 44 43 43 45 44 42 43 44 43 44 44 41 42 45 44 42 42 44 44 45 43 44 44 42 44 44 44 43 43 44 44 44 42 43 43 
42 44 45 43 43 42 42 43 43 44 42 42 45 44 43 43 44 43 42 42 42 43 43 42 41 42 41 44 42 43 45 43 43 43 43 42 44 42 41 43 45 43 43 43 42 43 43 44 44 44 44 42 43 43 43 46 43 43 43 42 43 45 44 42 43 42 41 41 42 43 44 42 42 42 43 42 44 41 44 41 41 42 44 42 43 43 43 42 44 42 44 44 43 43 43 43 44 42 43 42 
43 42 44 44 44 42 42 43 44 43 42 42 43 43 42 44 42 42 42 42 43 42 42 43 44 43 42 42 42 44 44 44 41 42 44 43 45 44 42 43 44 43 43 43 42 42 42 42 44 43 43 43 43 44 43 43 43 43 44 43 41 43 44 43 44 43 43 43 44 44 44 43 42 43 43 43 43 43 44 44 43 45 43 43 42 45 44 41 44 43 43 43 43 42 42 43 43 43 41 45 
43 43 41 44 45 43 43 42 44 44 43 43 42 43 42 44 41 44 43 45 44 43 44 41 43 42 43 42 44 44 41 42 43 43 41 41 42 43 42 44 42 43 42 45 45 41 41 44 42 44 42 42 42 43 42 43 44 43 44 44 44 44 43 43 42 45 45 44 43 40 43 43 43 45 44 45 42 43 41 42 43 42 42 43 43 42 43 43 44 42 43 42 41 42 43 44 45 44 43 43 
43 43 42 43 42 44 43 41 43 44 41 43 42 43 44 43 43 43 42 42 45 41 43 43 44 41 43 42 45 46 42 44 43 44 41 42 43 43 41 42 43 41 42 46 43 41 43 44 42 43 43 43 42 42 43 41 43 42 44 42 41 42 45 45 43 43 42 42 43 41 42 42 42 44 42 44 43 44 44 42 42 43 44 42 43 42 42 43 44 41 41 44 41 43 44 41 43 44 44 45 
45 40 43 41 41 45 45 44 46 43 41 42 43 43 43 44 42 43 43 43 43 43 44 42 44 42 44 43 43 43 42 44 43 42 44 44 44 44 42 42 43 42 44 43 43 40 43 44 43 42 42 44 44 43 44 44 43 44 44 44 43 42 43 44 41 43 42 44 45 41 42 44 41 43 43 43 43 44 44 42 41 43 45 42 43 42 42 42 43 43 41 43 41 43 42 -19 -15 -16 -15 -18 
-16 -17 -18 -18 -17 -16 -18 -17 -18 -15 -18 -18 -18 -18 -16 -17 -18 -17 -17 -16 -17 -17 -17 -16 -19 -16 -16 -17 -17 -16 -17 -17 -19 -16 -16 -15 -17 -18 -17 -18 -17 -16 -17 -18 -17 -17 -18 -18 -17 -17 -16 -17 -18 -19 -17 -15 -14 -16 -15 -15 -16 -18 -16 -17 -17 -14 -16 -15 -15 -16 -15 -15 -15 -13 -15 -13 -13 -10 -11 -8 -8 -7 -6 -3 -1 3 5 6 10 11 15 17 18 21 25 26 30 32 34 37 
37 40 43 45 47 45 47 46 48 44 43 40 36 35 30 27 24 19 16 13 12 7 6 2 -1 -3 -4 -5 -8 -7 -6 -6 -7 -7 -5 -7 -6 -7 -3 -3 0 1 2 6 5 8 8 12 14 15 17 21 22 23 24 25 27 28 29 31 31 32 34 34 36 34 36 35 37 35 37 37 38 40 39 40 42 42 43 41 41 43 42 43 44 44 43 44 44 43 44 46 45 45 45 44 44 43 45 45 
44 45 45 45 45 46 47 46 44 48 45 45 45 45 45 46 46 46 45 46 44 45 44 45 42 44 45 43 45 46 44 44 43 45 45 44 45 43 43 45 41 44 46 46 45 46 45 46 45 46 46 47 48 46 46 45 46 48 47 45 46 47 49 48 44 46 44 45 46 45 47 46 46 46 48 44 48 45 47 46 46 47 46 45 45 47 46 45 47 44 46 46 47 48 47 45 45 45 46 46 
48 46 45 46 46 45 46 44 46 44 45 47 47 45 45 47 43 45 45 45 46 45 45 46 45 44 47 46 45 46 45 46 44 44 44 45 45 45 46 44 45 45 45 46 46 45 46 45 44 46 45 45 45 46 45 44 42 43 44 46 44 46 44 43 43 45 42 42 44 43 45 44 44 43 43 42 45 44 44 44 45 44 45 44 42 45 44 46 42 41 43 42 43 45 44 42 43 43 43 46 
45 42 42 44 44 44 45 43 44 44 43 45 46 44 43 43 44 45 44 45 45 44 44 45 46 45 45 43 44 46 46 43 46 45 47 47 45 44 44 43 47 45 45 43 43 45 44 46 46 45 45 45 44 42 47 46 43 46 47 45 46 44 46 44 42 45 45 44 46 43 45 44 45 46 44 43 43 44 43 45 46 43 46 45 45 44 45 43 45 44 46 43 45 44 45 44 43 45 43 45 
43 45 44 44 43 44 45 45 42 44 44 43 45 46 44 44 45 43 45 43 44 41 44 45 44 43 43 44 44 42 44 42 43 44 44 43 43 44 43 43 45 43 45 43 45 43 44 44 45 44 44 45 45 45 43 43 44 46 43 41 43 45 44 47 44 44 46 44 44 44 46 41 46 44 44 44 44 44 44 43 44 44 45 45 42 48 44 44 44 42 45 45 42 44 43 44 43 44 45 43 
44 43 44 43 43 45 44 43 43 44 43 44 47 45 45 41 44 44 45 42 43 44 44 43 43 45 44 43 44 44 43 44 45 43 44 43 43 45 42 45 44 43 43 46 41 44 45 44 43 43 44 43 43 44 43 44 43 43 42 44 43 41 44 43 44 44 43 46 43 43 44 43 45 43 45 43 43 45 43 45 46 45 44 45 43 44 45 43 43 43 44 43 45 42 43 46 43 44 45 45 
43 44 45 43 44 41 42 43 44 42 44 45 42 44 44 45 44 44 44 44 45 45 44 44 44 44 45 46 44 45 44 44 46 44 44 43 45 45 44 43 44 45 44 44 43 43 44 43 43 45 43 44 42 44 43 44 43 44 44 44 44 44 44 44 44 43 44 44 45 45 44 44 45 44 45 46 44 44 44 43 43 43 42 44 44 44 45 45 43 42 45 42 42 43 43 44 45 44 45 44 
43 44 43 42 45 45 44 43 43 44 43 43 45 44 44 45 45 45 45 43 44 44 44 45 46 45 45 46 44 44 43 43 45 44 44 44 45 43 44 45 45 44 44 44 43 43 44 45 45 44 44 43 43 42 42 44 45 43 43 43 45 42 45 42 44 45 44 44 42 44 45 46 44 44 46 46 45 44 43 43 44 43 45 43 45 45 43 45 44 42 44 45 43 42 44 45 43 44 44 43 
43 44 45 43 44 44 41 43 44 43 42 44 43 44 44 41 44 43 44 45 42 44 43 45 43 44 47 43 44 43 44 44 44 44 42 43 43 43 44 44 43 43 44 43 41 43 43 45 43 43 44 46 44 42 44 44 43 44 46 44 45 41 45 43 45 44 45 44 45 44 44 44 43 45 43 44 44 44 46 44 43 43 43 44 43 44 44 44 44 45 44 45 44 43 -14 -15 -14 -16 -14 -15 
-17 -15 -16 -14 -17 -17 -14 -17 -14 -16 -16 -16 -16 -15 -15 -15 -14 -14 -16 -16 -15 -15 -18 -15 -14 -17 -16 -15 -14 -15 -14 -17 -14 -16 -16 -15 -16 -16 -16 -16 -15 -16 -16 -16 -16 -17 -15 -14 -14 -16 -14 -13 -16 -14 -15 -16 -16 -16 -16 -15 -15 -15 -13 -13 -15 -15 -17 -15 -16 -15 -16 -15 -16 -17 -15 -16 -14 -15 -14 -16 -14 -14 -14 -15 -15 -13 -12 -10 -11 -11 -9 -10 -9 -6 -6 -5 -3 1 1 2 
6 10 9 13 14 17 19 21 24 26 28 32 33 37 39 39 44 43 46 45 43 45 41 39 36 33 30 24 23 16 14 7 5 1 -2 -3 -7 -10 -14 -14 -15 -15 -16 -18 -18 -16 -17 -16 -15 -15 -13 -12 -9 -8 -6 -3 -1 1 6 8 9 12 16 17 20 24 28 28 30 30 31 35 36 36 34 38 38 37 38 37 39 38 38 39 41 40 43 40 42 41 40 42 41 41 43 40 41 43 42 41 
43 43 44 43 43 45 42 42 44 42 44 42 43 46 43 42 44 42 43 43 43 45 43 42 42 43 41 44 42 43 40 40 39 39 40 41 41 40 39 39 40 37 39 39 40 40 40 40 40 40 41 41 38 41 39 39 40 40 40 42 42 41 41 43 43 41 44 43 44 44 41 43 42 42 43 43 43 42 43 43 42 44 44 41 44 45 44 44 44 43 43 42 45 44 43 45 44 45 43 46 
44 43 44 44 45 43 42 44 43 45 44 45 42 43 44 43 45 41 43 44 43 44 43 43 42 41 42 43 40 42 42 41 41 44 39 41 43 42 40 41 42 40 41 39 42 39 41 43 41 40 41 42 41 40 41 42 40 42 40 42 44 40 40 42 41 43 44 44 45 46 42 43 44 44 42 43 44 43 43 44 44 44 46 46 48 45 46 44 43 46 43 46 47 42 45 44 45 44 43 45 
42 45 44 43 45 44 44 43 46 44 44 45 45 43 42 46 46 43 44 44 45 44 43 44 43 44 43 44 43 43 44 44 46 44 45 44 44 44 45 44 45 44 45 43 47 43 45 44 45 44 44 42 45 43 46 43 45 44 45 44 46 43 42 43 45 43 45 44 45 44 45 43 44 45 45 43 43 46 44 44 45 45 44 43 43 46 44 43 43 44 43 46 44 45 45 45 44 45 43 45 
45 44 45 45 43 43 44 45 45 45 44 44 45 44 45 45 42 44 43 45 43 43 44 44 46 45 44 44 43 44 43 44 45 44 45 44 42 45 45 42 43 45 45 44 46 43 41 45 44 45 43 42 45 44 43 42 43 41 42 46 44 42 44 44 43 43 43 44 43 45 42 42 45 44 42 44 44 42 45 41 44 42 44 42 44 43 43 44 43 44 43 43 46 42 42 44 43 43 45 41 
43 43 43 45 42 43 42 43 43 45 41 43 43 44 44 41 45 44 44 44 43 44 43 42 43 42 44 43 45 43 42 44 44 44 42 44 44 43 40 41 44 43 43 41 43 44 45 43 44 45 45 44 43 43 44 42 44 43 43 45 43 41 44 43 44 43 43 44 42 44 43 43 44 43 42 43 44 43 45 45 44 44 41 44 44 43 44 44 43 43 43 46 41 42 44 42 43 41 43 43 
43 44 43 43 43 42 43 43 43 42 43 42 41 42 44 43 43 44 44 42 43 44 44 43 43 42 45 42 45 44 43 44 44 43 43 41 44 43 43 42 44 43 44 44 42 44 44 44 44 45 44 43 43 42 44 44 43 43 44 43 41 45 44 43 42 42 42 40 42 45 46 42 42 43 43 45 45 44 43 43 44 44 43 43 44 42 42 44 44 45 43 45 44 41 45 43 43 43 41 44 
43 44 42 44 41 43 45 43 44 45 42 45 43 43 44 43 42 43 44 43 44 42 43 44 43 44 44 43 43 43 43 44 44 42 44 44 44 43 43 43 43 44 43 44 43 43 44 43 44 45 43 44 44 43 43 43 44 43 43 43 44 42 44 44 45 41 42 44 44 43 43 42 43 44 45 43 42 44 45 44 43 43 44 42 44 43 45 41 43 42 43 42 43 40 42 41 43 42 43 43 
41 42 41 44 43 44 42 43 44 44 43 43 42 46 42 44 40 44 42 44 45 43 44 43 43 43 43 43 46 41 45 46 44 43 44 43 43 43 43 44 43 44 43 43 44 43 44 42 43 43 45 43 43 45 44 41 44 45 44 43 43 43 41 43 44 45 42 43 43 43 45 46 43 43 42 41 43 45 46 44 44 45 42 43 43 44 42 42 42 43 43 43 44 -17 -18 -18 -17 -15 -15 -17 
-18 -16 -17 -16 -17 -16 -17 -16 -16 -14 -15 -17 -16 -16 -16 -16 -18 -17 -18 -16 -15 -16 -16 -17 -15 -15 -16 -16 -16 -16 -15 -17 -16 -15 -16 -16 -15 -15 -16 -15 -15 -18 -16 -14 -17 -14 -16 -16 -16 -16 -16 -16 -17 -14 -18 -18 -16 -16 -16 -18 -17 -16 -17 -18 -16 -17 -15 -15 -18 -15 -17 -18 -17 -16 -16 -15 -15 -17 -15 -17 -17 -16 -16 -15 -13 -17 -14 -13 -14 -12 -12 -12 -12 -11 -8 -10 -8 -7 -6 -4 
-3 -2 1 5 5 8 9 12 14 18 19 21 24 25 27 30 33 38 38 41 41 43 44 44 45 43 44 43 37 33 34 31 28 23 18 15 12 10 6 4 2 -1 -3 -3 -6 -7 -7 -9 -8 -6 -9 -6 -7 -7 -4 -3 0 2 6 5 7 11 11 18 18 24 25 27 30 33 34 36 40 41 43 45 46 45 45 46 43 43 45 46 45 44 45 43 43 45 44 45 41 40 42 43 44 42 43 41 
41 41 43 43 41 44 42 43 45 44 44 45 44 45 45 45 45 44 44 46 46 44 44 42 43 42 42 44 43 41 41 38 40 39 38 38 38 35 35 36 35 37 37 36 37 36 37 34 35 36 35 36 38 37 38 37 38 38 41 38 40 40 41 40 41 41 42 43 44 44 43 43 44 44 45 45 47 44 43 47 45 45 44 46 44 44 45 46 46 46 44 46 44 45 44 46 45 45 44 45 
45 43 44 46 46 48 45 43 47 45 46 46 44 44 45 45 45 44 44 44 45 43 47 46 46 44 46 43 45 45 44 44 45 44 44 44 43 44 43 43 46 44 43 44 45 43 44 42 43 45 46 46 42 45 45 43 44 43 43 43 42 44 45 46 43 44 46 44 45 46 44 44 46 45 45 43 45 45 44 45 46 44 44 45 46 44 46 47 43 44 45 43 43 44 46 45 45 45 45 43 
45 45 44 44 42 45 45 45 45 45 44 45 43 44 45 45 45 45 44 43 44 43 44 45 44 44 45 45 42 45 43 44 46 44 44 43 44 44 43 42 43 45 44 44 44 46 43 44 44 43 44 44 43 45 42 43 45 44 43 43 43 45 45 43 44 45 44 43 44 44 42 44 45 46 45 44 46 43 45 42 44 46 44 44 43 42 43 45 44 45 43 43 45 45 44 44 45 44 44 47 
46 45 47 45 45 45 44 45 44 44 43 45 45 44 45 45 45 44 43 44 44 44 45 45 45 43 45 44 47 45 44 45 44 43 46 44 45 45 43 46 45 45 44 45 44 46 45 44 45 43 45 44 45 45 45 44 46 44 42 44 44 44 44 44 44 45 43 44 46 45 43 43 43 45 45 42 44 45 45 45 44 42 44 46 46 46 44 44 43 46 44 44 45 45 44 44 42 46 45 43 
46 45 42 45 44 47 44 43 44 46 44 45 43 43 43 44 44 44 45 46 44 44 44 42 44 45 43 44 44 45 45 43 45 43 45 44 44 44 43 46 44 44 44 45 45 44 43 44 45 45 43 45 44 43 45 44 43 44 44 44 46 44 44 44 43 44 44 45 44 44 45 46 44 44 44 44 44 44 45 44 44 45 43 45 44 46 45 46 43 43 44 45 44 44 43 45 43 43 44 44 
44 44 45 44 44 45 44 45 44 45 43 42 44 43 44 43 43 42 47 43 42 44 44 46 45 45 46 44 44 45 44 44 43 46 44 44 43 42 44 44 46 46 45 44 44 42 43 43 43 44 43 46 44 44 45 44 44 45 44 44 43 44 44 43 43 45 44 43 43 44 44 43 43 45 43 44 45 43 45 45 45 43 45 45 44 45 44 44 43 44 43 43 44 45 45 46 44 42 41 44 
45 42 43 44 45 44 43 44 42 45 45 45 43 42 43 46 45 44 44 45 46 44 44 44 44 45 44 45 43 44 44 45 44 41 45 41 44 43 44 45 44 44 45 45 45 43 44 44 43 43 45 44 45 45 45 44 44 44 45 44 47 45 45 45 46 48 44 44 45 43 46 47 46 46 45 44 46 44 46 45 43 44 44 46 44 45 43 46 45 43 46 44 45 45 44 46 44 43 47 44 
45 43 45 44 45 44 43 45 44 43 45 47 43 46 44 46 44 46 44 44 46 46 46 45 44 47 44 45 43 45 46 45 45 44 46 45 44 45 45 45 44 43 45 42 45 44 46 44 44 45 44 45 46 44 44 43 45 44 43 45 43 42 45 44 43 45 43 43 45 43 46 45 46 45 44 44 44 44 43 45 46 45 43 44 46 44 43 44 44 45 46 -5 -27 -27 -26 -27 -29 -27 -26 -27 
-25 -26 -27 -26 -26 -26 -28 -26 -26 -26 -26 -25 -26 -26 -25 -25 -26 -26 -27 -25 -24 -25 -27 -26 -26 -25 -25 -27 -26 -27 -27 -25 -24 -26 -26 -25 -26 -27 -24 -24 -25 -24 -23 -24 -22 -23 -20 -19 -19 -18 -19 -19 -15 -15 -15 -12 -13 -12 -7 -6 -4 -1 -1 2 4 6 8 10 13 15 18 20 24 27 30 30 35 39 42 43 43 43 43 41 39 36 33 28 22 14 10 5 -4 -8 -10 -17 -21 -26 -26 -31 
-34 -37 -36 -39 -37 -39 -39 -38 -36 -37 -35 -33 -31 -25 -22 -20 -14 -13 -8 -3 0 4 12 17 24 24 34 35 39 43 44 46 47 47 47 45 45 43 39 38 36 34 32 30 28 27 22 23 21 19 20 17 16 17 16 15 15 15 12 15 16 15 16 15 17 19 18 22 21 21 23 26 26 30 30 33 35 35 38 39 41 41 43 43 45 44 42 44 44 46 42 41 42 43 41 39 40 37 38 38 
37 37 35 37 36 37 36 37 36 37 37 37 36 39 38 38 38 40 40 39 40 40 42 43 46 42 43 42 43 44 45 45 45 45 42 44 46 45 46 45 42 46 45 45 43 44 46 45 44 43 43 42 44 44 43 44 43 43 43 45 44 43 43 45 44 46 45 43 44 44 44 44 44 44 46 42 43 45 43 42 42 43 42 42 45 43 44 44 43 40 43 41 44 41 41 43 44 42 41 41 
42 40 41 42 41 43 44 43 42 43 43 44 42 44 43 44 41 42 44 44 43 43 43 43 44 43 44 44 45 44 44 45 43 45 44 46 45 45 46 43 44 46 45 44 43 46 45 46 45 44 46 45 44 43 44 45 46 44 45 45 44 45 46 45 44 43 44 43 44 44 46 44 45 44 44 42 44 43 44 44 44 44 44 44 45 44 45 45 45 43 44 44 46 44 44 44 43 46 44 45 
43 44 43 43 44 45 43 45 44 44 43 44 43 44 44 41 45 44 44 44 45 45 44 45 42 43 45 44 44 45 43 44 43 43 42 44 44 44 43 43 44 44 43 44 44 43 43 42 44 44 44 42 44 44 45 42 44 42 45 45 44 44 43 42 45 42 42 44 42 44 42 43 45 44 45 43 44 45 46 43 45 44 42 43 45 44 45 43 42 44 45 42 45 44 45 44 45 42 44 42 
45 45 43 44 42 41 42 44 45 43 44 44 44 44 44 44 43 42 43 43 42 44 44 43 42 44 45 43 43 42 46 43 45 44 43 45 44 43 42 44 45 44 42 44 43 43 44 44 44 43 44 45 46 42 43 43 45 44 42 44 42 43 45 44 43 44 43 42 44 45 44 44 46 41 44 43 43 45 44 44 44 44 46 43 45 43 43 43 44 43 43 44 45 45 44 42 42 44 42 43 
44 43 45 43 43 42 43 43 43 43 44 44 44 44 44 44 43 43 44 44 43 44 43 43 43 44 42 44 44 44 44 43 45 44 43 44 44 44 43 45 43 44 42 44 43 43 42 43 43 43 44 45 42 43 45 44 44 43 42 45 43 44 44 46 43 45 45 43 44 42 43 44 44 44 44 43 44 43 45 43 43 42 44 43 43 43 42 44 43 42 43 44 43 46 44 43 43 44 45 42 
41 44 46 43 44 44 43 43 44 44 43 44 42 43 44 43 43 44 44 46 44 42 45 44 44 44 43 43 42 43 44 43 43 45 43 43 45 43 44 44 42 43 44 44 44 45 42 44 44 44 45 44 43 42 42 44 44 42 44 43 43 44 43 44 43 42 42 42 43 42 43 44 42 43 43 42 43 44 43 45 42 42 44 42 41 44 43 43 42 43 45 44 42 45 41 45 41 45 43 42 
42 47 43 43 43 43 44 42 42 45 43 42 45 42 42 44 44 44 44 43 44 43 44 44 42 42 43 43 43 44 44 43 44 41 41 42 44 42 42 45 42 45 44 43 44 45 43 44 43 43 44 43 43 44 44 43 43 42 44 44 43 43 45 43 44 42 44 44 45 42 44 43 45 44 44 42 45 45 42 43 46 43 42 41 43 42 43 42 43 42 46 43 42 43 45 43 42 44 43 44 
45 43 41 42 42 43 44 44 40 44 43 42 45 45 41 45 45 42 43 45 44 44 42 43 42 45 44 45 43 43 44 46 43 43 43 43 43 42 44 43 43 44 44 45 43 44 44 42 42 42 43 42 44 42 43 44 43 42 43 45 44 43 41 44 42 44 43 41 43 43 44 44 43 44 43 44 42 43 43 43 42 43 42 43 45 42 43 45 42 43 44 -25 -26 -23 -24 -25 -26 -25 -23 -25 
-25 -25 -23 -24 -23 -23 -21 -22 -23 -23 -24 -24 -23 -25 -24 -24 -24 -24 -24 -23 -25 -23 -26 -24 -26 -26 -25 -24 -24 -26 -24 -25 -25 -25 -24 -24 -23 -24 -23 -23 -26 -24 -23 -25 -24 -24 -25 -26 -26 -24 -23 -25 -24 -24 -23 -23 -20 -22 -22 -21 -21 -22 -20 -20 -15 -18 -17 -14 -12 -11 -7 -8 -5 -4 -2 2 5 5 11 13 18 19 22 23 26 28 33 35 38 37 40 38 40 38 37 34 29 24 17 15 
9 1 -2 -8 -11 -17 -21 -22 -29 -28 -32 -32 -35 -37 -36 -37 -36 -36 -36 -35 -33 -29 -30 -26 -25 -20 -17 -16 -11 -7 -3 0 6 10 13 19 24 28 30 32 35 37 40 40 38 39 40 40 40 39 39 37 37 38 36 36 35 35 35 35 36 35 35 35 34 36 34 37 37 36 39 38 38 37 39 39 39 41 40 42 41 41 40 41 41 39 38 38 37 39 37 35 34 35 31 32 29 28 28 25 
25 24 23 21 21 20 16 18 18 18 16 18 17 16 15 14 16 18 19 18 21 22 18 22 24 24 25 27 29 29 30 32 34 33 36 35 38 38 38 37 39 41 41 41 41 41 41 41 42 40 41 41 39 40 39 40 41 41 40 40 39 40 40 40 40 39 40 39 40 38 40 40 39 38 40 39 40 41 41 39 44 41 39 40 39 39 41 42 39 42 39 36 38 39 38 37 37 36 36 35 
34 34 34 31 32 32 30 30 29 28 27 28 29 28 28 28 27 27 27 28 29 30 30 31 31 29 30 32 32 32 33 34 33 37 36 36 39 40 36 39 39 38 41 38 41 39 40 40 40 40 38 41 41 39 41 42 41 41 40 41 41 43 41 40 42 42 41 42 41 41 41 38 39 41 40 41 42 41 42 41 39 40 40 41 41 41 41 38 39 39 39 39 38 38 40 38 35 37 40 38 
39 37 36 37 37 38 39 36 35 35 37 37 38 37 37 38 37 36 36 38 37 35 38 38 38 37 36 38 39 38 39 40 38 39 41 39 38 38 40 39 39 39 41 39 42 38 40 40 39 41 42 38 40 41 39 39 42 40 41 41 40 41 39 40 39 40 40 40 37 39 40 38 40 41 39 38 39 39 39 40 39 40 39 37 37 40 37 36 39 37 37 39 40 38 39 39 38 39 37 40 
38 38 40 40 37 39 37 39 40 37 37 38 38 40 38 38 39 40 38 38 38 39 38 38 40 41 39 40 39 41 37 38 40 40 40 40 38 38 39 39 38 39 39 38 38 39 40 39 38 39 40 39 39 39 38 38 38 39 38 40 40 39 40 38 40 38 41 40 38 36 37 39 40 39 39 37 39 38 39 39 39 41 39 38 39 38 37 38 39 39 39 39 39 38 38 39 37 39 39 37 
39 41 38 39 37 37 37 37 37 39 39 40 39 37 37 38 39 39 38 37 38 37 40 38 40 38 38 39 37 38 41 38 39 37 38 38 38 37 39 38 40 39 37 38 36 39 40 38 39 38 38 39 40 40 40 39 37 38 39 37 40 40 38 38 38 40 38 38 37 38 38 40 37 39 37 39 38 39 37 38 38 36 38 40 36 38 39 39 37 40 38 40 39 37 39 39 39 40 38 39 
36 39 37 40 38 37 39 38 37 36 37 38 39 39 38 38 38 37 38 39 40 38 37 39 40 37 38 39 38 37 39 38 40 38 37 39 38 39 39 36 39 37 40 40 39 38 38 39 37 38 38 39 38 38 37 37 39 41 41 39 39 40 36 40 38 39 39 39 38 40 38 38 38 38 38 39 38 39 37 39 39 37 39 39 37 40 37 40 38 37 39 38 38 38 39 38 39 38 37 40 
38 38 40 38 36 39 39 39 38 38 39 40 38 38 40 40 40 38 39 38 39 38 38 39 38 39 38 37 37 38 40 38 37 36 38 39 40 38 36 38 38 38 39 39 39 39 39 38 37 38 38 36 39 39 39 39 38 40 37 39 38 37 39 39 38 38 38 38 38 39 39 38 38 38 38 39 37 36 37 39 37 40 38 38 40 39 38 37 38 37 38 40 37 37 39 39 38 39 38 39 
41 39 39 39 39 39 37 38 38 38 39 39 38 39 38 37 39 41 38 38 37 39 38 39 39 39 39 39 38 39 38 38 38 38 39 38 37 39 40 39 40 39 38 40 38 37 39 37 40 39 38 37 39 39 38 38 39 39 39 41 39 36 39 39 39 37 38 38 36 39 39 39 38 39 39 39 40 37 37 42 39 40 36 38 40 39 39 38 38 40 -23 -23 -23 -23 -24 -23 -23 -23 -21 -22 
-23 -23 -24 -24 -22 -23 -22 -24 -23 -22 -23 -25 -23 -25 -22 -22 -23 -24 -23 -23 -22 -24 -23 -24 -20 -24 -24 -20 -22 -23 -23 -23 -24 -22 -22 -21 -24 -22 -23 -22 -22 -22 -23 -23 -24 -21 -23 -22 -24 -24 -22 -22 -23 -23 -23 -22 -22 -24 -24 -21 -23 -21 -23 -21 -25 -23 -22 -22 -23 -23 -24 -22 -25 -22 -21 -22 -23 -21 -25 -22 -22 -22 -22 -23 -22 -23 -23 -22 -22 -23 -23 -22 -23 -22 -24 -22 -22 -23 -23 -21 
-19 -21 -20 -20 -23 -19 -18 -19 -20 -17 -16 -16 -15 -14 -13 -14 -9 -8 -5 -5 -3 -2 1 4 6 9 10 13 16 18 22 23 28 28 31 33 37 39 40 39 39 39 38 37 31 28 26 20 15 9 3 -1 -6 -9 -15 -17 -22 -25 -28 -29 -32 -32 -33 -33 -34 -33 -36 -32 -34 -31 -28 -28 -26 -24 -21 -18 -16 -12 -8 -4 -3 3 6 10 12 17 20 24 25 29 30 30 32 34 35 37 36 36 39 35 
37 38 37 36 38 38 38 38 39 38 39 39 38 38 39 39 39 40 39 41 39 38 38 40 40 40 38 39 37 37 36 37 37 35 34 35 33 32 32 32 30 30 30 30 28 28 27 29 27 25 29 28 28 29 27 28 28 27 29 27 26 29 31 31 33 33 30 32 31 34 36 34 35 36 37 37 36 39 37 38 38 40 38 42 40 39 41 39 38 42 40 40 40 41 40 42 40 40 41 40 
42 40 42 41 41 42 40 42 41 41 39 41 40 39 40 39 40 40 39 39 38 41 40 41 39 38 37 38 38 39 39 39 39 39 37 38 39 37 36 36 37 37 35 36 35 35 35 35 34 37 35 35 37 36 35 36 34 34 33 35 35 33 35 35 36 37 35 35 36 37 37 37 36 37 38 36 38 39 40 38 39 39 38 40 39 38 40 39 40 40 41 40 38 39 40 39 40 40 40 39 
40 40 40 38 40 39 40 41 40 40 40 39 41 40 37 41 39 40 40 41 42 37 39 38 38 38 37 38 39 38 38 38 38 39 36 36 36 38 38 38 36 36 36 38 38 36 37 37 40 37 36 35 37 37 38 37 37 37 37 36 39 39 37 37 36 36 39 38 37 38 39 37 38 36 37 36 36 39 39 39 38 39 40 40 40 38 38 37 37 38 39 40 39 38 38 39 38 38 38 37 
39 40 38 39 39 40 39 39 38 38 38 38 38 38 38 38 40 38 38 39 37 37 38 39 39 38 38 38 38 40 38 38 36 36 41 38 38 39 39 37 38 39 39 38 40 40 38 40 40 39 38 39 39 37 37 37 37 38 39 38 37 38 39 37 39 39 37 39 39 37 38 36 37 39 37 38 38 37 38 37 38 40 38 37 37 38 39 38 38 39 37 38 39 39 38 37 37 38 37 38 
37 39 38 39 39 38 38 39 37 38 39 37 40 38 38 38 38 39 36 38 39 38 38 39 38 38 38 38 37 38 40 38 38 39 37 40 37 37 37 38 39 38 38 38 37 39 37 37 38 38 39 38 39 37 39 38 37 38 38 38 36 39 39 39 37 36 38 38 38 37 37 37 38 37 37 38 38 37 35 39 38 36 38 39 40 36 36 36 37 38 39 38 39 38 38 38 37 37 40 39 
39 38 38 39 38 39 38 40 38 37 39 36 38 39 38 38 40 39 39 39 37 38 36 38 38 37 36 38 39 39 39 38 38 38 36 39 38 36 40 39 37 36 39 37 37 37 36 37 38 37 40 39 37 41 39 39 38 39 38 37 38 38 36 36 38 38 36 38 37 37 38 37 35 38 38 39 39 38 39 39 39 38 36 37 39 37 38 40 39 37 37 38 39 39 38 38 39 38 37 37 
40 39 38 37 39 39 37 38 38 39 39 38 38 38 37 39 35 39 38 37 38 39 38 36 39 38 37 38 39 38 38 38 38 38 38 38 37 39 39 37 37 38 40 36 37 39 37 36 35 38 36 38 37 38 38 39 37 40 38 40 38 37 38 38 37 38 37 39 38 36 38 37 38 39 39 39 39 37 37 36 37 38 39 37 36 35 39 37 36 40 37 39 38 38 39 37 38 38 39 36 
39 37 37 38 39 37 39 39 38 39 38 37 38 37 36 37 39 38 39 38 38 38 39 39 38 37 37 37 39 37 38 39 38 38 38 39 37 39 39 37 40 38 39 38 38 38 38 39 38 40 38 38 37 39 38 37 38 40 38 38 38 39 37 38 39 37 38 38 39 39 36 39 38 38 36 38 38 37 37 39 38 37 38 38 41 37 37 37 38 -22 -21 -20 -22 -21 -21 -23 -20 -22 -23 -22 
-20 -22 -20 -24 -21 -22 -21 -23 -22 -22 -23 -20 -23 -21 -21 -22 -22 -22 -22 -22 -23 -22 -23 -22 -23 -21 -24 -22 -23 -23 -22 -23 -23 -23 -22 -22 -22 -22 -22 -22 -23 -23 -22 -22 -21 -22 -23 -26 -22 -22 -21 -23 -22 -23 -21 -21 -21 -24 -24 -22 -22 -22 -24 -21 -23 -20 -22 -20 -20 -20 -19 -19 -20 -17 -19 -17 -18 -15 -15 -15 -14 -12 -11 -10 -8 -9 -8 -4 -2 -1 1 5 5 6 10 13 16 20 21 21 
27 29 31 35 35 39 39 40 42 39 39 40 36 30 27 24 18 13 11 5 2 -3 -9 -9 -14 -16 -19 -22 -23 -24 -24 -28 -25 -28 -27 -27 -24 -24 -23 -21 -19 -18 -14 -10 -10 -7 -4 0 3 5 11 11 18 20 22 24 28 29 31 31 32 32 34 35 36 37 36 39 37 38 38 38 40 39 38 38 39 37 40 38 39 38 40 40 41 40 38 40 41 39 42 38 39 41 40 38 36 40 39 37 
37 37 39 35 34 35 34 36 35 33 34 33 36 32 32 32 31 33 31 31 30 31 32 31 31 33 32 33 32 34 31 34 35 35 34 36 35 34 36 35 35 35 37 37 39 36 39 37 39 38 39 42 40 39 38 41 39 40 41 40 40 40 38 40 41 40 40 41 41 40 42 41 39 40 39 41 41 42 40 41 40 40 43 40 38 38 38 39 39 40 39 39 40 41 41 39 37 40 38 38 
40 38 37 38 37 37 39 38 36 36 37 37 39 36 37 37 37 36 35 36 38 37 36 36 37 38 38 36 35 36 37 37 39 37 38 37 39 39 37 39 40 38 37 38 38 38 38 38 39 40 37 38 40 40 40 40 40 39 37 39 38 39 39 40 39 39 38 39 38 36 40 39 39 39 39 39 39 38 39 38 40 38 41 40 38 38 38 38 39 38 39 39 40 37 40 39 37 38 36 38 
40 36 39 37 38 38 37 37 38 38 38 36 38 39 39 37 37 37 39 37 39 36 38 38 37 38 40 37 39 38 37 38 38 37 37 38 37 40 37 39 37 39 38 38 36 37 38 39 37 38 39 36 39 39 37 39 39 39 38 39 39 38 36 37 38 38 38 38 38 39 39 38 37 38 41 36 38 40 39 37 36 38 38 38 39 38 40 38 38 39 38 39 40 39 38 37 37 39 38 38 
37 37 37 40 39 37 40 37 39 37 39 39 39 36 37 39 39 39 39 38 37 40 39 40 36 39 38 38 39 38 38 37 37 37 39 37 39 40 38 38 39 38 37 38 37 38 40 39 38 37 36 37 39 38 38 37 39 39 37 41 38 39 37 38 38 38 38 38 40 39 39 39 41 39 38 37 37 36 40 38 38 37 37 36 39 39 38 39 38 36 40 37 39 38 38 39 39 39 39 37 
40 40 38 38 40 39 37 39 40 37 38 37 36 39 38 39 36 39 37 39 38 37 37 37 38 40 37 37 39 40 39 36 38 39 38 38 39 37 37 39 40 38 38 39 38 38 38 39 38 36 38 38 39 37 40 39 38 41 37 39 38 40 38 39 37 39 39 39 38 40 39 38 38 40 38 39 38 37 40 37 36 38 40 39 38 40 38 38 37 38 38 39 39 40 37 38 40 37 37 38 
37 40 38 40 39 39 38 39 38 38 39 39 37 39 39 38 37 37 38 40 38 39 37 37 36 35 37 40 37 39 38 39 36 38 38 38 39 36 36 39 38 37 38 36 39 38 38 38 39 38 37 40 38 38 38 37 39 40 37 38 39 36 39 39 37 37 38 38 38 39 37 37 38 40 38 39 38 38 40 39 39 39 37 39 38 36 38 39 38 38 38 39 40 40 41 37 38 38 40 38 
37 37 40 38 39 37 38 39 37 39 38 36 39 40 39 38 39 37 37 38 39 39 38 38 40 39 40 39 39 37 39 38 38 40 37 38 35 38 39 38 39 39 39 39 39 39 38 37 37 37 37 38 37 39 38 38 39 38 39 39 39 38 37 39 39 38 38 39 36 38 37 38 38 39 37 37 38 40 37 38 38 37 38 37 40 37 37 38 37 36 39 37 38 41 38 38 38 37 39 38 
38 39 38 40 39 39 39 40 39 37 38 37 39 39 39 39 38 38 40 38 39 38 38 37 38 40 38 38 40 38 40 37 38 39 38 40 38 38 38 38 40 39 39 36 40 38 39 38 39 38 38 36 39 38 40 39 38 38 40 39 39 39 40 39 39 39 37 38 39 38 38 39 41 38 39 36 39 38 39 38 39 37 39 36 39 38 37 39 -20 -23 -24 -22 -22 -21 -20 -20 -22 -20 -22 -22 
-21 -21 -18 -20 -20 -21 -21 -23 -21 -21 -22 -23 -20 -21 -21 -21 -22 -21 -21 -20 -21 -18 -20 -17 -18 -17 -15 -15 -14 -16 -12 -13 -11 -7 -8 -6 -3 -1 1 2 6 8 10 12 16 17 23 24 27 30 33 34 37 38 40 41 41 40 40 34 33 29 28 22 19 15 9 4 -1 -1 -6 -9 -13 -14 -16 -19 -22 -22 -26 -24 -27 -27 -23 -23 -22 -20 -21 -16 -19 -14 -12 -9 -7 -6 -1 1 4 7 10 13 
16 19 21 24 26 26 27 31 32 35 33 35 36 34 37 38 38 36 39 39 42 41 40 39 39 41 41 41 42 43 41 41 43 41 42 42 42 41 41 41 43 40 43 40 41 39 41 40 40 37 40 38 41 40 39 38 39 38 38 36 39 37 36 35 38 36 36 37 37 35 34 36 33 37 36 37 34 36 37 35 35 36 36 38 36 35 36 37 35 38 37 38 38 37 39 39 35 39 40 39 
41 39 40 41 41 40 38 38 43 40 39 40 39 39 40 39 40 41 41 39 41 41 41 39 43 41 40 40 39 40 40 41 41 41 41 39 43 37 39 42 39 41 39 38 39 41 40 40 39 38 39 40 39 39 38 38 39 37 38 40 38 37 39 37 40 39 37 39 37 39 37 38 37 37 37 37 37 38 36 38 37 37 39 37 38 39 37 39 40 38 39 39 37 41 40 37 41 40 42 39 
40 40 40 40 40 40 41 42 42 40 42 43 41 44 43 42 40 41 43 41 40 41 41 43 41 39 42 41 40 39 39 41 41 40 40 39 40 41 41 39 41 40 40 39 38 39 39 39 41 37 38 35 38 38 37 36 37 38 36 37 36 35 36 36 37 36 35 36 34 36 35 36 35 35 37 36 34 34 33 35 36 38 35 38 36 39 36 37 38 38 37 39 40 36 38 38 39 38 39 39 
39 41 39 43 40 38 41 39 40 42 41 40 41 41 39 40 41 42 41 41 39 41 40 40 41 40 40 40 39 41 41 40 40 38 42 40 42 41 42 41 40 41 41 41 40 41 40 41 41 40 40 40 40 41 40 40 40 40 40 37 42 40 39 40 39 40 40 40 39 42 38 39 40 40 38 40 40 40 38 40 41 39 40 41 38 42 39 42 39 40 41 39 41 40 41 41 39 41 40 41 
41 38 39 40 41 40 41 42 40 41 39 43 38 39 39 39 41 37 42 41 40 40 39 40 38 37 40 40 39 41 40 39 41 40 39 40 42 40 40 40 40 38 39 41 41 41 41 41 40 42 37 40 40 39 37 39 42 42 40 40 39 39 38 39 40 40 40 39 40 41 39 38 38 39 40 39 40 39 39 40 40 42 40 41 41 41 40 39 40 39 40 39 40 40 38 40 42 41 40 41 
40 39 41 41 42 40 42 41 39 42 39 40 44 37 39 39 40 38 40 40 39 41 39 41 40 39 40 38 38 41 41 39 40 40 40 40 39 40 41 41 40 42 40 41 39 39 40 39 41 41 41 39 39 40 39 41 39 39 41 41 40 41 39 38 40 40 39 40 41 41 39 41 40 39 38 39 38 41 41 38 40 41 39 41 42 40 39 38 39 41 40 41 38 41 41 41 38 40 40 39 
39 39 40 42 39 41 40 41 40 39 42 39 42 39 39 41 39 40 40 39 38 42 39 41 39 41 40 41 39 41 39 39 39 38 41 38 41 39 38 39 39 40 38 38 40 39 40 39 39 41 39 41 40 41 40 40 42 39 40 40 40 39 39 39 39 42 40 39 40 40 38 40 40 40 39 43 41 40 39 40 39 39 39 41 40 40 41 40 40 39 38 40 39 39 38 41 40 41 41 41 
39 38 39 40 41 39 41 40 38 38 40 41 39 40 40 41 41 39 39 41 42 40 39 41 40 40 40 41 39 40 39 41 40 40 40 42 40 39 39 40 38 41 40 39 41 41 41 39 39 39 42 41 40 39 40 40 40 40 39 39 39 38 40 41 40 39 41 41 41 39 40 40 42 41 39 39 39 41 40 39 40 41 39 40 40 41 40 40 39 41 41 40 39 39 41 41 41 40 39 39 
42 39 40 41 41 40 42 39 40 38 42 40 39 40 40 39 40 40 41 40 42 40 41 40 41 40 41 39 38 41 39 40 39 40 39 38 41 40 40 40 41 40 40 41 39 41 41 41 39 40 41 40 39 39 40 40 39 40 40 40 39 39 41 39 41 41 39 39 40 39 38 39 39 39 41 41 40 40 39 40 42 39 39 41 41 40 40 -20 -21 -20 -20 -21 -19 -22 -22 -21 -21 -21 -21 -20 
-22 -22 -21 -20 -21 -21 -20 -21 -21 -20 -21 -21 -24 -21 -21 -23 -18 -22 -20 -19 -22 -20 -24 -21 -22 -19 -22 -21 -21 -20 -23 -23 -21 -20 -21 -23 -19 -21 -23 -21 -21 -22 -21 -22 -20 -21 -18 -21 -23 -20 -19 -22 -23 -21 -19 -21 -21 -20 -22 -21 -22 -22 -21 -21 -21 -21 -21 -21 -21 -22 -21 -20 -21 -19 -20 -21 -20 -20 -21 -22 -21 -19 -19 -21 -20 -21 -21 -22 -22 -22 -22 -19 -21 -20 -20 -21 -18 -19 -18 -19 
-16 -16 -16 -16 -14 -15 -10 -11 -10 -7 -7 -5 -3 1 2 4 7 11 11 13 18 19 23 25 29 31 33 36 39 40 41 41 39 42 42 38 35 33 29 27 21 18 13 8 6 4 -3 -5 -8 -13 -14 -18 -19 -21 -21 -21 -22 -23 -22 -22 -20 -19 -20 -20 -17 -14 -13 -11 -9 -7 -4 -4 1 3 5 9 9 13 17 21 19 24 23 23 25 27 28 28 33 30 30 31 30 30 32 30 31 31 32 33 
31 34 32 32 33 32 32 33 31 30 32 31 30 31 31 32 31 31 30 29 31 29 30 30 29 28 29 30 28 28 30 29 30 30 28 29 31 31 30 28 31 33 30 32 32 31 33 33 34 35 34 34 34 34 33 34 34 35 34 34 35 34 36 36 36 36 37 36 37 38 37 37 37 39 38 37 35 38 38 36 37 36 36 35 36 37 37 37 36 37 38 35 37 35 35 37 35 35 34 34 
35 37 35 37 35 36 33 34 35 34 36 34 35 34 34 36 34 35 34 33 33 35 36 33 34 33 35 34 33 34 35 34 35 37 35 35 35 35 35 35 36 35 35 36 36 35 36 36 36 37 37 37 35 36 36 37 37 37 36 37 38 36 38 37 37 37 36 36 37 38 34 37 36 37 36 39 34 37 37 37 36 37 37 35 34 34 37 36 37 36 34 36 37 36 36 36 36 38 37 36 
36 36 36 37 37 34 38 36 36 36 37 37 39 34 38 36 36 36 37 36 36 37 38 37 37 38 35 36 35 35 35 36 37 36 34 36 37 37 36 35 36 36 36 37 36 36 36 36 35 35 38 37 37 35 38 38 36 35 35 36 37 36 36 36 37 35 37 39 39 35 35 37 36 34 36 38 37 36 38 38 37 36 34 35 37 37 36 38 38 36 37 37 38 37 37 35 36 36 37 40 
36 37 36 36 37 37 38 39 37 36 37 39 37 37 35 38 38 36 37 38 38 39 35 38 37 37 38 36 35 38 36 36 37 37 37 36 38 37 38 36 37 37 37 38 38 38 37 36 39 37 37 36 37 37 35 36 36 37 37 37 36 36 37 37 37 38 38 34 39 40 38 37 38 37 37 36 38 39 36 38 37 37 37 39 35 37 38 37 39 37 37 39 37 38 38 37 35 39 37 35 
37 38 36 37 37 38 37 37 36 35 37 38 38 38 36 36 37 38 39 37 38 38 37 37 36 35 37 37 37 36 37 37 38 38 36 36 36 36 38 36 37 36 38 38 39 38 37 39 39 39 38 37 36 39 37 37 37 39 37 37 36 37 36 39 39 37 38 37 39 36 37 39 37 37 38 36 36 36 38 37 37 37 37 38 38 35 36 37 38 39 39 38 38 37 37 40 40 39 38 37 
38 38 37 34 38 37 37 38 38 40 36 38 37 38 37 39 38 39 39 37 38 37 37 38 39 39 40 36 37 37 37 38 36 37 38 38 38 39 37 39 38 36 37 36 37 38 37 36 37 36 37 37 39 37 37 37 38 38 38 39 36 39 38 38 36 38 38 38 37 37 39 38 35 36 35 37 38 38 39 38 36 36 37 37 37 36 38 37 39 38 38 36 39 38 38 39 38 38 38 38 
39 38 39 37 35 38 38 38 39 37 36 39 36 36 38 37 38 36 38 38 36 38 40 37 37 39 37 36 37 37 38 38 36 38 39 38 37 36 36 36 39 38 40 36 38 37 36 37 37 38 38 40 36 36 35 37 38 37 39 35 37 37 39 39 38 38 35 38 37 39 39 37 40 37 38 37 39 36 37 38 38 38 37 38 38 38 38 37 37 36 37 39 39 38 38 38 37 37 38 37 
36 37 40 38 36 36 38 37 38 36 37 38 36 37 38 37 37 37 35 37 38 37 37 37 38 37 36 37 38 37 38 38 39 37 37 38 38 36 37 38 36 39 37 37 38 38 37 37 39 39 37 38 37 38 37 36 36 37 38 38 38 37 35 36 37 39 38 37 37 37 38 35 38 36 37 38 37 38 39 37 37 38 37 36 36 37 -23 -23 -20 -19 -22 -21 -22 -22 -23 -23 -22 -21 -22 -20 
-22 -22 -21 -21 -21 -23 -22 -22 -22 -20 -22 -24 -21 -22 -22 -21 -22 -23 -22 -21 -24 -22 -23 -22 -22 -21 -21 -19 -21 -20 -20 -21 -21 -20 -20 -21 -18 -19 -18 -18 -17 -17 -15 -15 -16 -15 -11 -10 -11 -9 -5 -4 -4 -3 -1 4 2 7 7 10 12 17 19 21 21 25 27 30 32 36 37 37 39 41 39 38 36 33 31 30 26 21 19 16 10 7 3 1 -4 -4 -6 -9 -13 -12 -15 -14 -14 -14 -14 -15 
-15 -13 -13 -9 -9 -9 -7 -4 -2 0 2 7 9 10 12 15 19 21 24 24 26 29 29 31 32 34 34 33 35 35 35 36 35 35 35 37 37 37 38 36 36 37 36 37 37 38 38 37 38 37 35 35 37 38 36 35 36 37 34 34 35 32 35 34 32 33 36 34 31 33 29 33 33 33 31 30 31 31 30 31 29 31 31 31 31 32 32 30 32 34 32 31 33 34 32 33 35 33 34 35 
35 36 37 36 38 37 35 39 39 40 38 38 38 38 40 41 41 37 41 41 38 41 40 40 40 40 41 40 39 39 42 40 41 41 37 40 40 40 41 38 40 41 39 39 40 41 38 40 39 40 41 39 39 39 38 37 38 41 38 38 37 36 37 38 37 39 38 37 35 36 37 35 36 37 35 35 35 36 36 37 37 38 35 38 37 38 35 36 36 37 37 37 37 37 39 37 38 36 38 37 
40 37 38 40 38 38 39 37 40 38 39 36 39 37 36 37 39 38 38 38 39 37 39 40 39 38 38 40 39 40 38 38 38 37 39 38 39 37 38 38 37 41 37 37 37 36 38 37 37 39 39 36 36 39 36 38 37 40 37 38 38 35 35 37 38 37 39 38 37 38 38 37 40 38 39 37 38 36 36 38 37 39 38 38 37 36 38 37 38 38 37 38 37 38 38 39 38 38 38 38 
38 38 37 36 38 40 38 37 38 39 40 39 39 37 36 39 37 39 38 39 36 37 38 39 39 39 38 37 39 38 40 38 39 38 39 37 38 38 40 38 40 38 40 37 40 38 37 38 39 39 39 39 39 39 39 37 40 37 39 37 40 39 38 39 38 38 38 37 37 38 38 37 37 40 37 40 39 39 38 36 38 37 37 39 37 38 36 38 38 37 38 37 37 39 38 38 39 38 38 40 
38 38 41 38 37 37 41 38 38 39 37 37 38 38 39 39 38 38 37 38 38 39 39 40 38 38 38 36 38 40 37 38 38 39 39 37 38 37 38 39 38 38 38 38 38 39 39 37 40 41 40 37 39 39 38 40 38 37 38 38 38 38 37 38 35 38 38 37 37 39 40 37 37 37 38 38 38 37 37 39 39 39 39 39 38 39 37 38 39 38 37 40 38 38 39 36 39 39 38 40 
38 37 37 38 39 38 38 38 36 39 37 37 38 37 40 39 39 38 37 40 38 39 40 38 37 37 39 41 38 37 40 39 39 39 37 38 37 37 37 39 37 39 39 35 39 39 37 38 36 37 37 37 38 36 38 38 37 38 39 37 37 38 39 39 39 37 40 38 39 40 40 39 38 39 38 37 37 39 38 40 38 36 40 40 39 39 36 38 40 37 38 37 39 37 36 37 39 39 38 39 
37 40 37 39 38 38 40 38 39 37 38 38 37 39 39 37 38 39 36 37 37 40 39 37 38 39 38 39 36 38 40 38 37 39 39 36 35 39 40 38 39 40 38 36 38 39 38 38 38 39 37 42 38 39 37 37 38 38 39 38 36 37 38 38 39 38 37 37 38 40 38 38 38 39 40 40 38 39 38 38 39 40 39 37 38 35 38 38 37 38 39 37 37 37 39 37 39 39 39 39 
39 39 38 37 36 39 38 38 39 39 38 40 40 36 39 38 42 37 38 37 38 39 37 38 39 37 37 36 39 40 39 40 37 39 38 36 38 39 37 39 38 36 38 37 36 37 38 41 38 39 38 38 40 38 38 40 36 38 42 40 37 37 38 39 38 36 39 40 38 36 38 37 38 37 38 38 39 38 38 37 38 39 38 39 39 37 40 40 37 37 37 39 38 39 40 38 39 37 38 39 
40 39 39 40 38 36 38 38 38 38 39 37 37 39 37 38 38 37 37 38 39 38 39 38 38 39 38 38 38 38 39 40 40 37 39 39 36 37 37 37 37 40 39 38 38 37 36 38 39 38 37 38 39 37 39 35 39 38 38 38 39 39 40 39 39 37 37 38 38 38 39 39 37 40 38 36 40 37 39 37 39 39 37 37 39 -20 -21 -20 -19 -20 -21 -21 -21 -20 -21 -22 -22 -22 -22 -21 
-21 -22 -20 -24 -20 -22 -20 -21 -22 -20 -21 -19 -21 -21 -20 -21 -21 -21 -21 -21 -22 -20 -23 -21 -21 -19 -21 -21 -21 -20 -21 -21 -21 -20 -19 -21 -22 -20 -22 -20 -20 -21 -20 -21 -21 -19 -21 -20 -21 -22 -20 -21 -21 -21 -20 -20 -20 -21 -20 -19 -20 -22 -20 -20 -17 -20 -19 -16 -18 -16 -18 -17 -16 -16 -14 -15 -13 -10 -12 -10 -6 -5 -5 -3 1 2 3 7 11 8 14 16 17 19 24 26 29 31 33 38 
37 38 38 40 41 42 40 40 37 35 34 31 29 27 24 20 17 14 13 9 9 7 5 3 2 1 1 1 1 0 1 2 4 1 5 6 8 8 9 12 10 13 15 16 19 19 19 25 25 25 28 28 31 27 30 30 32 32 33 34 34 33 36 34 35 34 34 37 37 33 37 32 33 35 36 35 36 32 35 35 35 34 36 33 32 33 32 31 32 32 33 33 30 30 30 31 31 30 28 28 
28 30 30 29 27 28 27 29 28 30 32 29 30 30 30 31 32 33 29 30 31 32 33 32 33 30 34 34 33 35 35 33 34 34 35 36 35 33 36 37 33 35 35 36 36 36 37 37 36 36 37 37 36 38 37 38 35 36 36 37 35 35 37 37 36 35 36 36 35 36 33 35 34 34 36 35 35 36 35 34 32 35 35 34 34 34 36 34 33 35 35 33 34 34 33 34 35 34 32 36 
34 36 34 36 33 36 34 35 35 36 35 37 35 35 35 35 35 36 36 35 35 35 36 36 36 36 35 35 35 36 37 36 36 36 39 37 38 37 37 36 35 37 35 34 34 37 36 36 35 36 36 35 35 35 37 35 35 36 36 35 35 36 36 37 36 35 38 33 35 35 35 36 37 36 35 37 34 37 37 35 36 36 36 36 37 36 36 36 33 37 38 35 36 34 36 36 36 37 38 37 
34 36 35 36 37 36 34 34 35 36 35 35 34 36 36 36 35 35 35 35 36 36 36 34 37 34 34 34 35 34 35 34 35 36 34 36 37 35 35 35 35 36 36 35 37 35 35 37 36 34 35 35 36 36 36 36 37 37 34 36 37 35 37 37 35 36 36 36 34 36 37 37 38 36 36 35 36 34 35 37 35 35 35 36 37 35 37 36 36 35 36 35 33 35 36 36 37 36 38 36 
35 36 36 36 35 36 36 33 38 35 34 36 36 34 36 36 37 34 36 35 35 37 34 36 35 35 37 34 36 35 37 36 37 36 35 36 35 37 36 33 36 36 33 34 36 35 35 34 35 37 37 36 35 35 34 37 34 37 35 34 36 36 36 34 37 37 33 37 39 35 35 35 37 38 35 34 36 37 38 36 37 37 35 36 35 35 35 36 35 35 38 37 37 35 35 36 35 35 36 33 
35 37 36 34 37 36 37 39 37 37 36 34 37 35 36 36 37 36 37 36 37 35 37 37 36 36 36 36 34 35 34 35 36 35 37 36 36 35 36 35 37 37 35 35 35 37 36 36 36 35 37 34 36 37 35 36 35 34 34 36 36 36 33 36 36 36 37 37 35 34 36 36 37 38 35 34 36 36 36 35 35 37 35 35 35 35 38 36 35 36 36 35 35 34 36 33 35 33 36 36 
36 36 35 37 36 36 36 36 34 33 36 37 36 35 34 36 35 36 37 36 36 34 36 36 36 34 36 36 36 36 36 38 36 37 36 35 36 38 36 35 37 37 38 35 35 37 36 35 36 36 37 38 36 37 35 37 36 35 33 36 37 37 35 38 37 35 36 35 37 36 35 34 36 35 36 38 35 36 34 38 38 35 35 36 35 36 34 35 38 38 36 34 36 36 36 36 34 37 38 36 
37 36 37 37 37 36 36 36 37 37 33 37 33 36 37 37 35 37 35 38 37 35 36 36 35 35 37 37 35 37 35 37 36 38 34 34 36 37 35 36 36 35 34 39 37 35 35 37 34 37 36 35 36 36 35 36 35 36 37 36 34 37 35 36 35 34 36 34 36 35 35 35 36 36 36 34 37 37 35 36 36 34 37 37 36 35 35 35 34 35 36 36 35 37 35 35 35 35 37 37 
36 35 35 35 37 35 35 37 35 34 36 34 36 36 36 34 35 36 36 36 36 36 35 36 36 35 34 37 36 37 36 37 37 35 35 38 35 35 34 37 38 36 36 37 34 36 36 36 37 37 35 35 35 35 36 36 36 34 38 37 36 35 38 36 36 36 36 35 36 36 36 37 37 35 36 37 37 35 34 34 37 36 36 29 -22 -19 -21 -22 -22 -21 -22 -20 -22 -22 -19 -22 -21 -20 -21 -21 
-20 -20 -22 -21 -21 -22 -21 -22 -22 -21 -22 -21 -22 -20 -20 -20 -21 -20 -21 -22 -21 -21 -21 -20 -20 -22 -20 -19 -21 -22 -20 -21 -19 -22 -23 -23 -20 -22 -20 -21 -19 -20 -21 -21 -20 -19 -22 -22 -22 -21 -22 -21 -22 -21 -23 -18 -21 -22 -21 -21 -20 -20 -22 -20 -23 -21 -22 -21 -21 -19 -22 -18 -18 -19 -20 -18 -15 -15 -14 -13 -12 -11 -8 -6 -7 -4 -2 -2 2 2 6 8 9 13 16 17 21 22 27 28 
31 34 36 37 40 41 41 41 41 40 38 36 34 28 24 20 19 13 10 5 1 -1 -3 -5 -7 -9 -11 -13 -14 -14 -16 -16 -14 -16 -15 -12 -11 -10 -8 -5 -3 -1 1 4 8 10 12 17 19 22 23 28 31 33 34 34 37 37 39 40 42 41 42 41 42 41 42 40 43 40 43 40 40 39 39 40 38 38 39 39 39 37 37 40 40 42 39 41 38 42 44 42 41 41 42 42 42 42 42 42 
41 43 41 41 40 42 39 41 41 40 40 37 40 37 36 39 38 37 36 36 34 36 36 36 36 35 35 36 36 36 35 35 34 35 34 35 35 34 36 37 37 36 38 37 39 38 39 39 39 42 39 40 40 37 40 38 39 40 40 41 41 40 41 40 39 43 40 42 44 41 42 41 41 41 42 43 40 41 42 42 44 43 39 41 41 41 42 42 41 41 40 42 41 42 41 39 40 42 40 40 
42 40 40 41 41 43 40 40 41 38 41 37 39 38 40 40 40 38 38 40 36 38 35 38 37 38 36 37 39 37 35 36 39 41 39 38 39 39 38 39 37 39 38 39 38 38 39 41 41 40 42 41 40 40 39 40 40 41 42 40 39 39 41 41 39 41 40 39 40 42 40 42 42 41 41 40 39 39 42 41 39 40 40 40 39 40 39 40 38 40 40 39 39 39 40 40 39 38 40 38 
39 39 41 39 39 38 38 39 39 38 40 38 39 39 39 40 38 39 38 37 36 37 40 39 39 39 38 40 38 38 38 40 40 38 39 39 41 39 40 40 38 39 39 38 37 39 41 39 39 37 38 38 38 41 39 40 37 39 39 39 39 40 37 42 40 39 39 39 37 39 38 40 39 39 40 40 40 40 40 38 37 39 40 39 40 40 38 39 41 40 37 39 39 40 38 38 39 39 38 41 
38 39 39 40 41 39 38 39 40 38 39 38 40 39 38 39 38 40 38 39 38 37 41 39 38 38 41 40 40 38 38 40 39 39 39 38 39 37 39 40 38 38 38 40 40 42 38 38 40 40 38 39 38 40 39 37 38 38 40 38 39 39 40 40 39 38 40 37 38 37 39 39 39 39 39 39 40 39 40 39 39 39 39 41 39 37 38 38 38 39 38 38 39 36 40 38 39 38 39 38 
37 40 38 39 39 39 40 41 38 40 38 38 38 37 38 37 40 41 40 40 38 37 39 39 39 39 39 39 38 40 38 41 40 38 39 40 38 38 39 38 41 38 38 39 40 40 39 40 38 37 40 40 39 40 38 41 39 38 39 39 39 38 39 40 40 41 40 39 40 39 40 37 39 39 38 38 38 39 40 40 39 39 37 36 37 38 41 39 38 40 39 38 38 38 40 39 39 40 40 41 
39 39 39 39 40 40 39 38 40 40 37 40 40 40 38 39 41 40 41 38 38 38 39 40 40 39 41 39 37 39 42 39 39 39 40 39 42 38 38 39 38 39 40 39 38 39 38 38 40 40 39 40 39 41 40 39 39 39 40 41 37 36 39 40 38 39 37 40 39 40 40 39 40 38 41 39 40 40 40 38 39 39 39 40 40 40 38 38 39 40 40 38 39 39 38 41 38 39 39 38 
40 40 39 41 37 38 40 38 37 39 40 39 38 41 39 39 39 40 37 39 39 40 40 39 40 41 40 37 37 38 40 39 40 38 39 40 39 39 38 42 38 38 41 40 38 40 41 39 38 40 40 39 39 36 39 38 41 37 40 36 38 40 37 40 39 39 40 39 40 37 38 37 39 39 39 38 38 40 40 39 39 38 39 39 41 39 39 39 41 39 39 38 40 38 37 39 38 41 41 42 
38 39 38 38 40 37 38 41 37 42 39 37 39 39 38 39 40 40 40 37 40 39 40 40 38 39 38 37 40 43 39 39 41 39 40 39 39 39 39 39 39 38 37 39 40 38 38 38 40 39 38 39 38 39 37 41 38 38 39 39 39 38 39 39 37 41 38 39 42 37 40 40 38 39 40 41 39 38 38 39 41 39 