14 22 36 40 42 36 28 21 5 -9 -17 -12 -2 -1 -10 -12 -16 -15 -1 18 25 38 58 61 50 20 11 18 4 -32 -65 -79 -83 -98 -82 -38 38 150 323 553 808 1051 1262 1496 1727 1667 1056 -90 -1122 -1763 -1973 -1838 -1576 -1297 -1139 -1090 -1124 -1220 -1351 -1487 -1590 -1625 -1588 -1527 -1491 -1503 -1590 -1738 -1891 -2010 -2088 -2105 -2081 -1981 -1736 -1325 -800 -271 109 310 356 303 227 189 195 259 352 454 446 432 330 214 153 177 281 440 611 732 755 664 
465 216 -13 -179 -297 -377 -442 -497 -549 -606 -658 -673 -629 -541 -429 -330 -260 -232 -264 -293 -289 -209 -81 49 143 179 188 186 217 280 361 454 555 620 641 607 547 469 395 331 259 204 146 108 81 70 54 30 -9 -54 -77 -83 -85 -74 -69 -78 -92 -106 -126 -137 -116 -79 -46 -15 5 7 -4 -17 -14 -7 2 1 -3 -27 -60 -99 -152 -191 -215 -229 -227 -227 -228 -219 -206 -182 -158 -129 -104 -78 -47 -16 0 10 11 12 14 13 7 -3 
-11 -20 -22 -26 -20 -25 -26 -31 -33 -36 -29 -26 -19 -14 -20 -28 -24 -20 -13 -7 -13 -14 -15 -17 -13 -10 -7 -2 7 23 27 33 29 29 31 31 32 29 13 1 6 9 18 17 19 15 7 6 -2 -1 -4 -4 -2 -1 5 17 17 17 13 13 6 -1 -8 -14 -17 -15 -17 -18 -18 -19 -13 -4 4 0 8 9 1 1 -3 -6 -1 -5 -4 -7 -6 -8 -13 -20 -19 -19 -13 -8 -6 -11 -7 0 14 25 28 32 
22 20 20 18 15 17 11 11 15 15 20 24 29 30 29 29 27 26 17 19 13 15 12 18 22 26 23 27 23 25 24 21 19 19 15 15 16 11 14 12 15 13 12 9 5 6 5 6 2 4 1 6 10 15 22 26 19 14 10 7 8 8 4 -2 0 3 6 13 12 9 14 11 12 11 7 7 3 5 6 9 10 8 9 13 13 10 10 9 13 15 18 18 12 15 16 14 18 17 12 9 
11 10 8 5 8 9 12 11 11 11 21 18 18 15 9 6 6 10 9 14 14 17 21 20 15 12 12 12 6 5 12 15 12 8 12 9 18 16 17 17 7 9 9 8 9 12 11 16 18 13 13 13 12 14 11 14 14 16 16 19 18 17 15 12 9 8 7 8 10 8 7 9 12 14 16 16 9 14 18 17 17 14 9 8 7 9 13 13 15 12 7 5 5 2 7 8 10 15 17 18 
17 14 9 8 7 10 6 6 12 13 15 16 20 22 23 18 14 7 7 9 12 16 15 13 10 17 16 16 19 14 9 14 12 10 10 13 8 11 9 14 12 12 15 12 12 15 14 15 9 7 6 9 8 14 12 11 13 16 16 7 9 9 13 17 20 19 12 7 4 4 8 11 18 21 29 29 25 20 14 13 8 2 -2 2 -3 5 11 8 16 14 15 15 15 18 13 14 9 15 15 18 
16 18 17 18 18 16 18 13 14 17 15 12 2 8 11 16 10 12 14 16 17 12 12 5 7 9 8 5 6 6 9 16 13 12 8 7 4 7 11 15 20 19 16 20 23 20 12 11 7 9 11 11 11 16 17 18 14 16 12 8 9 16 11 13 13 16 11 14 11 16 7 6 14 14 11 11 8 12 9 19 12 12 9 13 17 16 18 15 10 8 11 13 18 16 11 9 10 14 15 17 
12 7 6 9 15 16 12 12 13 11 9 10 15 21 19 20 14 8 14 15 12 11 14 15 19 21 21 16 10 5 2 4 10 13 15 13 10 7 16 15 18 16 11 8 12 10 13 11 8 11 16 17 20 17 17 12 14 11 8 6 6 9 11 14 14 17 17 17 14 14 11 6 6 8 10 9 11 13 15 14 15 17 4 9 10 13 21 20 17 13 10 11 8 10 10 7 13 15 12 7 
11 11 11 10 13 11 9 13 18 19 17 18 16 17 14 11 15 11 11 9 10 16 9 11 13 13 14 9 15 12 14 16 24 28 29 15 12 8 4 6 11 16 25 24 26 22 27 29 30 30 22 28 34 33 32 29 29 34 43 40 29 19 7 6 14 14 14 22 20 29 32 36 34 26 24 22 20 25 22 26 28 23 20 18 13 5 0 1 -1 6 17 18 21 15 12 16 12 16 11 1 
2 4 6 13 9 13 13 12 8 13 11 6 4 11 11 18 13 11 12 16 13 19 21 18 15 10 14 16 14 12 9 10 9 12 15 21 24 24 26 17 7 2 5 7 10 18 20 18 16 12 6 2 3 8 11 9 8 3 13 13 14 21 19 20 19 18 18 13 9 8 9 4 4 7 13 12 13 12 17 14 19 19 14 8 14 10 10 11 9 13 15 15 10 10 5 -2 -6 -6 -4 41 
44 34 34 36 38 29 13 9 9 10 10 18 29 34 39 43 44 36 25 28 29 26 31 34 33 37 39 16 -5 -12 -13 -11 5 11 14 11 13 19 14 10 12 13 8 5 -3 -5 -6 -16 -18 -8 -3 -3 6 22 29 22 11 5 13 24 34 45 55 47 17 -16 -31 -39 -52 -54 -66 -58 7 155 345 597 861 1141 1288 1175 980 652 84 -837 -1641 -2149 -2174 -1913 -1669 -1400 -1143 -948 -853 -847 -920 -1033 -1159 -1263 -1401 -1571 
-1767 -1958 -2033 -1947 -1678 -1287 -862 -507 -259 -85 12 72 158 251 443 545 548 357 78 -194 -365 -392 -310 -185 -102 -78 -126 -195 -273 -323 -346 -330 -278 -185 -75 -2 26 -3 -71 -149 -228 -281 -309 -319 -332 -325 -297 -242 -175 -110 -47 34 141 254 334 370 366 346 312 267 220 204 214 253 286 295 296 277 247 214 193 170 142 109 67 17 -24 -62 -98 -136 -156 -165 -164 -145 -118 -94 -71 -57 -52 -39 -37 -29 -28 -27 -10 8 29 26 17 -6 
-39 -71 -106 -135 -156 -175 -199 -221 -246 -267 -291 -299 -297 -283 -265 -234 -207 -175 -143 -113 -85 -69 -44 -23 -2 15 24 27 13 -1 -17 -32 -45 -42 -40 -33 -12 1 13 24 27 30 29 28 19 4 -7 -13 -14 -11 -4 5 8 13 19 20 30 38 47 48 53 53 55 49 53 50 55 60 60 62 57 50 44 41 37 39 38 40 42 48 40 37 30 30 21 10 3 -10 -17 -20 -16 -11 -16 -5 1 5 1 -8 -10 -22 
-28 -29 -32 -30 -36 -28 -31 -35 -32 -24 -15 -9 -9 -5 -7 -1 -1 -2 0 -2 -10 -8 -13 -13 -9 -9 -11 -4 -2 -1 2 8 16 22 23 24 19 14 12 15 17 13 20 15 15 19 14 14 14 16 12 13 10 16 21 19 17 13 13 14 20 28 27 25 18 18 17 20 22 27 30 28 33 34 36 35 35 27 25 21 26 24 22 13 9 8 15 14 16 9 10 14 14 14 14 12 14 17 24 18 
14 18 24 26 29 19 23 24 19 23 22 19 19 22 28 26 22 19 20 12 1 -5 -10 -7 -5 -4 3 7 13 12 11 14 14 19 15 11 4 1 2 9 7 7 9 11 11 7 11 5 8 3 -1 3 1 6 5 8 8 11 10 10 11 11 12 7 9 12 10 5 9 6 10 6 9 13 18 16 18 8 6 7 9 13 14 14 16 8 9 9 6 9 19 15 9 11 7 15 16 17 10 9 
6 10 12 12 10 13 17 8 11 17 17 22 16 14 13 10 13 13 14 11 11 10 13 15 14 12 11 12 10 12 9 12 12 11 12 9 6 10 14 12 16 15 16 13 10 4 13 17 17 20 22 18 15 12 13 10 4 6 4 10 12 15 19 19 16 19 14 16 9 10 7 19 19 10 12 13 8 9 8 9 14 14 14 13 14 12 11 9 12 10 10 10 10 15 12 13 13 14 10 15 
14 15 9 11 9 9 11 8 8 9 7 9 12 19 20 18 16 14 7 8 11 7 9 11 14 17 17 17 16 18 16 16 14 16 7 8 9 12 12 15 12 13 12 12 15 16 7 8 9 12 9 10 14 12 17 15 18 12 15 17 20 15 13 12 7 13 8 8 6 8 11 12 11 14 18 19 10 8 12 13 16 18 17 11 9 10 13 10 11 10 14 14 22 21 11 10 6 5 11 14 
19 17 18 14 16 18 8 10 11 10 12 10 13 12 14 12 13 14 11 11 12 8 8 9 5 8 15 15 19 19 13 14 11 13 12 12 11 7 8 11 10 19 18 20 16 12 9 7 7 8 16 14 16 14 12 16 15 10 10 9 7 14 17 17 16 19 11 6 12 11 12 12 8 10 8 17 19 18 14 7 10 6 7 10 14 13 17 17 18 16 10 14 13 11 14 8 10 9 16 17 
17 15 15 16 16 8 10 12 10 11 15 15 16 16 12 12 9 10 3 6 9 18 21 20 16 18 14 11 6 11 7 11 13 16 18 17 17 18 15 9 11 9 11 7 6 9 13 11 13 10 12 10 14 12 11 9 12 12 14 12 15 10 10 8 12 15 16 14 13 13 14 11 9 13 12 13 12 17 7 15 11 12 13 13 15 13 10 10 10 13 17 21 15 13 8 6 13 15 13 15 
17 13 10 14 15 13 8 9 9 11 9 11 10 15 13 11 13 12 11 10 12 11 7 13 11 14 14 18 14 14 12 13 12 11 7 10 12 14 15 17 14 9 7 10 14 13 12 10 13 13 16 14 13 9 6 6 15 14 16 13 12 10 9 10 9 9 11 9 13 17 16 18 13 17 17 17 18 11 8 10 10 9 7 13 12 13 17 14 17 16 17 14 12 9 8 10 7 9 0 -5 
-11 -5 4 15 26 36 42 33 12 3 8 8 8 12 18 11 -5 -10 1 12 6 -9 -4 7 16 24 24 20 18 10 3 0 2 5 3 6 24 26 31 30 45 45 44 35 24 27 33 46 55 59 56 58 73 89 109 130 141 128 95 55 46 33 -11 -33 -22 -13 1 10 7 0 -4 0 13 18 43 68 107 131 133 106 85 80 83 98 106 131 198 319 480 625 806 984 1082 1029 912 553 -100 -1062 -1885 -2350 
-2399 -2302 -2020 -1620 -1346 -1192 -1124 -1116 -1147 -1181 -1204 -1189 -1197 -1233 -1325 -1447 -1456 -1303 -1122 -945 -786 -616 -432 -238 -21 187 304 320 256 161 42 -100 -248 -399 -519 -618 -686 -711 -675 -563 -398 -204 2 185 340 443 503 539 544 532 503 462 395 316 229 129 2 -180 -385 -612 -844 -1024 -1142 -1174 -1150 -1077 -951 -709 -465 -298 -151 -2 151 237 259 242 229 265 345 434 495 526 557 592 623 630 607 562 488 399 305 204 114 62 32 14 3 -1 -12 -8 
-10 -26 -49 -81 -130 -186 -224 -244 -252 -243 -234 -224 -208 -191 -185 -183 -181 -164 -143 -114 -88 -66 -39 -17 0 13 25 36 37 41 49 41 25 1 -18 -29 -34 -32 -18 -19 -13 -9 -9 -8 -10 -18 -13 -13 3 1 2 2 5 9 16 23 24 17 5 -12 -29 -46 -54 -60 -62 -61 -60 -58 -58 -55 -52 -44 -28 -12 14 25 33 41 49 55 64 71 80 85 96 99 112 124 129 131 131 126 117 105 96 84 67 56 51 46 
43 32 21 18 9 5 -1 0 -10 -8 -10 -11 -16 -22 -17 1 18 47 80 143 223 292 317 316 292 252 212 174 131 83 28 -18 -65 -98 -133 -165 -201 -225 -227 -211 -179 -143 -112 -76 -36 -8 12 18 25 26 24 17 6 -9 -19 -35 -45 -51 -51 -47 -47 -41 -46 -40 -36 -25 -21 -20 -14 -15 -18 -21 -26 -25 -23 -26 -25 -25 -24 -21 -12 -13 -6 -6 3 7 8 10 8 5 9 12 14 12 16 15 17 15 16 15 
13 15 13 12 11 14 22 28 34 31 34 31 32 30 33 26 25 23 24 16 18 20 18 18 16 14 13 15 13 15 11 8 8 7 9 7 11 10 9 11 7 13 10 14 8 4 11 10 9 13 17 13 11 12 7 1 9 4 3 -1 0 1 3 9 11 15 12 14 10 19 12 16 8 9 7 6 8 8 8 11 5 11 13 11 16 10 10 14 15 16 15 14 9 11 8 10 12 11 14 14 
16 14 16 18 18 15 17 15 16 13 13 12 10 13 14 13 15 14 13 13 9 15 10 16 12 15 12 10 12 7 15 12 16 13 12 15 13 9 11 13 13 11 11 11 15 12 15 12 14 8 9 9 9 14 8 13 10 10 11 14 11 11 11 10 11 10 9 11 16 10 9 7 7 7 9 16 21 25 17 19 11 10 8 9 10 12 9 10 11 15 17 11 15 12 13 9 14 14 12 18 
16 15 12 8 10 12 8 13 14 15 16 10 15 14 17 16 12 9 12 10 8 7 8 14 12 13 10 15 14 12 18 14 13 12 13 10 9 14 14 13 7 16 12 14 17 14 11 12 13 10 16 16 17 13 11 9 9 7 8 7 8 19 18 15 12 14 15 13 15 11 12 11 10 9 6 10 12 14 15 16 18 16 13 13 12 13 9 10 13 7 13 12 12 8 13 13 12 13 13 15 
14 9 15 13 12 12 11 12 8 10 9 9 10 11 18 18 17 12 13 20 17 15 17 14 9 12 7 3 13 13 11 16 15 20 15 18 17 14 11 9 5 10 14 15 14 10 16 15 15 15 12 17 10 6 13 10 9 9 9 13 12 13 15 15 17 14 15 12 12 15 7 8 10 10 9 11 13 15 14 15 17 17 13 11 12 13 13 11 10 10 12 13 11 20 18 19 13 15 14 10 
12 12 11 12 12 12 13 11 12 12 14 16 13 16 10 12 10 11 9 10 16 8 12 15 12 13 9 11 8 11 15 16 10 11 9 7 8 8 14 11 15 14 16 12 17 13 13 10 5 12 11 10 13 15 14 12 11 13 13 16 13 13 11 9 13 14 11 16 15 14 9 9 11 14 10 13 15 10 17 13 15 10 11 12 15 11 9 13 12 13 14 14 8 14 12 8 9 14 9 14 
13 16 16 13 14 11 12 8 8 8 13 13 17 11 14 16 11 14 9 12 8 11 14 18 17 14 13 13 13 12 15 13 11 14 10 11 15 15 14 13 10 9 11 10 5 9 11 11 15 15 18 16 17 10 12 9 9 11 12 9 11 14 14 16 12 10 11 13 12 10 13 14 17 12 11 15 13 13 9 8 11 11 14 16 12 10 9 13 10 18 15 13 12 11 10 14 14 15 9 22 
26 21 25 33 27 23 18 23 17 8 18 20 14 4 5 8 4 12 30 44 63 74 62 55 55 64 76 68 68 67 64 42 10 -25 -39 -42 -43 -35 -27 -21 -14 -4 24 43 51 52 60 75 68 49 31 24 18 23 19 11 10 -2 -17 -27 -17 -2 15 33 52 56 58 87 162 287 460 635 785 914 932 684 313 -177 -607 -952 -1187 -1284 -1178 -1016 -871 -682 -586 -624 -656 -679 -695 -742 -800 -860 -919 -1009 -1105 -1196 -1266 -1281 
-1243 -1165 -1059 -928 -731 -499 -372 -400 -537 -708 -843 -942 -1014 -1049 -1000 -884 -736 -602 -516 -469 -447 -434 -405 -371 -326 -254 -151 -20 134 287 426 515 560 575 560 502 398 242 66 -106 -231 -317 -379 -432 -501 -566 -606 -602 -569 -529 -485 -449 -438 -450 -493 -530 -521 -451 -333 -189 -50 59 143 196 267 346 419 458 460 435 388 326 273 247 296 367 442 486 489 455 393 312 247 192 167 170 176 170 151 110 45 -27 -94 -131 -142 -135 -124 -109 -93 -81 
-75 -74 -79 -94 -94 -88 -84 -82 -82 -82 -84 -91 -101 -102 -104 -98 -95 -85 -81 -65 -52 -37 -21 -2 8 12 18 20 14 14 2 -7 -14 -7 -4 2 11 12 14 10 9 7 10 15 20 23 16 7 3 1 -4 -5 -5 -5 -6 -7 -9 -5 -4 -4 2 10 16 20 25 28 28 33 33 32 35 34 40 44 43 50 49 48 47 44 46 48 52 60 61 60 57 50 37 33 23 15 6 13 15 10 13 17 18 34 
37 51 61 79 89 98 111 128 141 148 136 121 113 106 95 73 56 32 10 -11 -17 -27 -40 -46 -59 -67 -67 -59 -52 -39 -27 -17 -9 1 3 4 4 3 3 -1 -5 -13 -22 -33 -30 -30 -28 -31 -29 -31 -33 -32 -32 -29 -26 -27 -26 -22 -19 -22 -22 -19 -16 -9 -12 -12 -7 -1 -7 -3 -1 -2 2 2 10 9 8 7 12 16 13 14 17 13 11 13 13 16 18 16 19 13 21 20 22 22 23 20 19 18 
20 20 19 17 14 13 13 10 14 12 12 14 12 14 14 17 9 13 16 18 21 22 25 22 18 17 17 17 13 12 18 11 10 5 1 0 2 4 11 8 7 10 6 12 10 8 5 5 2 1 2 5 6 8 9 13 9 9 12 9 3 8 10 8 14 11 11 9 10 11 10 8 9 13 11 10 15 15 12 16 13 13 11 7 10 14 13 15 15 19 16 12 13 15 10 16 13 17 16 17 
15 20 24 26 26 30 26 25 23 18 24 17 10 8 3 2 5 3 6 8 6 8 11 11 9 7 9 8 9 9 10 11 13 12 14 14 11 15 15 11 10 9 6 3 9 2 8 4 3 3 8 7 8 8 10 8 8 4 7 4 13 13 18 16 15 13 14 14 19 16 18 13 15 15 13 12 15 9 15 10 12 16 12 11 14 10 16 11 6 6 7 7 11 11 17 17 16 13 12 10 
11 10 7 8 13 12 12 12 11 10 11 10 10 12 12 11 13 12 13 13 13 10 8 11 12 8 19 17 14 13 15 14 17 16 14 15 8 10 8 13 18 15 11 12 10 10 16 17 11 13 12 12 14 12 12 9 10 13 19 13 10 13 10 15 14 12 11 9 11 9 13 11 13 13 13 13 16 13 10 12 13 9 7 12 9 12 13 11 12 14 12 13 17 18 18 15 12 11 10 13 
13 14 18 15 8 8 8 11 12 9 11 12 13 15 14 12 11 12 12 15 6 10 12 12 17 16 16 11 13 11 11 14 16 15 10 11 8 12 13 10 12 11 9 11 13 17 8 11 7 10 10 15 13 11 8 11 13 14 10 14 16 19 20 17 17 18 13 13 7 11 15 14 19 15 15 19 14 14 13 10 9 12 10 11 11 13 11 11 9 11 14 13 11 8 7 14 16 18 16 11 
7 11 12 11 14 10 13 11 10 13 13 14 12 10 9 11 16 16 15 14 12 14 11 13 11 11 10 12 14 15 11 11 11 12 9 11 13 16 13 12 14 8 11 11 13 15 14 11 8 16 10 15 9 10 9 15 14 13 16 13 15 12 13 11 16 11 12 11 12 12 13 12 13 11 12 11 13 13 15 12 15 14 17 11 15 9 7 7 8 15 11 17 17 12 13 11 13 10 14 11 
11 7 12 17 15 12 10 10 13 14 11 9 9 11 11 15 18 12 15 9 13 7 9 8 13 13 11 13 13 13 11 7 11 9 10 12 14 12 8 12 16 15 16 8 13 14 16 14 14 14 10 15 10 10 9 16 13 11 11 10 14 11 13 9 12 9 10 11 13 11 14 10 12 8 9 7 12 13 14 15 12 10 9 13 16 19 14 15 13 9 12 11 12 16 15 9 12 0 -5 -2 
-4 -8 -14 -17 -17 -13 -12 -19 -35 -48 -30 -32 -62 -65 -50 -52 -50 -47 -37 -10 22 40 40 16 -3 -13 -18 -19 -35 -45 -39 -24 -15 -1 19 17 11 19 36 27 26 23 17 8 10 3 1 -4 11 25 18 -17 -45 -41 -31 -24 -10 3 2 -3 -10 -1 34 64 102 148 226 323 467 704 986 1189 1320 1265 1043 564 -69 -856 -1200 -1206 -1022 -716 -552 -532 -632 -795 -946 -1068 -1174 -1262 -1323 -1362 -1356 -1325 -1274 -1222 -1204 -1214 -1254 -1312 
-1359 -1305 -1135 -931 -780 -655 -511 -342 -205 -167 -203 -260 -298 -311 -327 -352 -375 -434 -534 -634 -711 -742 -719 -637 -511 -364 -203 -44 109 243 361 467 548 585 586 548 486 391 287 157 39 -67 -173 -289 -429 -579 -722 -815 -829 -765 -627 -453 -264 -115 -45 -8 2 -4 -8 18 44 72 107 132 182 245 312 351 361 365 377 373 339 285 219 175 159 157 187 224 243 242 220 188 148 106 69 29 -12 -59 -113 -166 -215 -266 -300 -327 -343 -331 -305 -260 
-212 -165 -121 -84 -64 -44 -35 -26 -24 -17 -8 0 22 37 42 46 46 38 23 0 -25 -44 -61 -60 -59 -52 -41 -44 -47 -44 -47 -38 -34 -28 -19 -10 -3 8 10 20 30 36 36 31 12 3 -7 -11 -19 -19 -15 -16 -15 -18 -21 -19 -15 -7 -10 -3 0 5 10 22 22 32 38 35 50 57 57 65 72 77 83 80 82 74 62 51 44 31 18 14 8 6 0 1 -4 -6 -5 -6 2 6 12 15 12 9 1 0 
3 10 4 -1 -10 -10 -12 -17 -8 -15 -13 -9 -14 -18 -13 -8 4 10 25 34 36 35 30 20 14 9 7 2 -1 -6 -13 -18 -24 -29 -31 -28 -18 -14 -5 5 11 16 17 11 14 16 19 21 20 20 14 10 6 5 5 7 5 0 -2 -2 0 9 9 13 11 10 7 -1 -4 -2 -2 -1 3 1 5 10 18 25 40 60 70 77 74 66 49 28 16 5 -3 -9 -11 -10 -2 -3 8 10 17 25 24 20 
20 6 1 4 -3 1 -1 1 5 8 21 25 35 38 42 40 34 21 16 8 7 1 -2 -4 3 6 10 13 16 16 16 8 8 3 4 6 8 10 11 18 17 20 20 19 18 19 17 13 5 -4 -2 -8 -9 -8 -4 -3 1 5 7 12 13 13 15 9 9 5 -1 -2 0 1 3 6 11 11 17 12 18 15 14 11 11 8 8 6 5 7 6 11 17 20 17 19 16 12 16 8 9 8 10 10 
8 18 16 17 14 16 13 12 18 13 13 10 17 12 14 12 15 14 12 10 10 9 6 10 7 11 12 14 15 21 21 21 17 16 12 14 14 14 20 13 16 14 12 12 15 7 5 6 4 9 7 12 14 14 18 16 18 12 12 5 6 6 4 12 11 15 13 13 10 14 13 13 10 13 16 14 11 14 14 12 17 16 9 14 15 12 14 16 18 14 16 17 18 15 11 10 9 14 12 13 
9 10 13 11 16 12 17 18 14 15 13 6 14 9 11 10 13 14 14 12 13 10 9 8 8 15 16 14 16 17 14 17 10 -1 6 5 14 16 16 19 10 13 11 9 10 7 9 9 12 12 14 15 16 13 18 15 10 11 9 9 11 15 10 15 12 8 13 14 15 12 13 7 14 16 14 10 8 9 9 9 10 10 13 18 12 14 15 16 11 14 10 14 17 18 17 11 11 5 12 14 
17 16 13 11 11 12 9 12 14 14 14 17 17 16 13 10 9 9 13 13 15 14 14 14 13 11 10 10 12 18 22 22 19 17 18 14 9 12 10 13 9 7 10 12 10 13 10 12 15 13 11 13 17 18 14 15 7 4 8 13 14 9 9 9 10 10 10 5 8 9 16 17 13 12 12 12 14 11 11 10 9 16 18 13 16 16 15 16 12 12 11 15 11 15 13 18 20 16 15 16 
9 9 9 11 13 20 16 12 10 8 11 13 15 13 14 11 8 8 13 14 16 16 16 14 14 12 15 12 11 9 11 17 18 19 15 10 10 7 2 1 7 12 13 17 19 21 15 12 6 12 11 16 12 15 13 16 15 13 15 12 10 5 2 1 10 11 14 11 12 13 13 7 7 10 12 15 13 13 17 16 14 15 15 14 9 10 11 10 16 19 17 12 15 16 13 9 6 5 7 14 
14 15 21 20 17 17 15 14 7 10 12 15 16 9 10 10 12 11 13 15 12 16 20 17 20 18 18 19 16 9 11 11 6 11 10 13 13 10 10 12 11 10 11 13 8 11 10 9 8 13 17 17 13 13 14 8 9 9 10 10 10 12 10 14 12 10 12 11 6 11 11 12 12 17 17 16 19 14 17 10 13 7 12 11 9 13 10 11 15 17 14 12 17 12 12 12 9 7 7 19 
33 23 31 44 43 33 23 22 -1 -5 4 3 -5 -3 7 24 36 50 54 47 35 23 2 -12 -5 -3 6 20 27 21 11 7 10 20 27 41 59 74 79 58 36 29 20 8 7 17 19 30 30 15 5 -2 -15 -19 -15 -29 -47 -51 -39 -7 7 -8 -5 3 22 53 122 269 499 728 870 953 1011 1016 750 30 -752 -1465 -1766 -1687 -1364 -897 -582 -474 -513 -637 -763 -895 -995 -1058 -1073 -1041 -980 -910 -838 -779 -760 -794 -884 -1008 
-1159 -1304 -1407 -1489 -1558 -1576 -1502 -1300 -994 -649 -305 49 366 577 697 745 695 573 419 209 31 -170 -339 -446 -490 -462 -370 -242 -121 -10 77 119 115 72 22 -23 -58 -63 -44 -35 -28 -35 -40 -46 -54 -59 -57 -59 -73 -81 -86 -83 -36 23 70 125 166 205 220 236 255 282 313 349 336 276 204 140 73 -3 -84 -152 -218 -260 -281 -278 -255 -211 -153 -100 -68 -70 -99 -150 -215 -273 -303 -296 -241 -180 -118 -70 -54 -64 -82 -89 -90 -86 -86 -87 
-103 -116 -132 -137 -132 -124 -114 -97 -87 -72 -65 -54 -44 -45 -44 -40 -25 -17 -2 13 22 22 28 26 22 13 0 -7 -13 -16 -18 -9 -5 4 10 9 13 13 17 17 13 12 8 11 17 19 26 29 30 21 17 11 11 9 12 11 11 16 16 11 9 8 3 0 -5 -3 -3 -1 4 11 16 15 19 12 11 6 5 0 -8 -12 -15 -17 -12 -6 0 -1 0 3 3 5 15 17 20 18 15 13 15 15 14 17 
20 13 21 26 21 18 24 24 23 35 36 34 34 32 30 24 26 20 13 16 15 19 21 21 17 17 14 11 7 4 7 3 2 6 9 10 14 22 25 28 27 21 12 5 -3 -2 -5 2 17 30 56 73 78 68 48 39 44 47 55 59 55 44 26 -4 -25 -41 -60 -82 -93 -104 -113 -119 -128 -133 -130 -120 -111 -97 -93 -79 -60 -41 -14 17 35 46 39 29 24 21 15 1 -1 -5 5 18 27 30 35 27 
23 12 0 -13 -17 -20 -15 -9 -1 11 22 37 61 78 87 84 76 58 38 17 2 -6 -5 2 1 3 4 11 15 22 18 7 -11 -23 -37 -45 -48 -54 -54 -57 -56 -40 -23 6 26 44 48 43 35 15 4 -12 -24 -27 -37 -34 -42 -43 -34 -24 -7 7 12 17 17 12 11 3 3 -4 0 8 13 12 16 13 10 11 16 18 27 24 16 12 2 -4 -8 -7 -11 -13 -8 -2 8 13 25 40 50 57 58 55 
43 30 12 -4 -21 -32 -35 -33 -28 -21 -17 -13 -2 10 15 22 24 25 29 27 28 34 32 35 23 16 11 3 4 0 -5 -8 -15 -9 -1 10 15 19 16 9 11 10 6 7 12 14 17 20 25 25 27 23 27 18 15 3 -3 -3 -2 0 4 13 13 16 19 17 10 5 4 -1 9 4 -1 1 8 13 19 23 16 15 9 5 6 5 3 10 10 14 20 24 26 22 12 -5 -6 -6 3 15 21 23 
26 26 28 21 15 -2 -14 -20 -10 3 18 26 40 49 52 52 53 44 43 39 30 21 16 8 -8 -21 -39 -36 -28 -14 3 17 24 32 37 35 38 38 37 29 25 24 29 37 39 35 31 18 11 -6 -23 -34 -38 -37 -29 -12 3 20 32 39 45 45 43 42 40 30 24 12 12 5 6 4 3 -2 3 15 28 29 28 23 14 13 11 16 21 16 5 9 22 28 24 15 2 -1 -6 -12 -16 -14 -5 5 
14 15 25 24 25 21 21 17 8 0 1 2 -2 0 -5 0 1 5 8 15 16 18 18 16 19 16 19 16 21 20 17 18 17 12 1 -8 -9 -14 -6 -5 3 8 13 13 16 7 -1 0 9 19 22 23 24 19 20 20 20 21 21 24 30 36 40 38 30 28 27 29 23 13 9 1 -12 -16 -18 -16 -11 0 3 4 9 6 5 4 -1 0 -4 7 14 19 20 22 25 30 39 41 50 49 42 33 
18 9 -4 -18 -22 -32 -26 -19 -3 6 10 14 24 28 28 27 21 18 12 9 13 13 10 10 10 7 6 10 11 10 12 11 10 11 15 13 11 15 12 14 15 17 15 14 9 6 8 13 16 26 23 18 15 15 15 15 15 19 17 18 15 25 25 21 17 14 9 -1 -4 -11 -14 -18 -14 -3 1 9 6 10 11 17 20 23 21 22 22 17 19 12 11 8 5 12 14 15 15 13 9 18 17 21 
18 16 16 17 22 24 23 15 16 10 14 8 5 8 2 -4 -2 -4 -1 0 5 6 17 21 22 24 21 15 17 13 9 5 12 11 12 17 15 12 9 7 6 2 8 4 7 9 12 12 13 15 11 12 13 19 21 28 28 23 23 22 25 20 12 1 -8 -16 -17 -16 -8 -4 0 6 6 8 7 11 10 14 22 24 26 29 27 21 12 3 4 1 -5 1 2 9 17 23 17 16 10 12 26 21 
11 11 12 9 4 7 18 28 26 18 17 16 27 23 8 -8 -6 -9 -21 -23 -19 0 12 3 -10 0 -4 -8 -7 -13 3 14 21 33 21 11 -8 -14 -27 -31 -5 10 17 14 14 3 5 19 38 51 40 33 16 13 7 -8 -25 -21 3 29 61 92 146 232 320 444 645 826 1004 1182 965 614 38 -660 -1428 -1881 -1950 -1778 -1417 -994 -629 -388 -301 -318 -403 -496 -587 -678 -770 -853 -948 -999 -999 -950 -907 -899 -949 -968 -967 -890 
-744 -601 -498 -466 -513 -592 -669 -733 -783 -813 -805 -729 -613 -465 -319 -194 -119 -71 -32 13 66 107 137 167 199 208 202 183 157 111 62 45 77 107 122 123 114 92 56 6 -55 -118 -162 -179 -165 -125 -66 3 82 160 225 247 227 169 128 123 137 159 194 223 240 237 216 170 109 37 -41 -129 -219 -309 -352 -347 -287 -193 -92 -31 -15 -33 -61 -67 -53 -39 -34 -25 -16 3 7 2 -1 -23 -45 -59 -60 -54 -29 -17 -10 -6 -8 -20 
-19 -13 3 20 29 36 35 36 41 48 48 39 33 27 26 29 29 23 18 6 7 6 3 3 37 73 102 136 184 247 294 318 325 318 314 303 286 266 227 179 114 51 -5 -67 -121 -160 -179 -194 -187 -161 -128 -88 -50 -24 4 23 40 50 64 79 90 98 104 104 107 111 116 110 90 59 34 9 5 0 -1 -10 -16 -14 0 4 10 2 1 -2 -2 -1 -10 -26 -40 -47 -43 -35 -29 -23 -13 8 31 39 43 38 
31 20 5 -15 -36 -59 -76 -95 -113 -127 -130 -118 -106 -90 -74 -50 -27 -15 -7 5 21 21 16 2 -4 -1 -6 -7 -12 -19 -27 -32 -32 -46 -48 -45 -38 -36 -23 -14 -4 -1 7 18 19 25 19 12 -2 -4 -18 -18 -30 -34 -38 -43 -48 -53 -58 -51 -47 -38 -28 -23 -11 3 14 29 38 43 45 52 49 47 45 45 55 60 56 47 41 23 14 14 10 2 -3 -16 -25 -30 -32 -29 -28 -25 -16 -6 5 8 10 7 
9 13 16 18 7 3 -2 -3 -4 6 8 8 13 11 14 19 21 26 25 24 24 24 30 33 32 30 30 21 13 -4 -19 -29 -37 -38 -39 -42 -39 -29 -14 13 31 36 38 37 46 40 32 14 -3 -15 -20 -23 -26 -22 -16 -4 13 16 23 26 32 31 30 22 20 22 18 18 20 21 25 29 28 29 22 16 11 10 15 9 5 -7 -7 1 4 5 11 15 22 28 28 24 20 16 16 7 6 7 9 14 
14 15 14 16 14 13 9 10 13 6 4 8 11 12 18 19 23 20 22 17 15 19 18 6 5 3 3 6 8 8 13 14 14 15 10 9 8 15 10 12 11 6 12 10 10 19 16 14 2 -4 2 0 5 0 6 8 4 11 16 19 24 26 23 22 20 16 5 4 7 4 4 6 9 13 14 14 15 17 13 12 16 13 11 15 12 12 12 14 9 8 8 5 7 8 10 11 12 13 14 17 
17 15 9 10 7 8 10 9 7 14 9 10 10 7 9 11 12 10 12 11 10 8 9 8 3 2 4 3 6 11 12 14 17 16 13 15 8 11 7 7 10 13 16 11 15 12 11 13 19 18 14 16 17 15 17 17 21 11 11 5 6 6 4 6 6 10 13 13 17 19 20 14 13 10 9 10 10 9 11 9 15 13 9 11 11 9 6 13 10 16 16 17 19 17 8 9 7 10 7 3 
9 8 13 13 12 13 11 12 11 13 8 11 12 10 6 15 16 16 14 13 11 9 10 16 13 14 11 14 15 19 13 10 13 5 5 10 13 13 12 14 13 13 12 12 9 6 0 5 8 15 15 17 18 13 13 10 11 13 7 15 18 17 13 11 8 10 10 8 11 10 14 14 12 13 12 9 16 15 10 15 12 9 10 9 6 10 8 10 13 13 15 15 17 12 13 11 11 6 11 13 
10 10 12 10 7 8 14 10 15 17 15 16 10 8 9 13 13 9 10 17 15 13 17 10 10 10 16 13 12 12 11 14 11 11 13 11 18 14 16 15 14 15 17 10 12 7 5 10 13 11 14 14 15 11 11 7 12 11 12 17 13 10 10 11 14 13 11 13 13 14 11 15 13 14 12 12 11 8 12 13 11 16 11 11 10 11 12 13 12 16 15 17 12 11 7 12 13 10 11 11 
18 12 13 17 13 8 10 13 12 11 8 13 10 12 15 12 15 14 7 10 15 13 16 12 15 11 9 12 11 10 11 11 12 13 18 18 19 13 14 12 13 14 13 10 15 14 12 8 8 14 10 12 11 10 10 10 13 10 14 13 13 11 14 10 8 10 7 12 16 16 14 14 11 14 13 11 13 11 11 13 16 12 11 16 15 14 12 11 10 10 11 10 6 44 30 30 18 3 10 28 
31 29 20 7 -12 -8 5 11 34 61 57 54 71 72 61 54 44 40 43 52 62 59 45 45 42 21 10 17 19 10 -4 -12 -17 -19 -10 6 5 8 20 21 15 13 21 21 12 3 9 8 21 37 49 43 40 49 50 34 14 -15 -30 -37 -42 -37 -34 -31 -11 14 21 22 26 22 25 9 -3 -2 27 93 229 457 727 951 1134 1214 1174 1103 811 146 -627 -1293 -1594 -1539 -1189 -719 -328 -94 4 23 -8 -100 -240 -425 
-613 -785 -966 -1144 -1313 -1442 -1520 -1563 -1620 -1686 -1784 -1869 -1934 -1938 -1871 -1723 -1480 -1159 -770 -322 109 442 653 784 802 750 652 538 426 331 211 81 -27 -80 -79 -35 48 130 184 192 158 93 28 -20 -55 -99 -141 -198 -277 -354 -401 -411 -388 -329 -254 -170 -98 -35 2 -1 3 15 30 57 77 101 142 209 315 427 519 594 643 647 606 520 382 194 9 -183 -349 -503 -631 -715 -746 -722 -653 -569 -485 -401 -299 -175 -43 62 133 174 192 195 182 157 
115 60 7 -45 -85 -122 -147 -158 -160 -147 -127 -106 -80 -39 -8 29 56 67 63 58 49 34 20 -2 -24 -46 -70 -86 -97 -103 -105 -95 -86 -63 -40 -22 -9 7 13 26 27 35 35 28 27 21 7 2 2 -5 -8 -7 -15 -14 -17 -18 -15 -13 -11 -6 -3 2 1 0 0 3 2 4 4 6 7 9 7 11 12 15 18 26 30 33 37 33 37 34 35 30 31 32 27 24 20 19 15 16 12 11 6 8 7 5 
10 14 11 14 17 18 20 18 13 11 11 4 6 6 3 7 7 14 10 14 17 18 19 15 17 18 13 11 13 12 9 10 13 14 9 10 12 10 13 9 10 8 4 9 12 15 16 17 18 16 22 31 41 61 82 98 103 105 108 108 108 99 80 65 46 31 13 1 -10 -14 -19 -20 -21 -13 -7 0 12 18 30 28 36 36 32 28 25 28 42 54 62 71 83 85 82 75 61 44 30 13 1 -5 
-9 0 14 24 42 52 55 60 64 63 55 45 38 33 25 23 21 20 22 21 14 15 19 21 24 22 18 11 9 0 -8 -13 -16 -18 -16 -12 -11 -14 -14 -17 -14 -18 -18 -18 -26 -26 -28 -28 -24 -22 -25 -18 -12 -11 -11 -5 -9 -11 -4 6 11 17 16 17 20 27 30 30 28 23 25 16 15 5 5 10 1 0 -1 6 12 11 14 13 10 14 10 9 7 1 -6 -2 -4 -4 -3 -2 4 7 6 8 
15 13 8 7 10 9 3 1 1 -1 2 0 5 12 13 12 8 12 14 12 12 13 2 3 5 15 19 18 16 17 13 11 8 6 -2 -5 -11 -8 -7 -5 4 3 6 9 8 6 2 1 1 -5 -4 -7 -7 -8 -6 -8 -11 -7 -6 -7 -6 -7 -7 -6 -7 -3 1 0 -1 4 4 8 7 2 7 5 5 5 3 6 6 7 7 11 8 12 8 10 13 14 9 17 11 11 16 8 12 10 9 10 
11 10 12 10 11 13 7 12 11 10 11 8 8 11 15 16 16 14 13 12 10 11 8 9 13 17 15 12 16 13 15 13 8 6 13 8 18 17 9 13 9 10 13 11 11 11 12 14 16 14 18 12 14 12 11 9 11 12 12 11 9 15 15 15 10 8 8 12 11 12 11 15 12 14 12 13 12 10 9 10 9 11 15 12 16 13 9 10 11 10 13 13 10 12 12 9 15 10 8 6 
12 10 11 10 11 13 11 11 5 11 13 14 14 10 13 14 12 10 7 9 15 17 17 14 8 12 11 8 12 13 12 11 12 11 9 11 13 12 14 13 13 15 13 9 12 14 15 17 12 17 15 22 18 15 12 10 10 7 8 9 10 9 15 14 17 9 11 10 9 14 11 18 13 16 16 14 8 5 8 6 4 6 9 8 10 10 14 9 9 8 10 12 16 13 13 9 19 17 19 19 
16 17 21 20 20 17 16 15 13 9 12 12 10 6 10 13 11 8 8 7 6 9 9 10 4 3 8 12 17 18 13 18 16 20 20 23 20 19 14 16 11 9 5 4 5 5 8 11 8 6 7 8 8 13 8 11 14 17 16 22 19 21 23 16 10 12 10 15 13 11 11 6 8 8 5 4 12 6 12 10 16 13 17 15 17 15 17 16 13 9 8 10 6 6 10 10 9 14 14 14 
12 9 8 7 9 11 12 16 16 12 17 19 16 20 11 13 9 8 7 12 12 14 13 15 11 11 9 10 8 6 12 14 11 9 11 11 14 15 16 15 13 12 12 14 7 7 8 11 11 11 12 10 12 13 15 16 22 21 21 19 17 17 19 15 18 16 14 13 12 9 11 10 15 16 16 12 13 10 6 10 7 5 7 12 13 15 13 9 10 13 9 8 -9 -13 -18 -11 0 -5 -3 1 
16 24 29 31 23 37 38 23 13 4 -11 -10 -12 -3 8 15 8 9 9 7 10 1 -26 -47 -55 -55 -64 -63 -64 -45 -20 -10 -5 -3 9 17 25 22 16 9 -1 7 6 8 28 45 76 127 177 209 202 167 117 36 -81 -189 -220 -190 -135 -71 -38 -21 25 84 120 136 134 112 86 74 56 26 -6 -39 -62 -86 -100 -108 -63 44 174 346 589 844 951 901 587 99 -366 -1163 -1603 -1680 -1486 -1092 -682 -402 -363 -491 -696 -855 
-944 -961 -899 -804 -719 -651 -645 -694 -745 -783 -818 -881 -939 -997 -1066 -1178 -1247 -1117 -795 -511 -382 -307 -212 -66 98 220 282 324 350 315 183 -24 -252 -469 -645 -767 -800 -741 -621 -463 -278 -103 46 149 214 222 200 153 100 66 59 56 18 -72 -208 -359 -501 -615 -684 -689 -637 -551 -458 -419 -425 -487 -538 -572 -578 -576 -563 -556 -578 -603 -624 -635 -605 -531 -408 -242 -97 55 186 317 434 533 590 596 568 512 444 386 371 391 445 487 525 523 505 472 
433 374 301 234 182 156 132 105 70 29 -6 -35 -56 -76 -92 -90 -78 -58 -16 28 65 90 101 106 112 114 115 113 94 67 38 19 7 -1 -13 -23 -40 -50 -57 -65 -69 -65 -64 -55 -48 -41 -34 -20 -13 -2 -2 -14 -28 -45 -61 -65 -66 -72 -70 -68 -63 -59 -53 -54 -51 -41 -29 -20 -5 6 13 22 34 32 36 38 37 33 35 36 39 40 40 39 47 46 48 47 47 41 41 41 35 38 43 42 41 34 18 20 
22 27 37 52 62 79 96 116 124 133 123 112 104 92 78 69 54 45 55 76 105 126 127 114 97 80 59 41 23 9 -11 -34 -48 -62 -70 -71 -72 -68 -62 -55 -54 -48 -38 -30 -24 -16 -12 -13 -16 -16 -19 -20 -24 -30 -34 -35 -39 -35 -35 -37 -34 -34 -36 -34 -32 -22 -20 -17 -18 -23 -16 -13 -8 -7 -8 -4 1 0 4 4 8 9 16 12 17 15 14 14 11 18 10 13 14 16 21 27 31 32 32 33 
28 24 31 26 28 27 21 17 19 16 20 20 20 16 19 16 17 14 14 13 13 7 14 10 10 8 12 16 18 8 12 14 16 9 11 16 18 13 12 1 5 2 8 9 6 9 3 5 4 5 6 5 6 5 4 6 10 5 8 9 8 9 9 14 14 15 15 13 9 7 11 13 8 7 11 12 12 17 18 19 29 30 32 31 24 23 18 18 12 13 14 21 19 24 24 22 22 17 15 12 
7 3 5 4 6 10 17 18 14 8 9 8 8 4 3 4 3 8 10 12 17 16 10 10 14 11 10 8 8 11 9 13 10 10 6 10 7 7 12 6 9 11 13 15 24 16 12 5 8 9 12 9 14 11 17 14 13 12 11 12 12 13 14 13 13 13 14 20 15 13 9 6 8 10 14 13 13 11 13 13 14 10 15 15 10 6 12 12 14 11 15 11 12 11 10 10 11 10 11 14 
14 15 13 13 8 13 11 10 9 14 13 16 15 15 13 14 16 14 12 13 13 6 10 6 5 10 13 17 14 15 13 16 13 10 13 14 7 10 12 15 13 13 11 16 13 13 15 15 11 15 12 14 12 14 10 11 13 12 13 16 13 10 13 12 14 9 10 12 11 8 9 9 12 14 14 18 14 13 14 11 17 17 15 15 16 13 12 7 13 10 13 16 16 17 11 13 18 9 10 10 
8 9 11 10 13 14 11 14 16 13 12 16 11 14 17 14 13 16 16 13 11 8 11 9 10 13 12 14 14 17 11 16 17 13 11 13 14 21 24 27 21 17 17 13 15 14 10 9 5 9 12 8 8 10 11 11 13 14 15 12 5 6 9 8 11 6 10 11 7 6 15 12 11 12 9 11 16 17 18 15 10 12 13 10 10 14 12 10 14 14 14 16 16 13 15 15 14 14 13 15 
11 11 10 16 12 13 10 7 10 15 12 17 14 12 10 10 10 10 10 13 14 16 17 14 16 15 12 15 16 13 10 16 10 11 12 13 17 19 24 21 32 36 43 41 40 33 21 21 26 21 17 13 13 17 28 28 26 26 26 24 22 20 17 11 13 10 16 16 18 21 23 20 15 18 15 19 20 19 15 14 13 17 11 19 18 14 9 8 8 9 12 7 7 11 15 13 14 9 14 14 
17 14 7 6 10 10 4 14 8 12 14 16 13 14 18 12 17 20 17 11 12 11 18 11 11 8 12 13 15 19 12 14 11 14 11 13 9 9 11 17 13 13 10 17 21 23 19 17 13 12 7 4 6 4 8 2 8 14 8 10 9 11 13 10 8 10 16 13 8 11 8 10 9 11 9 12 18 17 17 18 12 15 11 7 10 11 12 15 13 15 15 -46 -41 -18 22 40 25 7 3 4 
24 35 38 33 17 16 28 24 14 10 17 20 28 38 41 37 19 -14 -26 -31 -47 -51 -41 -18 -4 -5 -3 1 -30 -62 -61 -39 1 60 143 240 373 646 1062 1629 2262 2783 2797 2224 903 -1018 -2436 -2961 -3006 -2602 -1841 -887 -14 466 531 337 30 -329 -705 -1017 -1245 -1416 -1541 -1640 -1649 -1624 -1620 -1581 -1544 -1513 -1545 -1624 -1674 -1717 -1721 -1707 -1702 -1676 -1592 -1478 -1307 -1120 -951 -770 -610 -446 -338 -247 -168 -69 32 127 233 355 498 682 995 1292 1692 1935 
2071 2051 1904 1671 1442 1138 800 483 191 -92 -419 -812 -1241 -1680 -2061 -2366 -2549 -2581 -2451 -2141 -1771 -1300 -983 -712 -423 -107 209 518 830 1116 1325 1426 1459 1477 1496 1496 1452 1362 1210 1004 766 523 294 106 -37 -124 -160 -148 -102 -42 45 125 189 237 260 275 278 268 242 197 142 71 -11 -104 -206 -319 -416 -496 -519 -462 -397 -313 -253 -208 -146 -40 167 298 375 290 160 62 -43 -89 -135 -166 -133 -79 -41 -54 -110 -173 -219 -238 -268 -310 -374 -455 -543 -612 
-661 -673 -661 -623 -571 -507 -430 -345 -261 -185 -129 -99 -94 -88 -74 -44 -10 30 62 81 88 80 68 52 34 28 11 5 -8 -14 -16 -18 -17 -21 -16 -2 6 17 19 21 29 34 37 43 46 43 35 30 29 19 11 3 -1 -11 -13 -10 -5 -7 -5 -14 -14 -17 -12 -13 -15 -23 -25 -30 -30 -20 -10 -3 0 3 20 41 64 83 85 77 65 50 40 37 26 22 19 10 -3 -21 -42 -47 -53 -51 -49 -49 -43 -38 -37 -28 
-19 -4 10 22 26 28 31 25 12 4 -8 -18 -17 -20 -17 -11 -9 -4 1 8 11 22 29 36 30 31 26 26 26 29 29 34 33 27 29 35 38 38 38 31 39 43 40 38 32 34 36 38 34 29 26 33 43 51 59 62 64 59 58 52 53 51 47 42 31 21 14 12 18 16 12 9 5 0 2 -2 -3 -1 -4 -4 -6 -9 -5 -6 -1 0 -2 -1 1 -1 -2 -1 1 -2 0 -7 -7 -7 -11 -8 
-10 -10 -11 -7 3 0 -2 3 4 9 8 6 1 -1 -6 -6 -5 -6 3 -4 0 -5 -4 -2 -3 -2 -5 -6 -1 -2 2 11 13 10 6 1 -3 -9 -3 1 -1 3 3 1 1 4 6 11 13 9 9 11 8 14 11 10 10 13 15 14 14 21 18 18 18 16 14 11 9 13 9 16 10 11 9 14 15 18 22 19 15 20 14 12 10 14 14 13 14 11 10 6 7 11 12 10 13 12 11 16 
16 12 12 17 14 14 13 12 7 9 8 3 6 5 9 15 15 18 16 18 19 18 21 20 12 11 8 12 10 12 14 20 19 19 14 6 11 11 10 11 9 11 11 9 16 12 18 12 11 7 7 9 8 14 17 12 16 13 15 10 14 12 10 10 12 7 11 7 8 18 19 21 18 10 8 14 14 15 14 13 11 7 11 14 14 14 15 14 19 15 22 26 25 19 12 8 8 7 6 9 
11 18 13 15 10 9 9 11 11 9 9 4 8 12 13 16 12 13 14 15 18 15 16 15 15 15 20 18 14 13 9 11 13 7 8 11 16 17 20 13 10 9 11 18 20 17 11 10 10 10 12 8 7 8 5 8 8 9 10 12 16 10 12 7 11 8 9 12 14 15 17 19 18 17 18 14 16 11 13 15 13 18 16 13 11 9 6 13 10 8 11 14 12 11 12 10 11 11 14 14 
18 14 5 2 5 13 17 17 16 13 9 14 17 15 17 14 12 12 11 13 8 7 14 15 17 14 18 14 11 10 11 11 14 14 12 14 11 13 8 13 12 14 9 11 13 14 13 14 14 12 11 7 11 13 9 14 15 18 17 17 10 11 11 13 17 12 13 14 7 9 12 10 13 12 7 4 5 5 9 14 13 18 16 14 15 7 8 6 10 11 17 19 15 10 10 6 10 13 13 15 
12 14 13 13 10 7 10 16 12 11 13 13 17 9 9 12 9 12 16 16 18 17 18 22 12 8 11 8 8 10 10 14 19 20 17 15 10 12 12 11 9 10 12 17 15 19 11 9 6 7 6 8 13 19 17 22 20 18 15 13 11 14 16 14 9 10 11 13 11 14 16 17 12 15 12 9 11 13 16 17 16 15 13 7 7 11 6 9 14 12 15 21 17 15 19 17 13 15 11 13 
10 12 13 14 13 12 13 14 13 13 12 17 16 15 14 13 17 12 6 6 7 12 18 19 18 10 11 10 9 11 15 15 14 13 16 16 10 9 1 10 9 12 13 14 17 20 21 19 16 15 11 7 6 3 8 14 15 15 18 16 12 14 10 7 10 10 11 18 15 19 15 12 15 8 13 10 13 13 17 15 16 11 11 5 13 15 17 18 12 14 -4 -4 0 5 18 17 22 11 3 4 
12 19 19 13 7 -12 -30 -35 -23 4 21 29 25 15 19 31 41 35 11 -12 4 20 20 -2 -9 2 25 35 29 0 -17 -19 -7 11 13 4 -14 -20 -22 -24 -28 -9 -3 -4 -23 -62 -100 -139 -158 -160 -154 -143 -86 44 106 215 339 563 838 1238 1735 1999 1327 101 -1307 -2416 -2937 -3050 -2855 -2450 -1926 -1420 -1060 -912 -967 -1139 -1348 -1519 -1601 -1652 -1709 -1786 -1867 -1936 -1966 -1945 -1909 -1786 -1621 -1410 -1186 -960 -724 -512 -340 -219 -137 -70 -12 54 
147 266 410 572 781 981 1207 1355 1575 1599 1515 1309 1056 814 627 483 353 168 -62 -375 -728 -1068 -1352 -1573 -1738 -1806 -1738 -1484 -1205 -811 -498 -429 -419 -459 -428 -374 -217 -19 200 415 565 628 602 560 611 760 991 1182 1268 1205 951 596 232 -30 -113 -55 62 156 194 204 161 93 8 -67 -129 -167 -197 -209 -227 -240 -258 -280 -298 -303 -304 -291 -285 -278 -274 -273 -266 -256 -255 -251 -242 -227 -225 -219 -211 -200 -179 -153 -112 -88 -60 -33 -16 4 10 27 
32 40 51 54 52 50 47 41 37 38 28 23 12 5 3 -9 -14 -29 -39 -45 -42 -32 -15 -1 15 23 34 41 55 63 73 75 79 82 88 100 116 125 136 143 139 146 143 152 156 160 163 161 162 154 151 142 140 132 116 100 85 65 49 34 24 15 8 1 -9 -21 -31 -44 -53 -62 -60 -59 -64 -64 -67 -63 -65 -69 -78 -90 -100 -111 -110 -112 -104 -99 -93 -81 -81 -79 -75 -76 -68 -66 -61 -54 -43 -35 -28 -14 
-4 -3 2 -1 -7 1 0 1 -2 -9 -17 -26 -34 -34 -39 -39 -38 -34 -18 -11 -6 1 0 -7 -20 -29 -20 -10 8 22 39 42 46 50 49 55 65 80 98 109 119 121 114 104 98 95 92 88 96 88 94 86 83 82 79 72 65 58 52 40 32 26 19 14 14 8 8 3 -1 -5 -6 -5 -2 0 -7 -7 -7 -12 -18 -17 -18 -10 -4 19 39 50 57 52 42 32 24 8 1 -7 -13 -23 -29 -35 -44 -52 
-52 -54 -55 -52 -45 -36 -33 -28 -22 -13 -9 1 1 9 10 13 10 9 4 2 -4 -8 -3 -2 -3 -2 0 1 4 9 16 20 26 26 27 21 24 23 20 14 16 14 18 15 19 19 26 24 23 27 29 29 27 28 24 23 18 19 14 5 7 5 7 11 9 8 8 9 4 12 15 18 12 13 10 7 1 2 -1 0 0 -3 -2 0 -3 -2 3 6 12 11 10 5 5 7 5 9 7 4 7 11 
10 10 9 10 8 11 18 19 19 23 22 23 21 17 14 10 8 12 13 19 12 13 13 17 19 14 13 18 16 21 19 18 18 17 18 12 12 14 14 13 13 8 4 6 13 13 10 14 7 6 7 10 18 15 16 17 11 11 10 11 11 13 9 11 9 13 10 14 16 12 8 7 8 8 7 11 11 14 18 16 15 17 19 13 11 10 11 11 12 12 15 10 8 12 12 12 16 12 10 10 
9 8 8 9 12 13 16 15 12 10 8 5 3 3 6 12 12 9 8 11 14 17 22 20 18 13 7 10 10 10 10 5 8 9 11 13 15 14 11 10 13 12 13 13 9 12 12 11 15 16 15 13 14 14 12 12 8 12 15 13 18 18 14 10 10 12 12 8 13 13 11 13 15 13 15 17 11 11 12 11 9 10 17 12 14 13 12 14 15 14 18 13 10 8 13 12 18 16 17 13 
12 12 13 13 12 9 13 13 12 15 13 11 6 6 6 10 13 14 13 16 10 11 10 13 12 10 9 10 14 18 14 12 13 15 16 20 15 14 8 9 7 4 7 9 13 14 16 15 13 14 11 14 18 20 17 13 11 8 11 11 10 14 10 15 13 13 16 11 16 13 10 12 14 17 20 21 16 13 8 14 10 17 17 12 12 14 13 13 12 12 14 13 17 18 13 12 8 10 9 15 
18 18 16 16 12 14 16 14 13 13 12 7 10 6 12 10 13 16 14 11 10 13 8 13 14 10 12 12 16 13 16 16 11 10 11 12 14 14 11 14 12 10 12 10 14 13 15 9 14 12 16 16 14 12 18 10 9 5 11 18 19 20 17 8 8 8 8 11 11 16 20 21 15 13 13 9 7 9 10 13 20 17 13 10 13 12 13 16 13 10 8 7 14 12 15 9 17 15 13 11 
10 13 8 11 9 16 13 17 14 17 13 11 15 14 14 12 8 3 6 13 15 21 12 14 13 17 16 20 26 15 9 4 4 6 12 14 12 14 13 11 12 10 11 12 12 16 17 14 13 10 7 6 8 13 15 13 15 13 12 15 12 17 12 13 11 10 9 13 13 11 14 14 8 7 16 12 13 12 11 14 14 12 13 14 9 9 7 11 11 41 36 4 -8 -5 7 21 44 38 8 -10 
-13 -6 7 20 26 19 9 3 6 12 17 25 26 24 14 -1 -14 -15 -3 -3 2 29 38 35 18 1 -1 8 28 37 32 27 11 -18 -32 -19 -6 13 11 8 22 31 32 31 40 48 61 73 54 16 -24 -39 -15 9 22 29 23 7 -5 -6 9 39 54 43 24 12 -2 -24 -26 -21 -6 4 9 31 46 57 51 32 17 18 34 34 38 22 -11 -52 -64 -53 -23 2 13 12 4 -17 -49 -70 -106 -156 -170 -126 
-48 55 220 444 668 857 1059 1180 892 156 -726 -1368 -1721 -1811 -1644 -1366 -1091 -882 -761 -750 -822 -952 -1107 -1227 -1322 -1400 -1494 -1596 -1728 -1881 -2024 -2108 -2099 -2003 -1865 -1707 -1539 -1362 -1194 -1022 -833 -603 -375 -164 -2 94 116 103 87 105 165 277 425 609 830 1068 1230 1470 1529 1462 1284 1020 753 515 363 295 283 243 105 -143 -451 -730 -903 -967 -959 -850 -666 -506 -313 -277 -308 -401 -419 -382 -241 -46 118 168 118 28 -35 19 206 520 822 955 875 668 420 219 
104 69 80 81 46 -24 -118 -195 -243 -276 -302 -320 -346 -382 -431 -450 -457 -444 -423 -407 -381 -336 -284 -218 -157 -117 -97 -96 -107 -124 -137 -155 -165 -163 -143 -116 -75 -35 -6 12 20 24 24 19 16 14 12 15 14 11 16 18 18 17 23 19 23 11 8 12 13 14 19 18 20 24 34 36 49 55 68 67 69 67 67 71 73 75 83 90 91 97 101 102 107 109 111 110 112 107 105 100 88 75 64 53 40 36 36 36 
36 35 28 21 11 1 -9 -7 -9 -11 -15 -19 -20 -27 -27 -27 -25 -25 -23 -20 -21 -26 -26 -25 -28 -27 -22 -16 -19 -16 -18 -21 -21 -23 -33 -33 -29 -32 -28 -30 -26 -31 -33 -28 -27 -25 -25 -22 -18 -11 -4 1 5 9 8 9 17 18 22 15 21 21 24 13 9 11 9 14 17 23 22 24 30 35 37 34 36 37 36 42 36 34 33 28 35 33 39 36 41 40 39 41 36 37 34 29 25 19 16 14 
16 18 12 5 1 2 -1 0 4 5 5 4 5 5 9 8 4 -2 -3 -5 -10 -12 -10 -18 -11 -10 -4 -8 -11 -12 -11 -7 -6 4 3 -2 0 -1 -1 -6 -2 0 -4 -3 -1 -2 6 8 12 15 17 14 13 17 12 14 16 15 17 23 19 20 17 16 17 13 9 7 7 5 15 21 29 34 30 26 24 16 18 21 20 22 16 12 12 16 19 21 20 19 16 18 10 7 8 13 17 12 15 13 
9 6 10 5 10 9 4 8 7 8 11 9 10 10 8 4 9 5 9 9 9 11 9 6 9 7 13 7 8 9 11 12 12 11 8 10 11 9 11 10 10 8 10 13 11 15 12 9 12 21 21 17 14 14 16 15 13 15 16 13 17 10 12 14 16 15 9 7 5 7 2 8 9 10 9 10 12 12 15 10 5 7 6 8 5 7 13 21 18 19 17 17 16 17 12 9 8 8 10 14 
10 16 17 17 12 9 5 10 16 18 19 12 15 16 21 19 14 11 13 11 9 15 15 14 12 10 14 21 16 17 16 11 10 8 7 4 8 9 15 19 16 9 11 12 9 12 17 15 14 14 11 14 15 18 18 14 11 10 11 13 12 11 12 10 7 12 13 16 14 13 14 14 10 13 15 13 16 17 12 14 9 12 10 16 14 14 9 10 10 13 15 11 10 4 5 9 11 12 15 15 
12 13 8 9 12 16 14 17 11 15 16 14 16 13 14 16 11 9 6 8 7 13 17 18 16 16 18 15 17 16 13 13 10 7 11 10 11 11 13 13 7 9 12 13 8 13 12 14 18 20 18 16 10 3 3 7 15 16 14 13 21 23 27 19 15 12 12 15 15 14 9 8 5 8 3 9 13 14 15 14 13 13 11 12 12 18 14 15 11 11 7 9 12 12 12 9 9 17 18 15 
12 13 13 12 12 11 7 0 9 12 19 17 15 16 19 21 18 11 13 13 12 14 17 17 14 16 16 16 15 10 11 8 8 13 12 15 15 13 12 9 5 7 12 11 15 11 11 15 11 16 22 19 22 21 13 7 11 13 7 10 12 18 18 16 17 15 15 15 9 13 14 13 7 10 13 17 10 15 10 5 13 13 8 7 8 9 12 14 7 15 11 15 13 12 19 15 19 13 18 15 
13 8 8 8 14 15 14 15 12 13 14 13 12 13 20 8 6 8 7 13 13 15 7 14 7 12 13 13 16 11 17 11 12 12 9 7 7 11 14 14 12 8 10 19 19 17 16 11 6 11 14 12 18 19 14 11 17 12 13 11 10 9 8 11 12 16 13 15 12 9 11 11 13 17 17 13 8 10 9 14 13 12 13 13 16 14 9 7 -2 -15 -39 -76 -92 -73 -64 -54 -49 -26 -5 10 
-4 -21 -9 33 80 104 109 75 28 -4 -5 7 26 37 16 13 24 41 47 45 43 35 33 33 22 -9 -46 -65 -68 -44 -23 -24 -12 0 8 -8 -33 -36 -14 12 39 53 56 24 -4 -24 -24 -13 -5 -9 -16 -29 -25 -23 -36 -46 -59 -66 -92 -129 -158 -168 -156 -156 -146 -58 137 394 668 897 878 787 617 41 -748 -1277 -1474 -1423 -1162 -802 -484 -329 -309 -344 -405 -481 -577 -706 -832 -947 -1052 -1159 -1264 -1371 -1459 -1482 -1492 -1507 -1539 -1589 
-1648 -1692 -1764 -1802 -1815 -1750 -1620 -1435 -1201 -882 -471 3 417 692 780 724 630 571 573 665 681 763 716 570 378 219 136 131 194 272 286 249 156 24 -134 -279 -414 -526 -610 -625 -557 -427 -291 -168 -45 24 100 116 66 -40 -75 -79 -19 47 87 108 131 153 188 228 302 419 561 670 708 652 504 300 69 -122 -247 -296 -294 -271 -247 -249 -263 -275 -285 -292 -298 -291 -292 -299 -314 -334 -357 -369 -372 -351 -323 -290 -258 -227 -209 -193 -193 -193 -196 -191 
-183 -159 -141 -111 -82 -44 -13 12 30 41 47 47 42 33 28 19 20 15 15 10 13 4 11 9 11 11 7 12 9 9 6 5 16 18 20 25 23 28 28 33 30 40 46 49 59 71 76 81 87 89 93 98 97 89 87 87 85 76 67 59 55 50 43 35 30 23 23 21 20 20 12 3 -1 -1 0 0 4 -1 1 -2 -5 -10 -9 -13 -14 -10 -5 -3 3 9 8 13 14 13 13 10 8 4 -2 -3 
-10 -21 -24 -32 -33 -37 -31 -31 -29 -22 -21 -16 -9 -5 -5 2 -1 -4 -3 2 2 9 13 14 17 22 22 16 13 10 13 13 14 14 13 17 15 20 20 23 26 22 19 18 23 22 25 23 24 24 18 16 12 10 11 18 23 31 33 35 30 36 30 30 27 25 20 10 8 -1 -5 -9 -5 -4 -3 -3 -1 0 3 1 4 -1 3 1 3 0 -2 -2 -6 -7 -2 3 3 9 7 12 20 18 21 22 
22 24 19 17 11 11 5 9 9 12 8 11 13 13 13 9 9 9 11 8 12 18 17 14 12 9 7 10 13 13 13 13 16 15 19 16 14 16 7 7 11 10 18 16 17 19 21 19 15 11 6 9 5 8 7 9 8 11 10 15 15 18 12 12 7 9 8 7 9 15 15 14 19 19 22 17 13 6 5 8 11 16 21 24 26 19 15 11 11 14 13 10 6 8 9 11 12 21 18 24 
17 17 12 11 10 9 15 11 15 18 20 15 12 3 7 3 10 10 12 18 19 23 17 18 13 6 4 2 3 9 7 9 17 19 22 21 13 12 8 11 11 9 11 19 15 20 18 18 14 19 12 8 4 5 4 6 14 19 20 22 20 11 3 8 11 10 11 11 7 8 12 20 13 13 3 -2 3 1 8 13 16 12 13 10 16 15 15 13 16 21 24 19 18 15 18 20 18 16 17 20 
20 12 13 10 9 7 7 9 9 8 8 11 12 11 13 18 12 14 15 12 14 13 9 6 7 7 7 12 18 20 25 16 17 12 10 14 16 10 10 18 12 16 13 12 6 3 6 4 14 19 18 17 14 9 7 8 6 2 6 5 8 11 16 19 22 21 17 16 11 10 12 9 11 15 11 14 15 20 19 17 17 13 11 18 9 11 9 9 10 9 10 10 13 6 15 16 18 19 19 25 
20 24 21 15 10 2 6 2 5 6 8 9 12 12 14 18 20 18 15 11 10 8 1 1 10 14 14 13 15 11 10 7 13 12 15 14 10 11 11 9 10 8 14 15 19 17 16 11 14 18 14 18 8 7 12 16 16 17 16 11 12 10 11 16 13 9 11 10 13 15 13 10 8 10 11 7 10 10 14 15 13 12 12 12 12 12 14 17 15 11 8 11 11 14 13 15 17 12 8 6 
12 14 12 12 11 9 12 15 15 11 11 8 8 12 14 17 19 16 17 15 11 12 11 15 14 7 11 16 15 20 17 18 15 14 9 7 13 13 14 15 15 13 7 11 9 14 13 10 17 14 15 12 12 10 10 14 15 14 16 12 10 12 11 13 14 23 17 16 20 16 16 15 8 8 10 10 13 18 19 14 18 15 17 12 12 12 9 7 12 11 17 15 13 12 9 4 3 8 12 12 
15 13 17 17 13 16 13 15 15 13 9 7 9 14 16 17 14 15 14 8 12 15 11 9 8 10 15 17 20 15 14 14 12 13 11 10 13 9 11 13 13 16 16 12 15 11 10 12 13 15 14 12 16 17 11 9 11 9 10 6 9 14 13 17 13 14 18 14 17 12 13 12 7 13 11 12 14 14 14 11 13 16 14 14 7 11 10 77 65 44 26 3 -13 -21 -28 -29 -34 -35 -39 -46 
-53 -59 -60 -61 -53 -47 -41 -38 -40 -49 -79 -116 -141 -149 -158 -147 -79 98 396 750 1050 1233 1209 594 -21 -1137 -1921 -2295 -2355 -2116 -1697 -1266 -954 -743 -616 -567 -594 -671 -781 -913 -1059 -1190 -1310 -1384 -1441 -1480 -1506 -1530 -1551 -1547 -1580 -1621 -1661 -1614 -1418 -1071 -636 -221 126 388 532 589 588 555 501 443 359 283 131 -53 -222 -314 -331 -238 -59 153 331 442 428 338 188 36 -80 -137 -175 -187 -171 -170 -191 -209 -233 -238 -212 -174 -133 -79 -78 -87 -74 -28 
33 83 102 116 136 205 292 366 403 416 371 293 190 68 -73 -222 -354 -486 -568 -592 -552 -438 -289 -146 -39 16 28 4 -22 -58 -66 -57 -30 20 59 68 46 2 -46 -90 -117 -145 -157 -168 -168 -160 -140 -114 -78 -60 -38 -22 -4 10 27 30 33 22 8 3 -7 -15 -21 -22 -21 -23 -22 -22 -16 -21 -14 -14 -14 -4 1 18 28 32 28 27 21 24 27 26 27 24 25 34 35 25 24 18 13 20 28 32 33 28 25 27 
22 31 31 28 31 30 37 38 42 43 43 41 39 39 39 37 29 26 20 19 13 14 13 9 7 12 7 8 6 5 0 0 -5 -3 -5 0 -1 0 -1 -5 -6 -5 -11 -9 -9 -5 -11 -8 -9 -8 -6 -8 -6 -10 -13 -11 -13 -5 -1 2 6 6 13 7 10 11 9 9 4 3 1 10 24 34 43 42 51 62 80 95 108 122 132 125 125 118 109 95 77 59 46 34 20 17 20 18 25 24 32 39 
48 55 55 60 59 51 48 39 27 13 1 -11 -26 -35 -42 -44 -46 -43 -40 -38 -31 -25 -21 -17 -22 -26 -31 -39 -46 -50 -53 -51 -55 -56 -50 -48 -48 -42 -42 -39 -39 -29 -29 -26 -28 -17 -22 -17 -21 -13 -14 -14 -7 -8 -3 0 0 -2 -1 -1 -2 3 -2 1 1 -2 -3 5 12 11 14 16 19 19 16 20 16 23 17 18 15 13 16 10 16 17 25 25 33 31 33 27 25 28 29 31 33 30 32 32 
35 40 49 49 52 56 68 63 60 52 37 32 29 31 27 25 22 25 22 29 32 29 29 21 15 12 7 13 12 9 9 9 13 18 19 26 28 30 26 22 15 14 18 17 21 19 17 18 11 17 18 15 15 11 10 1 3 -1 -5 -3 2 5 10 14 18 16 14 11 13 9 12 8 5 2 2 7 6 12 13 16 19 15 11 12 15 13 18 17 17 19 18 14 13 10 7 8 12 15 9 8 
10 18 21 24 26 23 18 18 11 10 9 8 6 6 14 21 28 25 22 10 11 16 15 17 11 9 11 9 6 12 13 18 16 16 10 14 9 12 10 10 11 12 12 12 8 10 14 12 14 14 14 10 10 11 11 8 14 9 9 10 4 7 8 10 7 10 10 14 15 15 15 16 12 8 16 11 12 11 12 13 16 15 13 15 14 11 11 11 14 14 23 19 16 7 6 6 12 14 9 11 
11 4 14 10 13 14 17 15 15 16 15 16 12 14 14 10 10 8 11 14 13 16 13 13 15 9 12 8 13 9 10 13 15 18 17 19 11 11 13 14 18 21 18 18 16 11 11 13 10 7 6 7 10 12 11 16 13 13 13 11 8 15 17 17 11 11 11 13 15 13 12 8 8 7 7 6 8 15 20 15 15 12 17 13 9 10 11 17 16 16 11 18 15 16 18 18 11 10 8 8 
7 7 12 8 9 7 8 15 13 19 8 4 8 18 20 24 20 13 13 16 16 17 14 15 12 10 15 14 15 15 14 13 15 15 12 12 11 17 13 17 15 18 11 9 12 16 17 12 17 17 17 20 16 14 5 7 5 11 11 10 12 15 17 14 12 8 7 7 4 3 9 7 12 10 18 13 16 13 15 11 15 19 24 20 20 16 19 17 18 12 11 13 14 12 9 8 9 9 13 11 
9 9 9 5 5 11 14 14 15 18 21 22 17 19 18 16 14 16 9 10 9 8 11 13 9 15 15 13 12 12 14 17 16 16 18 20 17 13 13 12 11 9 7 8 8 13 13 12 12 10 3 7 8 5 6 13 7 9 11 16 16 19 19 18 13 12 13 13 13 10 17 11 16 13 7 13 12 13 16 16 13 10 12 15 15 19 20 18 17 17 19 14 10 6 5 7 8 13 14 10 
18 18 19 19 15 12 10 17 17 11 12 14 14 16 15 14 12 9 8 10 14 8 10 15 14 13 12 15 19 16 23 21 20 18 17 18 23 24 15 11 15 14 14 12 14 10 17 16 15 15 8 4 9 11 13 11 10 9 12 14 12 10 12 10 7 12 14 11 7 7 6 11 13 16 15 11 13 13 12 15 14 13 10 15 13 18 53 43 22 0 -8 -8 -7 -11 2 23 32 30 33 45 
49 51 38 24 20 32 29 9 -1 8 23 8 15 42 53 52 45 43 21 7 17 29 22 13 10 16 19 27 27 15 4 -3 17 44 57 62 50 40 27 19 21 29 36 34 42 43 38 46 48 41 13 2 9 14 18 8 4 -1 3 19 13 0 -17 -10 1 12 25 35 36 26 20 20 24 30 33 24 -17 -47 -60 -58 -55 -60 -84 -102 -111 -94 -100 -121 -121 -108 -90 -43 68 222 366 465 556 622 553 429 
263 -272 -839 -1262 -1393 -1251 -974 -728 -572 -525 -584 -694 -799 -896 -981 -1066 -1164 -1253 -1338 -1398 -1454 -1528 -1628 -1740 -1772 -1718 -1644 -1602 -1520 -1327 -977 -547 -160 73 127 84 27 -30 -86 -154 -206 -207 -200 -172 -144 -101 -75 -37 19 102 204 312 418 488 520 498 407 266 137 36 -43 -105 -150 -179 -191 -200 -212 -229 -216 -216 -219 -251 -317 -393 -433 -404 -296 -138 12 128 181 197 202 230 328 487 630 706 687 581 428 254 108 -1 -70 -111 -115 -109 -90 -73 
-45 -33 -40 -70 -126 -204 -288 -354 -399 -415 -400 -382 -368 -352 -335 -314 -272 -216 -157 -111 -80 -80 -99 -111 -107 -86 -61 -43 -30 -26 -38 -51 -50 -43 -28 2 17 14 -6 -26 -33 -27 -9 15 33 35 29 18 22 38 60 84 106 129 144 154 143 113 73 51 43 54 81 94 99 93 91 102 125 136 124 115 108 107 104 88 64 44 29 20 5 1 -4 6 15 23 29 23 8 -3 -4 -11 -20 -32 -46 -54 -61 -61 -50 -39 
-22 -10 10 20 28 28 27 31 26 26 22 18 17 16 13 16 14 16 22 26 19 9 0 -3 12 22 28 26 23 26 31 40 47 47 39 28 23 24 27 33 34 35 39 44 44 41 35 36 29 20 15 16 19 21 21 18 17 21 23 22 20 19 17 19 19 18 17 14 14 15 8 8 10 18 16 12 7 12 15 18 13 10 2 -1 -4 -2 3 4 5 12 16 17 19 14 11 5 5 4 9 9 
12 11 9 17 20 22 23 17 17 18 20 20 18 14 10 6 2 9 13 9 15 14 13 13 11 17 13 8 12 9 8 13 13 14 14 17 13 14 18 17 18 16 13 15 15 19 17 12 6 5 8 3 5 5 12 11 13 15 16 18 16 15 21 16 16 15 15 11 13 12 13 14 14 17 15 14 8 8 9 11 14 12 14 16 10 9 -1 -5 -10 -10 -1 4 13 11 14 19 22 17 15 13 
12 6 8 11 11 9 13 22 22 18 17 16 15 15 11 8 1 2 5 4 8 9 11 17 18 21 19 13 9 9 9 11 4 4 9 10 17 16 21 17 12 12 9 5 10 12 17 18 20 21 19 18 17 18 15 9 12 13 13 9 10 9 16 14 13 14 15 15 13 13 13 11 17 16 14 12 12 10 12 13 11 7 7 15 18 23 24 17 15 15 15 16 15 13 14 9 11 11 10 18 
8 12 11 10 16 11 13 8 0 1 0 5 6 6 10 11 9 9 7 2 1 6 7 14 16 16 19 23 17 16 19 13 12 12 11 13 12 11 11 14 13 11 10 10 10 9 11 14 17 14 14 18 18 20 17 18 12 9 7 14 14 16 12 17 13 14 14 9 11 7 12 16 17 11 14 9 13 7 15 15 12 10 10 9 10 15 14 19 18 13 7 9 10 12 11 11 13 12 15 12 
12 8 8 8 13 17 24 20 16 14 7 11 10 8 13 14 15 19 15 19 18 16 14 11 12 11 11 13 13 15 11 10 15 12 16 15 12 12 15 7 7 14 12 14 12 15 11 13 9 10 16 10 12 9 10 10 10 10 7 7 8 12 13 13 16 17 16 18 15 11 11 12 10 13 15 18 19 19 15 8 8 15 13 18 20 22 31 26 24 24 25 21 20 20 19 18 16 16 17 16 
20 18 12 9 7 15 15 19 12 15 9 9 12 16 17 11 9 6 11 13 13 9 7 10 13 16 18 13 14 13 8 11 11 12 13 11 14 13 14 18 19 12 16 13 12 10 16 16 19 19 24 24 25 20 12 14 8 9 15 17 17 11 9 10 15 13 11 15 11 6 15 11 12 12 8 6 8 11 19 19 23 16 11 13 13 14 17 11 7 7 6 11 18 8 10 3 5 11 11 15 
19 21 20 19 12 13 15 20 22 22 17 19 18 14 13 7 7 6 9 10 14 10 12 7 3 10 19 14 14 9 7 10 10 9 7 6 8 8 13 12 17 15 9 16 20 21 28 29 38 37 31 24 19 14 11 9 8 3 3 9 8 14 19 25 24 20 16 15 10 10 5 2 6 3 2 7 4 3 -3 2 3 -3 -3 2 6 3 23 33 25 -1 -18 -18 -8 2 18 22 7 7 13 11 
13 -1 -13 -21 -11 -4 9 23 19 10 -8 -13 -2 5 -3 -21 -30 -26 -26 -46 -70 -99 -117 -114 -97 -69 -49 -33 -1 68 118 170 270 405 511 618 667 598 238 -384 -833 -980 -905 -692 -450 -346 -355 -448 -570 -690 -784 -844 -863 -867 -848 -829 -820 -827 -840 -872 -923 -989 -1074 -1159 -1269 -1388 -1502 -1617 -1704 -1769 -1774 -1699 -1497 -1130 -617 -45 468 824 1020 1055 972 829 703 521 456 328 172 58 21 19 30 13 -52 -170 -327 -452 -526 -521 -471 -411 
-367 -332 -297 -258 -224 -188 -137 -63 4 26 25 -57 -180 -337 -426 -431 -342 -207 -66 51 149 240 308 338 344 304 252 225 225 239 233 191 97 -20 -160 -284 -344 -355 -325 -261 -174 -78 -4 41 49 41 42 39 39 28 8 -18 -38 -57 -76 -97 -123 -148 -172 -183 -196 -188 -175 -157 -132 -100 -73 -56 -46 -41 -40 -39 -38 -35 -25 -20 -7 6 20 26 31 44 47 45 47 47 44 42 40 26 21 12 12 14 19 27 25 23 25 28 
28 30 30 30 36 36 33 40 52 69 79 93 96 105 114 117 121 118 115 115 108 106 97 85 75 70 62 49 39 34 27 17 4 -6 -12 -15 -5 -5 -4 -5 -4 -7 -10 -9 -6 -10 -14 -19 -20 -9 -6 -4 4 9 11 15 19 10 10 4 -4 -14 -32 -59 -86 -87 -69 -39 -5 18 32 34 26 22 21 16 11 2 -3 -5 0 13 27 38 44 41 35 28 21 15 15 18 17 20 26 22 19 13 9 5 
-12 -34 -54 -58 -50 -36 -19 1 16 29 37 38 33 27 18 13 6 6 9 6 15 9 16 10 11 8 3 0 3 3 9 11 10 21 28 25 24 26 25 19 14 11 10 10 21 16 15 17 13 15 12 9 11 10 12 7 9 13 10 15 15 15 11 7 5 7 7 17 18 20 17 12 17 17 19 14 7 3 3 1 8 16 16 19 18 16 16 22 19 16 18 5 8 9 14 12 13 11 13 12 
12 10 16 7 11 5 8 4 8 9 7 15 18 17 8 5 8 11 8 7 7 5 8 9 12 15 20 15 10 8 10 9 12 14 16 16 18 19 21 15 9 10 8 12 8 14 15 12 10 12 9 11 12 12 12 16 14 11 13 13 9 12 9 8 9 8 12 16 15 17 15 9 11 14 19 17 10 16 12 14 8 11 7 6 6 7 14 15 17 16 16 18 18 16 6 2 1 9 14 19 
18 19 17 14 12 9 8 7 6 7 9 16 24 20 15 16 12 11 8 -1 -2 1 4 9 12 18 17 18 11 6 1 4 2 9 9 10 18 17 22 24 25 24 20 20 16 17 12 13 10 7 6 12 13 13 16 13 15 15 14 16 13 12 11 14 17 13 12 9 4 9 10 8 8 15 13 12 16 16 18 15 17 14 12 13 10 11 10 13 11 10 18 17 16 12 14 11 14 12 7 11 
14 11 12 11 8 5 8 10 10 9 6 7 10 16 17 23 19 13 11 9 11 11 10 13 8 18 19 16 15 16 13 11 13 16 15 14 12 18 13 15 12 12 8 7 12 11 15 14 15 13 11 12 11 14 8 5 7 13 14 10 12 16 16 11 14 13 11 10 10 13 13 12 18 16 14 12 10 7 9 8 13 11 11 8 12 21 23 19 15 13 9 5 8 6 10 13 13 14 19 17 
15 9 11 11 16 16 19 14 10 14 9 10 9 6 8 12 13 15 16 16 8 11 15 14 12 9 12 9 12 18 14 15 12 9 12 8 14 16 13 14 16 16 11 10 14 17 16 15 19 21 16 13 9 15 19 20 16 14 9 8 10 15 13 12 10 12 15 10 14 7 13 11 9 17 10 8 12 13 17 16 11 14 12 15 14 12 9 11 9 18 13 17 15 14 12 8 11 12 12 11 
10 16 15 13 12 11 11 11 9 9 9 10 16 17 18 13 6 8 11 13 14 13 12 12 11 15 15 12 11 15 18 17 13 13 10 13 14 13 12 3 13 14 10 15 16 14 13 11 11 15 12 10 6 11 10 11 6 15 13 13 14 13 16 11 17 11 14 6 11 9 13 16 17 17 13 14 12 17 14 11 9 12 17 12 12 12 13 22 18 18 18 16 8 9 7 9 12 12 16 15 
12 11 8 12 11 8 11 16 17 16 15 11 18 16 9 8 9 8 12 16 18 18 21 16 13 12 8 7 11 2 6 6 17 18 21 16 16 12 6 14 8 11 5 10 10 14 13 15 17 16 18 25 19 12 12 13 21 23 23 18 16 13 9 6 6 11 13 14 21 19 15 12 8 8 4 8 14 11 15 13 12 8 9 7 -9 2 16 32 27 18 10 0 -27 -39 -25 9 33 50 44 30 
8 7 14 9 19 48 48 34 20 28 49 52 41 42 37 25 12 7 -9 -8 8 22 23 20 23 27 26 16 -1 -5 0 13 10 -4 -7 11 26 38 47 43 27 -9 -34 -21 -14 -22 -23 -20 1 26 41 34 -2 -41 -88 -130 -165 -174 -179 -185 -173 -108 45 248 498 708 900 916 798 555 251 -57 -418 -837 -1004 -971 -852 -713 -598 -551 -585 -685 -799 -891 -973 -1039 -1085 -1116 -1135 -1148 -1186 -1261 -1376 -1442 -1361 -1205 -1003 -833 -692 -596 
-525 -394 -257 -185 -170 -170 -160 -142 -155 -223 -297 -365 -398 -377 -305 -190 -70 33 89 79 10 -93 -186 -255 -277 -253 -185 -94 -19 19 28 18 -8 -23 9 85 183 284 335 352 314 249 179 138 124 155 215 274 320 327 304 259 208 161 121 87 44 -9 -71 -149 -231 -307 -373 -422 -441 -442 -417 -369 -288 -211 -149 -108 -88 -78 -84 -103 -122 -138 -136 -128 -125 -123 -124 -129 -131 -131 -121 -110 -103 -113 -136 -142 -126 -92 -56 -28 -8 -1 -6 -25 
-37 -40 -41 -32 -33 -39 -42 -39 -40 -39 -44 -43 -43 -45 -43 -45 -53 -56 -65 -76 -87 -97 -106 -103 -99 -80 -69 -58 -43 -33 -16 2 17 35 41 46 37 33 27 20 16 13 5 -10 -24 -44 -61 -76 -96 -87 -70 -42 -24 -10 6 18 28 30 33 34 36 37 29 28 22 25 27 26 27 18 14 -3 -28 -55 -68 -74 -71 -58 -43 -27 -16 2 14 28 38 40 46 40 35 27 18 13 14 9 -2 -1 9 19 26 22 
23 23 30 27 36 35 31 17 8 7 13 21 29 35 43 56 60 60 61 68 76 75 63 45 32 25 16 9 5 6 6 11 11 15 15 15 14 10 4 3 -3 -1 2 9 18 23 23 25 24 20 6 8 7 12 21 16 12 16 19 20 21 16 11 8 8 8 16 19 21 20 24 19 17 7 2 3 4 15 17 6 11 12 17 21 18 11 13 13 13 12 9 14 14 15 9 8 13 15 12 17 
13 9 9 15 17 20 16 12 11 10 10 9 10 15 17 19 18 21 14 14 13 20 15 10 9 9 17 16 13 9 12 12 13 10 14 16 13 19 14 13 14 12 17 23 29 34 36 34 36 32 27 22 19 11 13 13 16 12 10 12 13 14 23 22 20 15 17 12 17 13 8 8 4 10 10 13 12 14 16 20 20 25 28 24 23 21 16 18 13 10 9 10 17 16 16 10 12 11 9 8 
15 10 17 13 9 13 15 11 9 2 7 11 8 6 11 12 19 24 24 20 12 14 4 5 4 10 5 3 11 14 17 14 15 15 14 11 5 0 2 11 14 17 16 13 12 13 16 18 18 10 6 7 7 12 19 20 17 14 9 10 13 16 9 11 12 8 11 8 8 14 14 14 15 16 11 17 9 8 12 12 15 19 16 16 16 9 7 5 7 11 15 17 17 16 17 17 14 13 8 10 
15 9 10 14 10 12 10 14 19 18 16 8 8 11 12 13 12 9 10 7 10 10 12 10 13 16 19 24 26 29 28 28 22 15 14 14 9 11 7 7 8 5 6 11 19 22 19 15 10 11 9 13 15 10 15 22 18 24 30 29 29 7 3 -1 10 19 19 10 12 13 11 12 9 7 9 11 11 14 15 14 10 8 9 15 19 18 14 9 12 11 13 8 12 12 19 18 16 17 19 16 
13 11 8 14 17 16 16 11 12 9 11 14 8 9 12 16 16 13 12 12 9 2 5 12 15 19 17 11 8 14 17 17 14 16 13 15 13 12 10 13 12 14 13 16 16 14 12 14 7 10 14 16 15 12 13 12 14 13 13 16 10 5 9 8 6 1 3 13 17 18 16 9 11 17 18 16 19 20 24 33 32 34 37 43 43 39 30 18 14 14 10 4 6 13 18 18 15 11 2 1 
0 0 1 10 8 17 21 21 15 17 7 7 2 5 1 14 15 22 25 24 15 14 10 9 10 10 15 10 14 20 17 12 11 11 9 6 7 8 8 10 14 13 14 15 7 11 15 16 19 11 7 4 9 13 15 11 14 13 13 18 15 11 11 12 11 10 10 8 6 5 10 10 14 15 16 16 12 12 14 9 13 13 13 16 20 17 13 11 7 7 6 9 12 14 15 17 9 16 13 19 
16 9 5 6 6 9 9 13 15 15 12 16 16 20 14 9 5 2 10 12 17 12 12 14 15 17 11 9 12 11 11 15 17 23 15 13 10 13 12 8 11 3 11 15 11 12 16 14 10 5 2 6 7 13 11 15 10 17 15 19 18 11 13 12 15 14 12 11 9 9 16 13 15 13 8 8 7 0 -1 4 10 17 18 -2 14 33 28 8 0 1 -5 -1 3 -11 -22 -23 -3 12 13 -2 
-12 -6 6 -3 -19 -28 -30 -25 -17 -12 -25 -39 -31 -24 -18 2 28 20 1 -18 -31 -31 -23 4 17 5 9 20 21 31 39 38 13 -6 -15 -9 -22 -14 -4 17 26 30 23 28 30 13 5 11 15 19 21 11 -6 -11 1 10 8 -12 -21 -21 -44 -80 -99 -82 -38 34 165 354 685 1155 1678 1928 1805 1036 -52 -1077 -1657 -1687 -1422 -1056 -783 -676 -693 -792 -885 -935 -934 -909 -893 -872 -873 -904 -944 -1003 -1073 -1195 -1327 -1476 -1608 -1742 
-1849 -1887 -1904 -1902 -1813 -1589 -1201 -683 -164 253 510 622 633 612 557 541 451 368 209 37 -95 -156 -128 -34 79 169 181 135 56 -18 -90 -145 -180 -170 -151 -124 -153 -233 -380 -531 -680 -824 -923 -964 -937 -847 -730 -620 -510 -399 -308 -263 -258 -256 -213 -137 -52 49 148 240 309 343 376 423 484 547 586 583 573 557 546 541 565 576 583 547 455 337 228 138 78 38 11 -20 -53 -89 -112 -117 -96 -60 -24 6 16 33 68 90 92 78 63 53 
40 28 -8 -42 -85 -108 -124 -138 -146 -150 -163 -180 -207 -240 -264 -270 -257 -233 -195 -143 -106 -73 -47 -25 -6 9 26 37 39 29 7 -9 -15 -17 -18 -17 -23 -17 -11 -5 3 10 11 20 23 24 21 22 25 25 35 33 35 32 28 26 20 16 10 12 15 17 27 36 37 36 35 38 39 37 38 35 30 31 24 22 20 24 25 25 20 7 1 -6 -7 -5 -4 -1 1 7 9 10 7 8 1 -3 -16 -9 -7 -3 
-4 2 6 14 19 23 18 17 9 4 -1 -2 -4 -2 -5 -8 -18 -24 -23 -20 -12 -5 -3 0 -5 -2 -1 5 13 12 14 12 11 11 9 7 8 9 7 13 9 7 15 19 17 15 11 11 12 13 17 15 15 16 21 17 20 19 21 17 16 17 15 13 18 20 18 21 23 18 16 13 9 7 -3 2 0 -4 -1 1 -1 0 -1 2 -1 0 0 -2 -3 1 7 7 2 7 5 6 7 5 -2 -4 
0 1 4 7 11 10 10 9 9 12 13 6 6 5 10 14 15 18 15 14 6 7 11 8 12 11 16 15 16 22 21 17 14 14 16 14 10 4 4 8 14 15 14 14 14 12 13 13 14 14 15 14 14 12 10 15 13 18 13 10 10 10 8 6 6 7 8 7 10 11 11 14 12 11 11 10 14 11 12 7 11 11 11 15 13 12 15 16 17 18 19 16 15 15 8 14 11 14 9 14 
17 12 13 17 21 18 15 11 8 11 10 8 17 18 13 11 13 9 8 11 11 13 13 9 11 16 15 16 15 18 8 7 9 9 11 11 11 13 15 16 20 14 13 11 9 5 13 11 14 10 11 13 14 13 9 12 13 14 11 13 15 17 16 15 12 16 10 14 11 7 10 10 14 13 15 12 13 11 8 13 18 16 13 11 9 9 12 13 13 13 11 7 10 6 8 12 12 17 17 18 
18 15 8 5 6 13 12 11 9 12 12 18 20 15 12 9 13 4 10 12 12 14 16 14 17 21 12 10 8 12 10 12 13 16 17 17 15 15 13 15 11 12 8 5 8 10 13 19 19 13 13 14 12 14 12 11 14 15 11 11 12 17 19 22 16 17 13 11 11 7 8 8 11 15 15 18 15 15 12 7 9 10 12 13 12 12 15 17 15 13 9 4 3 4 8 14 17 18 16 20 
20 19 13 8 7 7 10 12 10 14 16 11 14 11 14 12 15 17 14 13 13 15 16 11 9 10 8 11 18 15 15 15 10 12 13 8 12 10 10 12 12 11 18 16 12 15 17 17 18 13 10 9 7 16 17 15 12 18 17 15 14 12 13 15 18 20 18 13 11 7 7 10 10 10 5 10 15 16 19 14 13 11 17 13 10 13 9 8 12 3 12 13 17 20 15 15 11 15 9 9 
8 15 13 16 17 14 13 12 9 13 11 17 14 13 13 15 15 14 9 9 8 10 13 11 17 14 16 14 16 12 12 11 8 9 8 9 12 17 14 14 17 13 13 10 13 19 18 12 16 16 18 19 15 10 12 13 18 14 13 9 7 9 10 12 13 19 18 17 15 12 16 14 10 11 13 9 9 11 4 14 10 10 12 8 12 15 11 9 8 15 10 12 16 13 14 9 10 11 12 15 
16 14 13 10 5 11 12 10 12 16 20 15 17 15 9 7 7 10 7 14 17 18 18 19 13 10 7 2 5 7 8 12 20 16 22 21 17 9 9 11 17 19 20 15 11 15 16 13 10 10 7 8 10 13 15 13 9 12 14 17 15 16 10 9 3 7 16 11 13 19 16 11 11 8 12 8 9 8 8 17 13 18 