54 -44 -62 -64 -122 -218 -184 -200 -196 -186 -158 -90 -66 -132 -164 -114 -126 -62 28 -6 -106 34 52 -112 -240 -244 -40 -24 -198 -314 -222 -164 -228 -260 96 194 342 684 1020 1204 1056 608 342 86 -628 -2844 -5992 -7296 -6150 -3472 -872 1182 1962 1936 1390 786 298 6 110 494 994 1534 1908 2064 1932 1784 1668 1750 2112 2552 3130 3606 4156 4876 5890 6632 6944 6328 5104 4000 3182 2782 2788 3038 3302 3480 3516 3282 2738 2434 2036 2078 2286 2572 2746 2656 2324 1660 870 176 
-244 -286 30 544 926 1210 1328 1436 1404 1374 1508 1720 1912 1978 1982 1826 1480 1192 988 1058 1542 1800 1926 1794 1526 1368 1348 1546 1810 2016 2184 2248 2156 1920 1648 1368 1176 1050 1000 898 834 782 788 808 794 778 768 712 756 806 954 1090 1224 1236 1206 1162 1072 1048 1024 1160 1278 1294 1306 1334 1316 1278 1322 1460 1518 1566 1586 1538 1430 1376 1356 1312 1340 1450 1580 1680 1710 1732 1714 1728 1736 1706 1780 1722 1774 1778 1830 1764 1758 1738 1776 1780 1742 1726 1672 1670 
1630 1676 1638 1650 1586 1582 1560 1536 1524 1564 1574 1534 1520 1494 1444 1450 1546 1528 1498 1466 1480 1448 1460 1440 1432 1426 1426 1424 1426 1416 1386 1344 1332 1338 1328 1316 1258 1274 1252 1306 1338 1376 1360 1366 1372 1350 1364 1380 1418 1472 1478 1464 1512 1554 1548 1560 1554 1516 1558 1520 1536 1552 1560 1600 1586 1602 1638 1582 1626 1626 1636 1632 1644 1612 1636 1626 1648 1646 1656 1688 1648 1668 1642 1632 1650 1604 1618 1640 1658 1694 1652 1596 1588 1574 1596 1644 1650 1624 1566 1520 
1504 1500 1526 1510 1502 1488 1474 1538 1516 1536 1546 1564 1536 1556 1536 1554 1568 1510 1544 1558 1544 1562 1576 1618 1576 1584 1590 1538 1562 1552 1544 1570 1528 1542 1536 1554 1544 1542 1538 1582 1530 1538 1510 1524 1514 1604 1554 1526 1536 1508 1506 1562 1564 1568 1528 1512 1484 1522 1512 1568 1530 1580 1542 1598 1570 1600 1602 1580 1572 1610 1594 1596 1576 1618 1566 1610 1574 1634 1630 1644 1628 1608 1618 1610 1596 1616 1600 1602 1618 1604 1598 1614 1588 1556 1610 1590 1576 1558 1564 1566 
1576 1584 1572 1606 1598 1562 1568 1554 1540 1568 1568 1568 1574 1548 1514 1510 1520 1526 1526 1550 1524 1522 1514 1498 1556 1542 1540 1508 1570 1564 1550 1524 1552 1544 1552 1538 1584 1580 1562 1554 1592 1618 1606 1598 1608 1602 1664 1618 1562 1568 1574 1596 1564 1608 1588 1602 1586 1592 1600 1588 1582 1542 1522 1536 1566 1576 1568 1552 1508 1562 1546 1574 1596 1580 1556 1540 1556 1564 1572 1594 1552 1568 1556 1592 1584 1598 1536 1566 1570 1526 1516 1528 1550 1584 1542 1556 1580 1570 1544 1542 
1538 1558 1544 1566 1574 1544 1572 1604 1596 1622 1558 1564 1608 1580 1582 1544 1550 1566 1594 1622 1584 1608 1550 1580 1574 1564 1580 1556 1538 1566 1516 1540 1568 1552 1540 1526 1532 1542 1568 1554 1528 1554 1580 1568 1558 1604 1564 1544 1510 1536 1558 1620 1592 1578 1600 1560 1630 1624 1582 1616 1582 1612 1590 1594 1568 1548 1480 1514 1532 1504 1486 1494 1544 1534 1520 1452 1462 1490 1510 1486 1514 1530 1568 1598 1604 1654 1616 1674 1630 1640 1658 1632 1618 1620 1610 1596 1588 1624 1592 1582 
1548 1554 1574 1548 1540 1550 1504 1530 1504 1524 1508 1512 1512 1496 1506 1508 1492 1484 1508 1548 1530 1546 1508 1536 1554 1566 1550 1544 1584 1564 1604 1570 1572 1548 1556 1566 1562 1586 1596 1586 1610 1588 1568 1612 1574 1548 1532 1592 1574 1578 1554 1534 1556 1584 1580 1510 1526 1532 1516 1514 1574 1592 1586 1536 1554 1572 1578 1574 1548 1538 1564 1586 1578 1580 1584 1564 1566 1572 1588 1550 1544 1544 1544 1612 1572 1588 1536 1522 1556 1536 1576 1592 1564 1532 1548 1554 1564 1582 1572 1540 
1546 1550 1560 1598 1570 1608 1570 1582 1554 1548 1578 1558 1604 1584 1562 1564 1500 1550 1570 1600 1526 1526 1552 1568 1524 1546 1552 1518 1504 1516 1552 1548 1600 1536 1524 1522 1562 1542 1586 1594 1598 1578 1542 1530 1564 1564 1558 1560 1562 1592 1592 1572 1578 1542 1558 1556 1564 1550 1536 1554 1546 1604 1582 1578 1544 1556 1526 1582 1552 1568 1560 1546 1554 1578 1558 1538 1538 1560 1520 1560 1560 1554 1554 1542 1590 1582 1560 1546 1540 1548 1548 1534 1536 1530 1528 1598 1578 1546 1542 1524 
1554 1570 1566 1548 1552 1558 1586 1540 1556 1566 1560 1534 1526 1566 1556 1598 1548 1556 1556 1560 1568 1546 1560 1564 1534 1566 1518 1526 1506 1524 1546 1616 1566 1532 1492 1508 1476 1504 1498 1554 1538 1548 1494 1502 1488 1526 1516 1524 1520 1536 1576 1572 1556 1572 1532 1504 1526 1546 1534 1498 1462 1504 1526 1572 1626 1588 1556 1508 1552 1532 1528 1484 1482 1444 1484 1452 1514 1502 1458 1434 1492 1480 1476 1468 1452 1448 1458 1436 1462 1484 1488 1482 1448 1430 1444 1466 1482 1454 1454 1442 
1474 1466 1512 1496 1492 1472 1474 1510 1496 1462 1478 1440 1478 1516 1544 1492 1490 1462 1548 1570 1526 1528 1494 1522 1488 1490 1490 1526 1454 1506 1532 1518 1488 1458 1454 1468 1442 1456 1410 1442 1402 1462 1490 1512 1458 1440 1430 1430 1402 1410 1378 1434 1456 1498 1468 1456 1468 1486 1494 1524 1534 1540 1540 1572 1532 1566 1544 1538 1532 1524 1522 1510 1486 1494 1482 1446 1444 1438 1426 1424 1422 1442 1412 1402 1422 1440 1426 1452 1464 1458 1468 1442 1480 1454 1468 1442 1496 1540 1530 4 
-128 -160 -128 -64 -140 -190 -194 -134 -118 -142 -58 -20 -20 -56 -108 -104 -108 -174 -142 -94 -100 -78 -90 -100 -110 -74 -218 -264 -252 -158 -138 -64 -54 -86 -178 -186 -120 -108 -140 -132 -120 -160 -134 -192 -160 -132 -184 -178 -82 -44 -80 -104 -30 -30 -98 -178 -212 -118 -22 12 8 -24 -46 -234 -350 -244 -146 -116 -132 -204 -176 32 468 902 1252 1376 1410 1186 -304 -1414 -2062 -3280 -4496 -5266 -3988 -2100 462 1548 1730 2126 2182 1714 1204 820 680 842 994 1212 1302 1400 
1678 2214 2974 3940 4742 5090 5134 4640 4006 3572 3136 3150 3236 3320 3594 2894 2156 1548 1432 1646 2232 2792 3006 2778 2196 1646 1204 992 980 1144 1440 1760 2076 2272 2302 2046 1722 1432 1230 1174 1286 1462 1566 1632 1672 1756 1878 1946 1954 1918 1906 1976 2020 1878 1574 1340 1168 1090 1054 1080 1204 1450 1598 1602 1478 1378 1196 1064 1008 952 920 904 860 792 778 766 774 782 788 874 932 1056 1142 1216 1242 1280 1244 1230 1234 1266 1298 1364 1404 1456 1506 1506 1472 1412 1390 1364 
1318 1354 1390 1486 1524 1568 1528 1580 1552 1640 1634 1714 1766 1806 1866 1810 1872 1868 1898 1858 1872 1866 1898 1946 1920 1890 1830 1734 1692 1672 1646 1634 1660 1708 1718 1724 1738 1716 1678 1602 1612 1594 1570 1518 1460 1440 1492 1480 1536 1540 1590 1556 1550 1518 1556 1554 1580 1584 1564 1590 1574 1574 1580 1628 1632 1656 1620 1656 1588 1556 1554 1562 1548 1546 1548 1578 1556 1614 1552 1550 1528 1526 1502 1470 1472 1466 1482 1476 1482 1490 1478 1522 1532 1528 1552 1504 1498 1494 1460 1522 
1512 1524 1528 1554 1548 1536 1558 1544 1588 1634 1656 1630 1612 1616 1656 1638 1648 1668 1670 1636 1656 1658 1682 1678 1712 1678 1692 1694 1712 1712 1752 1796 1760 1760 1744 1760 1712 1742 1732 1768 1734 1716 1702 1696 1704 1678 1692 1686 1662 1642 1650 1666 1628 1680 1622 1638 1604 1606 1604 1622 1608 1604 1586 1526 1534 1566 1536 1544 1586 1540 1526 1574 1532 1576 1570 1552 1534 1548 1534 1598 1576 1510 1518 1516 1520 1546 1540 1580 1542 1554 1566 1578 1600 1630 1610 1622 1666 1620 1558 1596 
1610 1638 1658 1624 1586 1636 1620 1584 1592 1598 1584 1646 1652 1644 1710 1658 1640 1688 1662 1648 1608 1638 1664 1686 1690 1694 1678 1722 1682 1696 1672 1704 1746 1716 1654 1672 1596 1664 1676 1664 1642 1666 1644 1648 1598 1586 1616 1606 1578 1608 1588 1582 1576 1580 1608 1554 1618 1600 1580 1610 1584 1586 1582 1566 1576 1546 1582 1538 1544 1558 1536 1526 1560 1606 1578 1596 1584 1598 1604 1610 1622 1592 1590 1602 1582 1636 1614 1646 1672 1662 1662 1644 1632 1632 1672 1674 1660 1630 1658 1684 
1684 1660 1664 1688 1650 1638 1626 1662 1672 1630 1626 1616 1594 1614 1614 1620 1622 1638 1598 1580 1622 1584 1618 1610 1584 1596 1580 1596 1572 1584 1598 1646 1608 1636 1582 1628 1612 1608 1610 1620 1640 1640 1602 1590 1600 1658 1632 1638 1598 1590 1606 1588 1618 1644 1598 1620 1620 1610 1630 1618 1622 1628 1602 1632 1616 1674 1630 1598 1614 1642 1594 1638 1616 1622 1628 1640 1632 1642 1662 1656 1622 1632 1652 1626 1626 1622 1620 1584 1606 1578 1598 1606 1604 1642 1608 1586 1630 1630 1618 1592 
1586 1578 1576 1612 1602 1594 1582 1610 1644 1614 1604 1638 1652 1654 1612 1640 1634 1618 1616 1650 1658 1632 1630 1674 1640 1606 1654 1608 1574 1600 1592 1578 1592 1568 1538 1620 1602 1598 1598 1630 1588 1614 1622 1610 1616 1632 1616 1644 1634 1610 1654 1632 1636 1636 1604 1604 1636 1632 1628 1624 1618 1592 1574 1596 1608 1630 1612 1614 1588 1600 1622 1652 1614 1608 1622 1600 1582 1596 1638 1638 1580 1632 1634 1610 1616 1596 1610 1656 1620 1650 1612 1652 1598 1568 1572 1554 1600 1652 1620 1606 
1594 1600 1608 1632 1634 1582 1596 1598 1624 1604 1620 1636 1598 1644 1650 1632 1608 1622 1640 1632 1640 1602 1564 1622 1610 1612 1612 1588 1614 1626 1624 1618 1590 1604 1626 1608 1608 1590 1576 1614 1638 1608 1592 1598 1622 1614 1654 1632 1658 1674 1652 1616 1604 1630 1652 1648 1614 1604 1608 1604 1572 1594 1588 1604 1570 1558 1566 1572 1560 1572 1572 1574 1618 1616 1616 1674 1660 1604 1586 1618 1636 1662 1664 1638 1650 1644 1608 1612 1610 1622 1608 1596 1602 1580 1590 1582 1594 1570 1578 1586 
1574 1588 1588 1546 1568 1594 1596 1598 1634 1622 1588 1640 1584 1640 1640 1628 1658 1610 1610 1654 1694 1648 1632 1614 1586 1602 1606 1616 1614 1586 1604 1604 1574 1564 1582 1584 1542 1560 1556 1558 1582 1576 1592 1634 1634 1636 1626 1610 1628 1636 1630 1638 1634 1602 1618 1634 1634 1584 1638 1616 1640 1622 1592 1600 1616 1628 1614 1626 1576 1610 1608 1618 1628 1594 1624 1622 1644 1630 1608 1616 1628 1606 1642 1636 1648 1604 1604 1588 1622 1652 1622 1594 1582 1620 1610 1610 1608 1608 1610 1574 
1576 1604 1600 1588 1598 1620 1596 1606 1566 1594 1632 1590 1612 1650 1622 1604 1592 1628 1650 1596 1642 1622 1612 1654 1616 1618 1626 1640 1636 1614 1628 1630 1600 1580 1610 1646 1630 1602 1564 1588 1590 1586 1602 1596 1576 1598 1616 1606 1636 1620 1666 1596 1628 1626 1626 1672 1636 1630 1636 1616 1628 1624 1628 1598 1634 1588 1602 1620 1608 1624 1616 1614 1602 1648 1632 1620 1596 1594 1622 1598 1610 1580 1580 1596 1618 1608 1618 1618 1618 1606 1634 1612 1594 1590 1568 1586 1564 1584 136 116 
180 198 206 250 230 214 166 18 42 170 214 180 186 234 172 100 98 208 326 242 128 112 242 256 272 196 156 160 134 150 100 144 198 160 142 210 246 198 218 238 230 170 126 196 178 218 248 246 264 166 166 236 274 248 226 208 76 -62 -212 -60 30 -120 -220 4 214 232 228 70 34 52 100 126 118 144 148 204 226 146 -34 -114 -6 84 108 26 94 254 604 842 926 822 748 470 -182 -1000 -1704 -3112 -4620 -4872 -3822 -1620 
266 1164 2512 2560 1880 1130 864 532 910 1206 1600 1972 2100 2216 2310 2672 3242 3688 3778 3688 3766 3858 3764 3792 3890 3724 3158 2828 2662 2654 2622 2490 2380 2254 2280 2166 2106 2026 2342 2508 2642 2620 2470 2220 1946 1644 1446 1304 1250 1186 1162 1160 1180 1280 1330 1288 1226 1062 988 1020 1258 1700 2196 2542 2830 3114 3336 3432 3056 2610 2434 2076 1760 1362 1166 1204 1368 1700 1856 1862 1714 1684 1770 1718 1472 1108 726 408 108 -126 -322 -354 -236 -104 46 238 382 536 714 878 
954 976 932 812 796 768 810 924 1040 1148 1284 1358 1442 1522 1590 1666 1776 1876 1952 1966 2006 1966 1920 1944 1936 1950 1958 1976 2010 2012 2018 1990 1952 1950 1948 1998 2028 2026 2042 1986 1934 1954 1914 1888 1876 1876 1894 1892 1872 1866 1790 1770 1834 1828 1796 1792 1702 1624 1608 1610 1564 1580 1642 1672 1720 1698 1666 1662 1666 1642 1654 1704 1760 1726 1734 1648 1672 1662 1652 1642 1624 1596 1596 1590 1596 1606 1584 1542 1518 1482 1446 1394 1370 1358 1340 1334 1326 1322 1322 1318 
1274 1284 1280 1306 1308 1360 1362 1376 1376 1418 1416 1430 1440 1490 1536 1624 1690 1690 1792 1904 1886 1742 1612 1458 1424 1402 1434 1428 1448 1532 1546 1602 1650 1708 1698 1652 1682 1774 1874 1956 1988 2022 2008 2030 1982 2002 1964 1982 1954 1956 1938 1942 1908 1864 1814 1830 1818 1848 1854 1816 1852 1800 1736 1794 1802 1706 1744 1664 1684 1638 1610 1586 1588 1558 1578 1550 1504 1516 1528 1482 1532 1470 1480 1488 1480 1454 1432 1412 1436 1436 1460 1468 1462 1456 1460 1522 1508 1502 1506 1580 
1580 1572 1572 1584 1618 1660 1656 1678 1672 1666 1668 1700 1732 1710 1766 1726 1740 1732 1740 1766 1782 1774 1792 1802 1828 1784 1768 1804 1786 1798 1790 1782 1780 1768 1784 1776 1752 1724 1712 1686 1730 1718 1710 1672 1676 1640 1682 1664 1658 1664 1654 1634 1644 1622 1654 1660 1676 1654 1636 1600 1648 1664 1676 1682 1630 1668 1660 1648 1650 1692 1638 1644 1636 1648 1636 1664 1634 1618 1650 1636 1652 1652 1640 1630 1632 1640 1632 1656 1638 1672 1668 1654 1620 1636 1646 1664 1692 1668 1686 1670 
1648 1676 1686 1678 1650 1694 1670 1684 1708 1680 1698 1660 1664 1696 1680 1700 1710 1684 1676 1694 1684 1738 1730 1692 1730 1738 1716 1694 1696 1684 1682 1698 1694 1678 1674 1688 1678 1672 1660 1658 1668 1638 1648 1652 1620 1634 1642 1598 1616 1594 1602 1604 1594 1650 1628 1608 1618 1652 1650 1628 1622 1638 1664 1606 1656 1668 1688 1692 1674 1676 1694 1690 1706 1744 1748 1716 1734 1710 1680 1668 1694 1700 1700 1690 1674 1654 1708 1682 1682 1686 1680 1678 1684 1650 1666 1672 1636 1692 1640 1660 
1660 1656 1620 1636 1662 1654 1684 1666 1640 1636 1642 1658 1674 1668 1664 1604 1652 1654 1662 1676 1648 1682 1662 1658 1656 1662 1676 1680 1670 1716 1686 1660 1678 1692 1680 1672 1680 1690 1650 1666 1636 1670 1696 1666 1672 1652 1648 1644 1652 1640 1662 1642 1622 1612 1668 1660 1670 1634 1694 1664 1674 1660 1682 1674 1674 1676 1690 1682 1688 1636 1666 1662 1664 1664 1682 1676 1690 1680 1680 1648 1668 1628 1644 1650 1648 1648 1680 1634 1662 1656 1652 1672 1658 1656 1664 1650 1638 1650 1652 1630 
1644 1712 1662 1652 1650 1642 1650 1646 1626 1672 1640 1640 1648 1674 1666 1668 1638 1666 1662 1696 1664 1664 1644 1690 1682 1670 1674 1688 1670 1678 1686 1680 1634 1644 1668 1678 1662 1652 1606 1648 1658 1670 1670 1670 1642 1646 1676 1644 1642 1662 1652 1634 1656 1638 1674 1670 1650 1642 1658 1680 1676 1652 1664 1684 1668 1700 1674 1668 1658 1674 1672 1666 1668 1668 1678 1668 1668 1652 1650 1658 1692 1674 1658 1658 1652 1658 1686 1684 1672 1652 1650 1656 1674 1668 1636 1646 1646 1646 1666 1680 
1680 1648 1666 1682 1628 1640 1646 1658 1658 1664 1688 1644 1656 1678 1658 1654 1650 1692 1668 1638 1664 1666 1668 1666 1654 1676 1628 1676 1680 1678 1648 1646 1656 1632 1662 1684 1686 1662 1646 1688 1672 1674 1682 1666 1654 1646 1664 1644 1630 1648 1688 1668 1688 1672 1666 1640 1626 1658 1682 1684 1658 1636 1656 1670 1638 1646 1660 1636 1656 1636 1654 1672 1654 1668 1642 1652 1666 1660 1668 1618 1670 1594 1654 1706 1654 1700 1692 1650 1668 1686 1650 1664 1654 1648 1656 1664 1670 1654 1642 1654 
1670 1652 1640 1652 1706 1680 1652 1636 1680 1676 1690 1692 1680 1620 1648 1658 1656 1638 1682 1688 1694 1684 1662 1656 1648 1664 1692 1686 1666 1648 1680 1638 1642 1656 1630 1660 1666 1638 1682 1632 1648 1640 1650 1638 1638 1638 1636 1658 1656 1678 1694 1724 1650 1650 1678 1680 1664 1668 1686 1668 1662 1670 1664 1640 1650 1676 1648 1680 1688 1652 1624 1684 1640 1626 1642 1670 1662 1652 1640 1634 1664 1682 1662 1662 1618 1628 1662 1664 1642 1656 1626 1666 1658 1672 1684 1682 1668 -172 -48 -2 
-50 -76 -20 -74 -104 -86 -54 -92 -148 -140 -66 -84 -100 -50 -50 -70 -66 -34 -38 92 84 -98 -148 -132 -64 2 -24 -114 -106 -120 -168 -314 -358 -286 -186 -144 -74 -84 -124 -76 -142 -36 4 -40 -120 -144 -82 -102 -230 -250 -100 -68 -84 -54 -158 -182 -140 -124 -232 -164 -64 -66 -16 -12 -92 -148 -60 108 340 620 756 684 514 114 -1028 -2286 -3386 -3448 -3152 -2474 -1390 -506 614 936 1302 1108 494 50 110 190 282 312 394 500 538 626 776 1090 1628 2212 
2770 3112 3374 3490 3550 3368 2724 2030 1774 1812 2082 2460 2760 3308 3760 4004 4042 3720 3372 2924 2552 2256 2162 2046 2036 2148 2248 2368 2406 2360 2152 1852 1570 1354 1172 902 664 562 652 930 1424 1814 2046 1990 1894 1924 2082 2208 2260 2228 2058 1748 1516 1328 1270 1368 1624 1932 2108 2112 1994 1838 1674 1570 1610 1556 1438 1232 1112 954 836 780 856 1006 1138 1142 906 602 316 100 34 124 336 550 820 964 1056 1060 928 854 746 716 822 1004 1168 1308 1342 1418 1454 1524 
1532 1544 1594 1636 1730 1808 1846 1822 1792 1788 1770 1772 1794 1792 1830 1888 1852 1922 1944 1948 1984 1942 1978 1916 1870 1820 1822 1822 1766 1762 1724 1762 1782 1834 1798 1818 1796 1754 1736 1684 1644 1684 1704 1700 1690 1640 1696 1598 1656 1680 1668 1694 1658 1658 1642 1662 1718 1736 1748 1742 1778 1748 1758 1780 1716 1712 1708 1692 1686 1706 1702 1652 1676 1674 1620 1624 1600 1556 1534 1554 1560 1506 1528 1508 1518 1452 1418 1396 1384 1398 1402 1374 1420 1404 1434 1436 1466 1462 1524 1590 
1586 1624 1666 1636 1658 1638 1718 1762 1678 1672 1624 1662 1638 1706 1658 1674 1660 1692 1724 1746 1820 1830 1844 1848 1816 1872 1938 1928 1960 1944 1956 1968 1940 1918 1940 1950 2002 1928 1888 1928 1864 1862 1818 1838 1818 1822 1830 1776 1730 1778 1730 1766 1686 1712 1688 1696 1678 1660 1638 1640 1616 1592 1578 1582 1564 1566 1544 1558 1520 1536 1538 1542 1564 1530 1524 1494 1512 1512 1542 1560 1568 1584 1586 1572 1612 1630 1684 1664 1648 1678 1654 1690 1708 1714 1746 1742 1748 1754 1784 1808 
1814 1818 1790 1800 1818 1834 1814 1852 1866 1836 1844 1826 1848 1830 1820 1806 1768 1782 1786 1796 1780 1720 1724 1744 1734 1712 1718 1698 1690 1702 1700 1680 1690 1684 1678 1668 1682 1684 1690 1640 1654 1646 1660 1664 1658 1674 1656 1646 1674 1672 1674 1666 1666 1654 1618 1652 1656 1646 1674 1666 1676 1702 1678 1682 1690 1696 1682 1722 1682 1702 1710 1668 1724 1716 1714 1734 1712 1702 1740 1728 1736 1750 1762 1754 1758 1742 1750 1746 1726 1750 1712 1754 1758 1778 1758 1772 1776 1772 1760 1802 
1766 1750 1774 1760 1736 1704 1706 1724 1756 1732 1746 1742 1700 1706 1706 1698 1740 1740 1738 1734 1682 1698 1708 1702 1720 1684 1724 1698 1684 1680 1684 1672 1696 1684 1676 1676 1676 1680 1694 1688 1724 1638 1658 1650 1662 1678 1680 1634 1660 1678 1684 1682 1688 1688 1686 1684 1732 1706 1746 1742 1738 1742 1732 1702 1722 1776 1772 1778 1776 1810 1742 1778 1786 1796 1782 1766 1796 1776 1782 1796 1746 1754 1782 1766 1750 1752 1732 1726 1702 1724 1734 1668 1696 1672 1712 1670 1674 1652 1662 1652 
1644 1668 1664 1646 1686 1668 1646 1654 1670 1666 1684 1684 1686 1666 1700 1694 1690 1722 1742 1716 1722 1742 1774 1750 1748 1772 1776 1722 1754 1732 1772 1778 1738 1754 1760 1744 1732 1750 1782 1780 1742 1714 1704 1718 1748 1722 1750 1712 1722 1686 1692 1676 1672 1690 1670 1710 1694 1712 1688 1658 1694 1660 1698 1692 1680 1754 1672 1672 1710 1712 1696 1750 1710 1720 1730 1738 1742 1742 1734 1750 1748 1732 1718 1750 1750 1720 1772 1740 1718 1728 1732 1718 1710 1700 1698 1706 1736 1710 1714 1726 
1710 1680 1694 1680 1700 1686 1710 1702 1698 1726 1688 1712 1738 1756 1712 1688 1704 1690 1716 1712 1760 1732 1706 1742 1690 1724 1726 1702 1684 1730 1746 1746 1690 1716 1700 1724 1716 1686 1698 1724 1714 1720 1690 1706 1726 1716 1720 1726 1714 1728 1686 1738 1716 1744 1728 1752 1718 1726 1688 1742 1750 1718 1734 1736 1718 1710 1702 1682 1694 1698 1720 1722 1662 1680 1674 1692 1716 1732 1744 1720 1696 1716 1716 1732 1710 1670 1718 1732 1690 1706 1698 1720 1726 1728 1718 1762 1718 1720 1666 1706 
1722 1746 1742 1742 1726 1708 1710 1732 1718 1720 1704 1724 1720 1698 1706 1738 1714 1750 1710 1682 1716 1716 1728 1748 1726 1718 1720 1706 1712 1690 1724 1760 1746 1716 1680 1672 1738 1726 1710 1716 1676 1680 1732 1722 1734 1718 1674 1698 1730 1740 1710 1704 1706 1726 1772 1728 1750 1732 1738 1762 1710 1738 1698 1714 1732 1738 1738 1708 1714 1712 1718 1724 1718 1738 1712 1692 1700 1680 1690 1718 1686 1696 1712 1730 1714 1694 1716 1742 1728 1748 1710 1700 1736 1716 1740 1708 1718 1734 1694 1736 
1770 1728 1730 1700 1736 1732 1736 1754 1752 1722 1688 1642 1736 1712 1718 1708 1668 1708 1680 1738 1710 1738 1720 1710 1734 1740 1674 1754 1724 1726 1704 1722 1712 1728 1744 1704 1704 1742 1732 1734 1724 1720 1730 1722 1722 1702 1730 1706 1710 1720 1714 1682 1704 1702 1716 1702 1688 1698 1700 1696 1694 1716 1704 1742 1708 1710 1700 1698 1734 1730 1682 1734 1708 1706 1728 1728 1718 1724 1748 1734 1708 1696 1714 1748 1708 1718 1750 1718 1726 1734 1748 1712 1714 1730 1702 1716 266 282 398 426 
414 446 404 470 526 544 480 526 518 628 644 446 472 570 580 470 432 432 512 590 582 406 270 202 228 328 344 266 236 332 462 458 444 492 516 456 482 574 504 490 530 500 500 582 594 540 492 612 696 636 466 368 506 584 614 638 654 486 504 414 444 586 678 640 594 682 844 1080 1442 1858 1822 1228 598 -904 -2322 -3800 -4560 -4282 -2046 -96 1214 1768 1256 642 94 -124 -52 58 198 392 602 918 1196 1438 1658 1718 1758 1888 1966 2176 
2590 3150 3500 3444 3184 3224 3306 3386 3068 2614 2448 2610 2930 3128 3202 3118 3036 2734 2394 2196 2192 2272 2414 2588 2626 2640 2578 2558 2460 2406 2328 2206 2032 1796 1584 1428 1294 1208 1184 1228 1362 1542 1618 1574 1524 1516 1704 2068 2524 2888 3044 3036 2772 2246 1868 1668 1538 1452 1450 1506 1614 1636 1638 1606 1726 1726 1592 1402 1292 1266 1216 992 800 676 652 620 694 740 718 650 496 392 358 412 508 646 778 896 1010 1054 1078 1170 1138 1218 1274 1324 1454 1544 1652 1726 
1778 1802 1822 1826 1830 1822 1822 1826 1868 1896 1894 1944 1932 1894 1870 1842 1824 1802 1750 1762 1762 1868 1908 1990 2014 2018 1980 1958 1942 1950 1970 1956 1986 1954 2024 2026 2066 2042 2054 2090 2094 2060 1984 1924 1948 1870 1940 1916 1990 1960 1978 1938 1890 1912 1898 1870 1862 1850 1828 1780 1762 1756 1750 1722 1698 1700 1644 1608 1620 1566 1576 1544 1488 1534 1454 1452 1454 1404 1370 1386 1358 1358 1382 1356 1406 1386 1396 1418 1394 1390 1480 1496 1518 1538 1568 1534 1550 1558 1576 1632 
1670 1670 1648 1640 1684 1690 1760 1716 1754 1804 1820 1802 1814 1838 1844 1872 1862 1912 1920 1892 1876 1868 1874 1850 1868 1880 1888 1866 1858 1804 1868 1860 1866 1868 1892 1872 1886 1912 1864 1860 1844 1838 1860 1888 1900 1872 1864 1874 1818 1858 1796 1822 1814 1812 1750 1760 1752 1716 1730 1760 1762 1766 1730 1740 1742 1726 1718 1710 1680 1700 1676 1656 1698 1680 1706 1660 1682 1706 1734 1730 1698 1648 1558 1544 1506 1510 1544 1584 1564 1600 1588 1592 1608 1614 1632 1668 1636 1670 1640 1610 
1602 1660 1654 1684 1706 1722 1708 1734 1740 1762 1780 1802 1814 1800 1794 1784 1768 1758 1776 1812 1830 1794 1788 1806 1860 1870 1868 1868 1836 1818 1838 1836 1856 1892 1830 1870 1842 1864 1860 1896 1854 1844 1810 1788 1812 1788 1776 1762 1732 1720 1754 1758 1758 1748 1776 1756 1764 1734 1714 1726 1676 1700 1700 1684 1696 1684 1682 1652 1652 1668 1668 1672 1676 1672 1666 1688 1638 1676 1654 1670 1666 1668 1656 1630 1652 1670 1670 1704 1734 1706 1694 1732 1716 1724 1736 1730 1728 1748 1726 1746 
1776 1776 1780 1762 1758 1764 1742 1794 1802 1802 1794 1778 1780 1782 1790 1798 1790 1796 1836 1798 1798 1782 1858 1796 1854 1794 1828 1812 1772 1774 1782 1784 1804 1764 1774 1796 1778 1750 1818 1772 1756 1740 1718 1734 1736 1726 1730 1710 1716 1706 1724 1722 1728 1734 1718 1714 1690 1706 1690 1676 1694 1708 1698 1684 1676 1716 1722 1724 1712 1730 1692 1702 1732 1720 1720 1710 1760 1768 1764 1790 1768 1768 1736 1742 1782 1738 1788 1742 1784 1766 1798 1804 1740 1760 1780 1764 1768 1812 1762 1748 
1756 1754 1762 1764 1752 1760 1746 1746 1738 1696 1730 1716 1752 1726 1716 1690 1690 1728 1720 1690 1714 1724 1710 1738 1762 1742 1774 1716 1742 1740 1784 1754 1710 1740 1764 1782 1798 1724 1762 1764 1792 1738 1742 1748 1748 1734 1758 1746 1758 1756 1738 1734 1776 1760 1732 1732 1740 1740 1738 1722 1762 1744 1726 1732 1714 1730 1756 1772 1740 1694 1732 1754 1768 1728 1714 1756 1742 1770 1780 1742 1786 1742 1754 1732 1756 1760 1728 1734 1772 1708 1782 1710 1742 1742 1706 1714 1726 1774 1742 1738 
1774 1704 1734 1740 1762 1768 1746 1770 1748 1812 1766 1736 1768 1746 1748 1784 1766 1752 1762 1780 1748 1780 1740 1732 1738 1710 1738 1740 1764 1760 1748 1776 1732 1738 1746 1758 1714 1720 1724 1722 1726 1764 1786 1772 1766 1738 1736 1744 1748 1686 1764 1774 1778 1740 1758 1752 1774 1774 1770 1762 1748 1756 1728 1794 1776 1736 1748 1708 1750 1770 1762 1744 1744 1766 1770 1762 1722 1744 1734 1748 1752 1766 1776 1732 1750 1752 1746 1750 1718 1726 1786 1738 1776 1748 1724 1756 1752 1752 1760 1732 
1768 1778 1732 1754 1764 1748 1772 1740 1768 1756 1766 1764 1756 1778 1752 1746 1776 1772 1784 1726 1754 1740 1728 1732 1754 1738 1760 1720 1774 1732 1764 1774 1754 1734 1756 1706 1754 1720 1742 1758 1762 1740 1732 1762 1752 1748 1742 1746 1748 1750 1738 1748 1738 1732 1752 1748 1748 1804 1778 1778 1756 1804 1772 1778 1786 1764 1750 1756 1746 1734 1732 1756 1756 1778 1744 1744 1730 1744 1758 1728 1748 1718 1720 1766 1746 1782 1750 1762 1796 1772 1764 1748 1746 1784 1754 1752 1778 1768 1764 1772 
1774 1772 1746 1798 1748 1738 1718 1712 1698 1786 1752 1736 1774 1782 1742 1748 1718 1752 1752 1734 1722 1732 1722 1760 1788 1770 1758 1740 1778 1758 1778 1720 1764 1764 1764 1724 1732 1714 1732 1714 1720 1720 1744 1726 1748 1732 1728 1746 1738 1746 1748 1770 1776 1750 1764 1796 1764 1780 1738 1792 1780 1788 1770 1782 1760 1744 1776 1758 1770 1764 1750 1776 1774 1732 1732 1722 1722 1760 1754 1748 1738 1740 1764 1732 1722 1726 1768 1766 1728 1756 1724 1714 1722 1744 1730 340 288 300 360 416 
324 306 364 400 258 278 342 282 234 348 418 312 308 352 354 400 440 386 256 260 244 168 150 294 384 418 402 402 330 258 270 342 332 360 348 396 494 412 290 174 204 280 234 230 370 320 264 308 214 134 172 162 214 306 240 204 144 194 374 408 220 200 216 254 290 424 802 1228 1444 1072 462 66 -398 -1074 -3218 -4958 -5376 -3840 -1508 652 2264 2856 2042 1070 250 -222 -240 -124 94 472 914 1332 1712 1950 2170 2228 2186 2088 2022 2038 
2188 2476 2692 2906 3138 3456 4008 4558 4966 4992 4868 4722 4134 3458 2954 2480 2066 1754 1668 1488 1604 1522 1734 1946 2098 2330 2360 2208 1960 1676 1332 1068 888 782 942 1176 1522 1922 2136 2294 2348 2334 2344 2256 2236 2220 2128 2030 1828 1768 1734 1904 1976 1964 1842 1746 1652 1490 1480 1490 1494 1450 1476 1314 1040 854 868 932 916 912 812 782 750 800 810 886 972 1030 1086 1048 958 792 732 728 762 998 1326 1678 1982 2024 1988 1756 1556 1448 1422 1454 1538 1578 1624 1568 
1578 1642 1746 1800 1870 1882 1900 1886 1834 1822 1786 1752 1734 1778 1790 1856 1860 1924 1952 1934 1954 1940 1902 1876 1856 1836 1834 1832 1876 1962 1970 1990 2066 2010 2012 1974 2012 2022 2024 1978 1938 1954 1960 2000 2012 2026 2000 1926 1908 1902 1908 1884 1892 1890 1886 1842 1852 1872 1814 1790 1740 1748 1730 1732 1740 1712 1656 1704 1712 1638 1618 1584 1556 1564 1556 1540 1494 1500 1490 1520 1530 1512 1496 1516 1520 1510 1528 1518 1520 1550 1596 1584 1558 1558 1600 1616 1660 1692 1734 1714 
1730 1720 1730 1728 1770 1774 1774 1806 1842 1848 1844 1860 1852 1866 1862 1880 1898 1892 1918 1966 1932 1938 1940 1972 1928 1946 1956 1964 1944 1966 1956 1968 1952 1952 1932 1924 1908 1940 1912 1906 1874 1818 1822 1796 1774 1794 1844 1882 1906 1912 1900 1838 1760 1694 1676 1690 1742 1784 1716 1652 1600 1580 1490 1480 1460 1484 1480 1388 1398 1370 1372 1358 1284 1368 1400 1476 1466 1440 1470 1474 1510 1568 1586 1512 1526 1508 1482 1504 1530 1540 1542 1560 1602 1658 1714 1746 1736 1726 1718 1784 
1754 1770 1776 1828 1840 1894 1896 1932 1956 1980 2014 2032 2030 2030 1942 1942 1900 1892 1878 1850 1892 1928 1960 1896 1820 1830 1810 1788 1812 1740 1664 1618 1588 1598 1574 1644 1566 1602 1592 1570 1596 1606 1638 1676 1626 1548 1492 1482 1430 1442 1442 1432 1470 1486 1520 1482 1474 1512 1560 1564 1570 1548 1518 1516 1506 1494 1484 1484 1558 1618 1622 1638 1634 1608 1638 1662 1704 1742 1732 1740 1736 1720 1668 1684 1680 1712 1700 1766 1788 1776 1760 1802 1804 1796 1836 1846 1828 1830 1788 1754 
1746 1726 1730 1732 1728 1734 1774 1784 1792 1714 1728 1738 1768 1740 1736 1736 1660 1670 1656 1668 1656 1734 1664 1620 1634 1668 1662 1644 1624 1614 1612 1626 1640 1634 1668 1662 1644 1606 1606 1618 1614 1630 1600 1628 1638 1644 1632 1674 1686 1632 1680 1650 1656 1686 1622 1614 1636 1638 1658 1634 1630 1652 1658 1646 1658 1608 1636 1636 1678 1652 1670 1672 1660 1690 1698 1694 1686 1684 1656 1646 1670 1724 1732 1752 1738 1696 1708 1730 1728 1732 1698 1680 1680 1674 1696 1720 1808 1770 1732 1720 
1690 1692 1686 1694 1648 1634 1654 1706 1746 1740 1742 1724 1726 1752 1762 1732 1700 1718 1664 1628 1648 1658 1624 1616 1570 1576 1642 1642 1656 1682 1640 1624 1600 1600 1582 1658 1626 1648 1628 1662 1664 1678 1674 1696 1684 1648 1652 1680 1650 1632 1656 1666 1722 1710 1760 1770 1742 1732 1716 1760 1732 1742 1744 1770 1708 1722 1694 1692 1728 1744 1738 1716 1714 1718 1738 1714 1680 1672 1620 1622 1622 1670 1670 1668 1618 1590 1620 1666 1692 1682 1602 1582 1618 1626 1636 1638 1662 1692 1724 1706 
1712 1672 1684 1678 1678 1676 1646 1616 1654 1670 1720 1694 1710 1682 1720 1730 1718 1712 1670 1672 1668 1668 1662 1674 1682 1692 1724 1694 1742 1684 1676 1690 1660 1676 1656 1688 1654 1694 1682 1658 1660 1694 1644 1634 1610 1604 1598 1638 1696 1646 1628 1644 1686 1692 1700 1738 1662 1700 1704 1724 1752 1750 1710 1694 1702 1666 1708 1696 1648 1638 1650 1642 1654 1654 1682 1702 1696 1668 1630 1644 1608 1610 1666 1648 1656 1614 1656 1718 1698 1694 1744 1684 1738 1748 1734 1706 1684 1660 1622 1618 
1624 1650 1630 1636 1636 1636 1680 1694 1696 1648 1648 1668 1692 1642 1608 1618 1644 1668 1670 1710 1706 1710 1730 1700 1698 1692 1714 1722 1738 1706 1720 1698 1706 1706 1722 1732 1692 1674 1710 1678 1708 1674 1666 1652 1678 1678 1648 1682 1702 1670 1664 1636 1624 1648 1652 1636 1668 1634 1638 1644 1676 1682 1664 1650 1654 1634 1642 1616 1600 1618 1656 1652 1664 1686 1688 1652 1630 1680 1716 1682 1704 1716 1672 1702 1726 1708 1708 1676 1724 1692 1718 1704 1750 1692 1708 1710 1728 1744 1742 1696 
1680 1690 1658 1710 1720 1668 1676 1670 1664 1662 1608 1616 1638 1630 1626 1630 1630 1638 1624 1624 1618 1634 1642 1630 1618 1660 1642 1644 1686 1676 1700 1708 1702 1728 1714 1744 1724 1680 1728 1692 1724 1702 1710 1716 1694 1726 1738 1696 1710 1682 1682 1682 1726 1692 1696 1678 1668 1690 1670 1694 1652 1640 1578 1596 1626 1648 1664 1644 1672 1658 1628 1622 1634 1630 1660 1678 1650 1686 1670 1694 1730 1722 1698 1694 1702 1698 1690 1686 1660 1704 1748 1756 1760 1748 154 110 68 160 170 102 
92 144 134 138 108 210 236 156 78 140 128 208 214 130 92 116 158 164 170 134 250 300 146 136 168 176 194 188 162 234 310 290 288 236 74 60 100 128 170 252 280 230 132 124 98 80 250 340 322 238 194 126 182 206 254 184 202 298 370 398 356 438 492 602 554 816 922 748 754 416 -2440 -2660 -4220 -4530 -3950 -2046 -376 1180 2036 2218 1638 784 14 -492 -614 -436 -118 232 566 854 1228 1652 2118 2446 2516 2500 2520 2712 2990 3490 
3588 3398 2992 2584 2372 2374 2554 2780 2928 3186 3368 3558 3572 3398 3062 2524 2094 1796 1628 1590 1574 1532 1484 1502 1498 1416 1390 1462 1492 1506 1686 1986 2148 2018 1848 1696 1564 1456 1356 1252 1154 1162 1162 1290 1320 1422 1430 1472 1530 1380 1200 836 678 616 810 988 1076 1118 1102 1004 880 738 618 414 246 164 98 18 -18 136 512 838 1132 1290 1230 1002 752 726 812 1032 1108 1166 1190 1252 1252 1244 1208 1164 1118 1122 1202 1318 1462 1508 1486 1464 1464 1398 1386 1430 
1504 1560 1608 1634 1640 1626 1616 1614 1662 1636 1572 1574 1548 1594 1624 1578 1590 1506 1532 1512 1480 1428 1434 1508 1526 1488 1420 1426 1446 1386 1286 1140 1106 1132 1168 1214 1272 1298 1210 1228 1170 1154 1164 1134 1098 1138 1170 1216 1272 1378 1380 1382 1356 1342 1324 1298 1284 1276 1306 1328 1276 1252 1244 1270 1218 1230 1200 1138 1088 1098 1102 1208 1248 1220 1240 1190 1244 1300 1346 1348 1320 1362 1380 1398 1408 1372 1316 1324 1350 1418 1470 1484 1486 1478 1510 1510 1514 1462 1414 1430 
1434 1422 1390 1384 1418 1354 1364 1404 1392 1400 1466 1530 1552 1578 1562 1540 1540 1538 1538 1528 1520 1476 1434 1406 1406 1434 1410 1362 1364 1344 1360 1330 1342 1340 1318 1350 1364 1348 1334 1336 1290 1318 1364 1378 1414 1370 1326 1288 1320 1350 1342 1296 1382 1358 1398 1424 1392 1436 1460 1480 1502 1484 1486 1512 1526 1556 1530 1522 1514 1528 1522 1482 1516 1486 1474 1504 1478 1498 1392 1390 1320 1374 1378 1378 1354 1326 1308 1296 1332 1334 1340 1342 1372 1410 1392 1396 1380 1364 1386 1342 
1400 1388 1388 1352 1378 1348 1374 1448 1488 1496 1506 1494 1492 1520 1526 1526 1524 1490 1500 1520 1548 1554 1564 1516 1540 1504 1482 1486 1448 1430 1460 1466 1470 1504 1512 1498 1538 1524 1562 1542 1480 1432 1428 1400 1428 1372 1324 1328 1338 1352 1372 1374 1362 1388 1440 1468 1480 1480 1452 1526 1494 1486 1470 1474 1484 1520 1506 1500 1522 1548 1576 1622 1604 1582 1528 1558 1528 1562 1518 1492 1506 1508 1570 1570 1564 1544 1562 1544 1546 1534 1574 1542 1534 1554 1560 1582 1554 1584 1578 1564 
1538 1558 1536 1534 1566 1558 1548 1550 1544 1564 1544 1576 1594 1594 1570 1572 1554 1526 1536 1564 1580 1568 1554 1538 1538 1564 1576 1550 1546 1560 1550 1574 1562 1560 1572 1566 1572 1510 1570 1540 1536 1546 1548 1570 1626 1632 1602 1546 1570 1580 1604 1624 1612 1602 1618 1610 1632 1664 1686 1634 1678 1646 1652 1608 1606 1632 1646 1650 1646 1638 1670 1668 1664 1648 1638 1608 1612 1600 1576 1632 1600 1616 1596 1600 1596 1618 1638 1616 1620 1598 1594 1586 1598 1606 1610 1610 1622 1624 1616 1594 
1566 1590 1610 1594 1562 1588 1638 1654 1636 1644 1610 1626 1652 1664 1626 1670 1652 1638 1634 1618 1650 1634 1648 1612 1648 1634 1660 1666 1710 1652 1700 1676 1646 1644 1648 1654 1622 1652 1650 1668 1674 1624 1670 1662 1616 1640 1654 1680 1618 1622 1684 1634 1666 1672 1642 1658 1626 1622 1594 1608 1622 1628 1600 1664 1642 1646 1636 1620 1640 1634 1648 1622 1612 1662 1660 1632 1686 1634 1638 1646 1642 1622 1648 1664 1650 1658 1656 1656 1670 1660 1684 1650 1666 1636 1672 1658 1654 1642 1660 1658 
1678 1672 1640 1678 1652 1652 1662 1656 1612 1648 1668 1656 1652 1642 1656 1694 1680 1660 1688 1658 1650 1670 1662 1656 1654 1628 1656 1646 1662 1654 1636 1632 1632 1656 1682 1656 1658 1646 1668 1640 1634 1630 1674 1628 1616 1634 1662 1626 1670 1664 1662 1646 1640 1650 1656 1680 1662 1668 1654 1660 1644 1656 1640 1656 1656 1686 1660 1616 1640 1652 1628 1668 1660 1640 1656 1640 1620 1662 1628 1644 1646 1668 1680 1658 1672 1656 1638 1662 1682 1674 1690 1640 1664 1678 1646 1658 1670 1660 1666 1624 
1682 1644 1672 1680 1652 1646 1642 1638 1648 1662 1656 1646 1662 1640 1610 1646 1678 1640 1632 1660 1642 1646 1648 1666 1644 1662 1628 1630 1614 1644 1664 1660 1658 1648 1674 1640 1670 1650 1666 1660 1672 1650 1658 1696 1654 1618 1634 1640 1658 1654 1652 1662 1652 1642 1666 1648 1684 1654 1640 1660 1658 1624 1646 1636 1668 1660 1664 1670 1660 1670 1670 1654 1670 1652 1634 1656 1672 1664 1670 1668 1644 1668 1658 1654 1642 1606 1644 1642 1662 1646 1648 1640 1648 1628 1646 1630 1646 1654 1658 1648 
1612 1680 1646 1650 1634 1654 1630 1636 1680 1646 1670 1662 1664 1640 1664 1636 1640 1666 1646 1670 1660 1648 1632 1666 1714 1678 1650 1654 1648 1680 1638 1662 1638 1668 1640 1656 1632 1654 1680 1664 1644 1626 1676 1654 1638 1682 1614 1622 1644 1638 1644 1646 1622 1630 1668 1656 1674 1650 1654 1666 1666 1660 1668 1664 1662 1672 1666 1668 1672 1646 1674 1662 1676 1674 1670 1630 1650 1668 1680 1668 1638 1628 1630 1656 1644 1630 1636 1654 1672 1628 1650 1638 1652 50 -24 44 4 46 178 168 
112 80 40 -40 62 216 198 194 352 282 116 224 286 178 172 222 246 244 320 210 312 154 138 198 154 116 196 246 136 52 62 26 46 80 112 110 46 64 -4 -40 0 70 118 90 82 156 122 252 296 264 198 164 220 272 136 34 -36 -12 4 102 152 160 132 158 258 230 104 122 80 86 42 -64 8 162 376 766 1224 1534 1552 1182 780 206 -708 -1058 -3002 -4676 -4828 -3770 -1592 534 2290 2686 2318 1500 694 158 -260 -632 -958 -986 
-882 -530 -136 312 850 1354 1778 2026 2120 2054 2018 2146 2292 2674 2986 3558 3940 4476 4852 5020 4582 3810 3224 2696 2294 1934 1740 1636 1602 1600 1480 1492 1660 1900 2018 2146 2008 1702 1346 1014 732 686 860 1082 1336 1496 1714 1750 1842 1966 2164 2380 2542 2590 2592 2556 2336 2072 1876 1784 1728 1724 1714 1658 1688 1802 1898 2082 2138 2028 1856 1602 1302 910 518 100 -234 -406 -628 -658 -588 -454 -228 142 454 804 1058 1196 1354 1540 1714 1724 1586 1356 1078 910 830 854 860 884 
932 1102 1176 1388 1530 1676 1738 1784 1756 1794 1786 1744 1808 1846 1860 1906 1992 1972 1986 1972 2010 1980 1978 1916 1842 1824 1782 1778 1788 1788 1872 1902 1930 1946 1934 1864 1840 1780 1764 1750 1684 1666 1586 1560 1558 1524 1502 1522 1542 1572 1552 1520 1492 1532 1464 1478 1500 1508 1510 1550 1502 1504 1536 1494 1524 1504 1498 1484 1490 1492 1474 1478 1454 1490 1526 1522 1502 1506 1510 1548 1502 1502 1462 1484 1494 1486 1476 1466 1468 1486 1512 1500 1492 1508 1546 1518 1538 1558 1562 1610 
1594 1586 1564 1626 1588 1604 1620 1620 1572 1596 1608 1620 1628 1616 1678 1650 1650 1688 1684 1676 1658 1678 1632 1670 1720 1696 1702 1662 1710 1694 1692 1704 1710 1720 1710 1702 1700 1690 1692 1716 1724 1718 1662 1748 1724 1726 1734 1694 1700 1672 1702 1716 1780 1788 1764 1702 1634 1634 1672 1642 1586 1560 1542 1550 1536 1560 1624 1572 1612 1614 1634 1652 1656 1640 1690 1716 1706 1690 1690 1692 1654 1614 1616 1628 1622 1644 1630 1632 1636 1622 1592 1624 1570 1518 1486 1416 1422 1454 1476 1456 
1504 1562 1548 1616 1582 1616 1590 1590 1532 1494 1520 1528 1544 1570 1596 1602 1618 1650 1626 1614 1668 1676 1724 1696 1704 1680 1708 1724 1720 1728 1724 1746 1764 1766 1784 1800 1788 1758 1790 1778 1794 1768 1744 1744 1720 1710 1734 1744 1688 1710 1686 1708 1664 1656 1618 1622 1600 1594 1584 1608 1570 1570 1552 1564 1574 1604 1514 1518 1516 1542 1538 1526 1520 1550 1572 1588 1572 1598 1624 1646 1638 1660 1660 1664 1680 1710 1702 1686 1686 1714 1700 1700 1722 1702 1736 1732 1718 1748 1696 1694 
1696 1648 1654 1612 1608 1618 1616 1582 1586 1588 1586 1588 1572 1586 1580 1560 1560 1576 1544 1562 1560 1526 1576 1650 1638 1676 1636 1634 1644 1644 1664 1648 1680 1652 1670 1676 1708 1692 1690 1700 1690 1674 1660 1688 1642 1636 1644 1626 1648 1606 1636 1616 1620 1644 1604 1608 1614 1610 1600 1628 1614 1582 1624 1606 1596 1610 1616 1610 1600 1646 1662 1580 1658 1636 1640 1624 1644 1660 1656 1652 1622 1648 1670 1656 1682 1664 1644 1636 1652 1636 1650 1646 1636 1652 1644 1672 1620 1652 1654 1638 
1630 1634 1618 1640 1620 1604 1602 1642 1600 1606 1586 1628 1616 1612 1620 1612 1628 1596 1608 1628 1628 1630 1628 1626 1642 1644 1632 1634 1616 1616 1646 1616 1620 1638 1644 1634 1648 1646 1654 1638 1652 1650 1598 1628 1640 1598 1612 1666 1630 1614 1650 1616 1608 1604 1612 1618 1658 1612 1618 1614 1626 1628 1620 1632 1618 1656 1608 1638 1616 1640 1626 1610 1624 1648 1610 1648 1630 1620 1624 1622 1650 1626 1604 1634 1642 1618 1624 1594 1638 1642 1628 1616 1626 1616 1614 1606 1648 1600 1642 1630 
1630 1642 1626 1624 1642 1616 1628 1612 1640 1646 1636 1634 1604 1610 1620 1660 1632 1636 1650 1650 1622 1626 1608 1622 1654 1610 1596 1622 1624 1630 1628 1608 1664 1608 1614 1600 1624 1632 1676 1620 1604 1628 1648 1644 1680 1646 1676 1634 1630 1646 1622 1634 1610 1652 1620 1620 1632 1628 1636 1616 1598 1622 1616 1582 1596 1592 1612 1598 1600 1594 1658 1650 1610 1628 1602 1634 1624 1626 1626 1654 1636 1626 1646 1648 1620 1630 1626 1616 1628 1616 1638 1644 1606 1620 1630 1656 1680 1666 1668 1638 
1650 1656 1622 1672 1650 1652 1646 1674 1620 1622 1640 1642 1588 1600 1624 1592 1598 1594 1570 1558 1622 1604 1578 1536 1556 1588 1608 1636 1606 1602 1624 1610 1642 1706 1656 1646 1660 1666 1652 1650 1662 1638 1668 1648 1642 1658 1664 1636 1662 1618 1624 1628 1600 1628 1612 1608 1612 1630 1614 1628 1640 1666 1628 1602 1644 1618 1634 1640 1638 1604 1584 1636 1602 1626 1596 1620 1634 1622 1612 1616 1642 1618 1662 1648 1628 1620 1646 1646 1648 1666 1640 1674 1616 1644 1638 1646 1616 1624 1610 1616 
1654 1636 1590 1630 1642 1628 1614 1630 1616 1624 1642 1598 1598 1638 1624 1604 1640 1634 1592 1612 1634 1650 1640 1636 1604 1594 1588 1598 1602 1636 1658 1630 1608 1558 1602 1642 1642 1662 1600 1634 1642 1668 1662 1648 1634 1634 1644 1616 1654 1652 1648 1656 1660 1640 1656 1678 1666 1664 1626 1656 1646 1642 1628 1600 1634 1588 1604 1620 1616 1592 1618 1600 1606 1610 1594 1584 1560 1602 1610 1568 1600 1580 1592 1622 1628 1588 1562 1608 1620 1620 1592 1656 -162 -130 -126 -68 -18 -76 -80 -72 
-94 -62 -124 -166 -118 -52 -164 -180 -164 -108 -78 -66 -18 66 98 8 10 34 14 -6 52 -54 -182 -134 -58 -34 -20 -54 46 116 144 54 -40 26 6 28 -22 -84 -62 -136 -26 26 -8 -34 68 140 212 244 214 -12 -234 -384 -530 -736 -764 -452 34 346 450 434 238 262 368 400 290 142 14 -110 2 26 -38 -76 -110 -194 -120 -50 -58 -20 328 608 794 1062 1328 902 -188 -1594 -3142 -3546 -4232 -4476 -2650 -638 1134 2408 2604 1872 846 194 -104 174 
546 806 1066 1020 930 760 642 676 980 1324 1730 2120 2536 2832 2922 3032 3340 3650 3828 3140 2500 2446 2460 2614 2664 2598 2626 2754 2786 2552 2122 1734 1444 1264 1334 1502 1776 2014 2114 2128 2116 1932 1622 1288 1052 832 804 864 1090 1408 1652 1716 1614 1432 1318 1308 1448 1652 2008 2332 2498 2472 2234 1822 1474 1348 1470 1532 1608 1638 1588 1328 1218 1252 1266 1352 1478 1582 1746 1742 1596 1414 1252 1158 916 640 400 98 -76 -156 -112 92 406 628 750 696 672 554 520 550 
530 508 548 674 822 896 958 944 984 1004 1062 1162 1262 1342 1468 1558 1668 1730 1772 1778 1746 1692 1624 1604 1624 1666 1662 1604 1580 1592 1622 1660 1740 1742 1730 1722 1724 1762 1786 1764 1734 1724 1746 1772 1750 1772 1784 1812 1762 1728 1664 1604 1592 1576 1656 1666 1670 1662 1672 1682 1662 1634 1578 1596 1550 1600 1588 1612 1586 1546 1508 1514 1462 1452 1438 1428 1396 1350 1394 1386 1338 1286 1284 1298 1270 1276 1240 1232 1210 1196 1214 1184 1250 1222 1232 1170 1178 1214 1198 1256 
1318 1312 1358 1370 1358 1414 1482 1442 1432 1378 1390 1364 1412 1446 1448 1452 1458 1572 1674 1724 1712 1670 1520 1524 1524 1570 1586 1604 1576 1588 1574 1562 1592 1624 1656 1698 1724 1694 1692 1714 1712 1746 1730 1694 1710 1692 1650 1616 1650 1614 1586 1574 1554 1554 1548 1544 1518 1542 1514 1498 1494 1482 1496 1466 1468 1456 1410 1370 1418 1380 1372 1386 1356 1398 1356 1300 1302 1298 1296 1336 1324 1306 1352 1308 1306 1332 1350 1386 1372 1400 1402 1412 1438 1454 1454 1516 1492 1494 1490 1494 
1502 1522 1538 1572 1500 1548 1558 1534 1580 1570 1584 1590 1610 1572 1572 1556 1568 1576 1558 1568 1578 1576 1612 1580 1594 1576 1602 1590 1546 1562 1534 1534 1520 1572 1566 1592 1528 1560 1538 1520 1544 1546 1522 1508 1488 1436 1464 1434 1468 1420 1422 1450 1426 1426 1418 1422 1398 1440 1406 1436 1428 1416 1446 1428 1426 1438 1422 1450 1460 1476 1462 1436 1432 1488 1488 1494 1478 1502 1494 1548 1528 1552 1514 1522 1504 1538 1544 1544 1540 1562 1586 1594 1582 1608 1590 1580 1548 1558 1540 1536 
1560 1540 1536 1576 1598 1560 1558 1538 1530 1484 1526 1536 1488 1448 1464 1490 1490 1476 1484 1492 1474 1458 1444 1470 1450 1482 1466 1490 1474 1488 1460 1494 1500 1478 1476 1498 1474 1498 1504 1512 1520 1512 1522 1520 1544 1526 1484 1548 1542 1520 1510 1536 1564 1554 1560 1582 1532 1530 1524 1542 1534 1548 1538 1510 1508 1496 1510 1528 1540 1518 1498 1488 1526 1500 1480 1490 1466 1462 1470 1520 1514 1482 1482 1540 1516 1514 1476 1494 1528 1502 1522 1522 1504 1480 1464 1516 1514 1558 1490 1544 
1502 1548 1518 1512 1502 1488 1502 1494 1506 1528 1518 1534 1530 1482 1502 1506 1524 1494 1494 1472 1508 1476 1476 1496 1530 1522 1510 1512 1534 1508 1514 1510 1520 1502 1506 1526 1506 1534 1534 1496 1532 1516 1506 1494 1490 1502 1494 1444 1484 1494 1494 1514 1508 1496 1496 1492 1498 1482 1520 1516 1478 1522 1506 1518 1496 1502 1524 1502 1508 1522 1516 1512 1498 1534 1514 1514 1492 1502 1550 1560 1532 1522 1508 1490 1508 1482 1488 1488 1486 1482 1490 1484 1464 1498 1502 1500 1480 1496 1476 1492 
1486 1466 1498 1516 1504 1496 1486 1502 1512 1492 1502 1498 1522 1532 1500 1562 1554 1518 1500 1504 1524 1514 1530 1512 1518 1492 1510 1510 1490 1484 1468 1458 1454 1502 1502 1476 1530 1548 1530 1522 1478 1478 1522 1508 1520 1476 1464 1486 1512 1530 1514 1488 1468 1484 1490 1466 1466 1480 1496 1480 1496 1504 1500 1492 1522 1508 1540 1514 1526 1518 1540 1558 1552 1564 1518 1550 1540 1586 1524 1532 1510 1508 1506 1470 1476 1496 1510 1460 1462 1492 1506 1446 1468 1478 1502 1446 1470 1504 1476 1494 
1508 1508 1538 1488 1476 1522 1502 1530 1548 1540 1520 1510 1506 1520 1570 1534 1532 1520 1520 1566 1540 1512 1516 1508 1482 1512 1520 1494 1484 1490 1468 1512 1508 1500 1508 1506 1526 1510 1534 1522 1532 1552 1578 1556 1508 1516 1496 1522 1548 1504 1538 1510 1552 1594 1574 1508 1580 1558 1532 1504 1520 1516 1510 1502 1510 1522 1534 1524 1518 1520 1514 1490 1494 1500 1506 1500 1514 1460 1422 1474 1492 1448 1508 1460 1502 1480 1456 1480 1486 1508 1536 1514 1496 1520 1532 1534 1538 1564 1564 1586 
1556 1576 1554 1534 1556 1558 1518 1534 1578 1528 1536 1506 1520 1532 1566 1520 1508 1518 1472 1482 1526 1522 1492 1494 1480 1484 1472 1536 1508 1492 1500 1520 1540 1534 1518 1522 1504 1510 1568 1532 1520 1502 1520 1530 1536 1496 1506 1474 1466 1500 1468 1492 1450 1468 1466 1472 1468 1520 1474 1498 1510 1494 1498 1494 1540 1526 1572 1500 1496 1556 1548 1574 1554 1574 1550 1558 1566 1600 1552 1508 1510 1520 1524 1510 1506 1548 1556 1488 1460 1502 1498 -208 -50 62 32 -150 -300 -280 -220 -128 
-114 -170 -264 -274 -242 -248 -188 -234 -266 -208 -180 -130 -190 -222 -218 -232 -358 -310 -246 -252 -252 -194 -124 -56 -68 -136 -154 -236 -332 -298 -130 -68 28 98 270 416 806 1356 1928 2440 2160 1144 -2140 -5158 -10348 -10638 -7626 -4030 -658 2110 3936 4534 3726 1850 98 -980 -1556 -1644 -1418 -968 -460 94 640 1204 1718 1888 2058 2182 2218 2112 1940 1946 2078 2370 2580 2800 3266 3746 4342 4856 5226 5286 5356 5208 4992 4716 4388 4110 3904 3764 3634 3538 3484 3528 3612 3734 3956 3416 2854 1846 
862 24 -508 -412 -152 -144 12 186 82 -166 -534 -902 -1062 -830 -324 362 1304 2296 3116 3682 3962 3860 3350 3124 3186 3334 3448 3700 3886 3768 3658 3574 3642 3658 3524 3232 2784 2360 1932 1618 1360 1250 1208 1322 1470 1584 1708 1718 1654 1550 1296 1024 812 612 432 368 306 306 314 334 368 378 450 450 526 616 784 1112 1712 2116 2236 2272 2272 2298 2412 2660 2776 2588 2030 1516 1362 1546 1740 1994 2118 2376 2580 2532 2320 2042 1896 1884 2004 2112 2076 1964 1864 1796 1796 1870 
1942 2106 2256 2330 2428 2470 2548 2556 2538 2424 2242 2130 2086 2124 2228 2314 2396 2402 2382 2310 2194 2196 2132 2164 2160 2108 2142 2118 2088 2036 2056 2024 2008 1980 1954 1930 1916 1876 1864 1806 1778 1722 1734 1704 1670 1626 1562 1564 1566 1498 1496 1472 1458 1500 1532 1510 1528 1528 1498 1532 1562 1562 1628 1626 1658 1672 1714 1752 1798 1822 1882 1902 1914 1932 2024 2076 2106 2070 2024 2002 1944 2018 2044 2092 2122 2138 2152 2146 2114 2138 2188 2244 2278 2232 2316 2270 2242 2266 2268 2276 
2284 2260 2270 2206 2170 2166 2106 2064 2030 1976 1998 1964 1976 1968 1956 1916 1912 1880 1912 1874 1882 1836 1854 1778 1736 1722 1754 1712 1728 1698 1694 1714 1682 1708 1718 1716 1668 1664 1670 1706 1720 1704 1662 1694 1726 1760 1776 1798 1774 1786 1796 1894 1880 1932 1910 1888 1902 1916 1946 1962 1960 1974 1946 1932 1962 1946 1958 2018 2022 2014 1966 2002 1986 2012 1974 2010 1996 2026 2004 1962 1986 1962 1960 1940 1926 1938 1934 1910 1882 1872 1902 1868 1882 1874 1878 1862 1854 1842 1886 1872 
1862 1866 1872 1840 1852 1862 1834 1894 1872 1870 1858 1836 1822 1826 1828 1842 1872 1894 1860 1902 1880 1830 1910 1906 1868 1890 1878 1934 1892 1932 1952 1938 1906 1928 1892 1850 1870 1898 1940 1922 1918 1874 1892 1898 1934 1954 1954 1910 1906 1890 1888 1886 1916 1874 1904 1888 1922 1900 1858 1896 1866 1888 1918 1886 1914 1902 1880 1874 1850 1896 1910 1896 1892 1906 1888 1882 1910 1924 1878 1878 1844 1886 1868 1896 1896 1884 1870 1846 1836 1866 1828 1820 1842 1870 1860 1836 1842 1848 1854 1846 
1876 1836 1888 1878 1866 1872 1874 1896 1898 1904 1916 1902 1912 1926 1918 1950 1914 1892 1930 1934 1932 1868 1916 1912 1900 1916 1934 1918 1910 1928 1896 1884 1890 1828 1880 1832 1864 1870 1864 1844 1826 1884 1836 1846 1880 1844 1802 1816 1844 1852 1856 1872 1848 1858 1864 1922 1908 1876 1886 1908 1914 1866 1946 1930 1908 1902 1912 1916 1928 1944 1948 1886 1898 1914 1890 1942 1900 1884 1898 1862 1898 1886 1902 1902 1872 1902 1912 1852 1922 1892 1912 1928 1872 1852 1814 1866 1878 1848 1864 1886 
1874 1844 1836 1834 1852 1860 1884 1904 1870 1878 1876 1902 1914 1928 1954 1914 1922 1920 1920 1942 1940 1942 1952 1936 1942 1938 1948 1930 1922 1928 1932 1892 1928 1896 1902 1894 1920 1900 1866 1884 1854 1838 1894 1864 1856 1818 1842 1832 1868 1856 1868 1886 1860 1880 1882 1906 1920 1896 1908 1950 1950 1940 1932 1970 1954 1960 1970 1912 1942 1914 1942 1936 1934 1910 1954 1930 1914 1864 1874 1902 1922 1894 1888 1860 1862 1874 1880 1866 1888 1888 1878 1934 1912 1904 1884 1918 1916 1924 1940 1960 
1916 1904 1932 1956 1920 1960 1968 1944 1918 1888 1940 1960 1918 1942 1934 1920 1876 1904 1910 1926 1902 1916 1906 1906 1898 1926 1906 1906 1890 1926 1900 1904 1904 1954 1888 1880 1900 1916 1896 1952 1932 1944 1946 1922 1912 1926 1922 1906 1900 1922 1922 1912 1946 1910 1934 1932 1898 1898 1914 1924 1896 1906 1950 1952 1958 1922 1922 1916 1924 1964 1916 1926 1902 1952 1948 1914 1944 1942 1952 1926 1884 1940 1932 1906 1926 1918 1898 1886 1884 1950 1934 1930 1936 1942 1928 1928 1946 1938 1918 1938 
1922 1928 1932 1916 1932 1934 1944 1954 1942 1916 1950 1952 1946 1948 1932 1916 1942 1942 1922 1968 1930 1938 1960 1918 1960 1928 1934 1936 1926 1912 1958 1932 1922 1924 1944 1904 1900 1922 1904 1926 1942 1942 1942 1926 1924 1892 1932 1930 1934 1914 1924 1962 1970 1958 1932 1920 1938 1936 1950 1926 1946 1948 1940 1932 1918 1924 1962 1946 1944 1906 1932 1928 1914 1918 1926 1952 1940 1938 1924 1890 1934 1956 1934 1920 1948 1938 1946 1938 1946 1990 1942 1960 1942 1956 1936 1922 1950 1954 1896 1928 
1954 1916 1946 1940 1924 1960 1942 1932 1940 1942 1912 1926 1940 1924 1916 1918 1952 1906 1914 1934 1956 1946 1930 1942 1924 1940 1952 1928 1954 1966 1940 1972 1972 1960 1938 1950 1932 1958 1938 1958 1980 1982 1988 1932 1990 1962 1948 1922 1904 1948 1932 1922 1894 1918 1914 1930 1932 1932 1912 1910 1940 1932 1912 1920 1918 1972 1946 1954 2002 1926 1960 1964 1936 1968 1934 1974 1970 1976 1934 1966 1938 1932 1926 1936 1952 1958 1968 1908 1916 1914 -86 -48 -22 4 -12 -54 -120 -108 -78 -50 
-6 8 -14 -60 -136 -128 -112 -10 64 74 28 -72 -118 -46 0 34 8 -140 -200 -100 18 -24 -130 -148 -106 8 38 -92 -166 -252 -146 -34 50 28 -58 -70 -78 -38 -38 -10 2 62 0 -84 -236 -318 -334 -252 -132 -56 12 168 472 724 498 582 692 1020 1336 1732 1732 -360 -5156 -7326 -7682 -5248 -1942 536 2506 3612 3982 3630 2648 1588 898 678 940 1484 1928 2194 2202 2322 2588 2954 3362 3874 4290 4800 5222 5508 5800 5810 5728 5414 5038 4676 4404 4196 4098 4114 
4214 4282 4250 4210 3956 3546 3304 2506 1880 984 340 -8 22 442 876 1300 1364 1208 812 558 456 538 816 1238 1816 2566 3290 3868 4008 3588 2668 1452 1076 996 1272 1772 2262 2546 2544 2462 2248 1948 1838 2012 2510 2840 2802 2130 1102 16 -764 -1012 -698 0 884 1506 1692 1564 1362 1208 1054 1010 1070 1214 1356 1442 1546 1580 1630 1664 1680 1770 1922 2010 2160 2234 2268 2292 2328 2328 2358 2358 2324 2306 2310 2304 2282 2312 2330 2378 2346 2362 2334 2342 2334 2300 2262 2256 2232 2176 
2180 2148 2140 2112 2094 2090 2046 2024 2040 2022 1994 1990 2002 1964 2004 2002 1992 1980 1976 2004 2092 2114 2132 2128 2120 2120 2110 2138 2156 2196 2168 2180 2204 2202 2238 2254 2264 2250 2218 2214 2180 2176 2180 2174 2154 2128 2108 2084 2016 1948 1966 1930 1918 1892 1866 1804 1782 1740 1722 1704 1746 1728 1694 1672 1668 1596 1614 1646 1644 1672 1672 1668 1702 1718 1754 1784 1758 1778 1816 1798 1812 1904 1950 1986 2006 2032 2048 2076 2090 2090 2116 2148 2150 2188 2236 2274 2268 2258 2286 2272 
2270 2292 2250 2208 2274 2300 2342 2304 2298 2264 2258 2264 2264 2248 2270 2230 2238 2254 2218 2224 2224 2168 2146 2090 2070 2110 2106 2114 2108 2122 2044 1998 2004 2016 1992 2018 2040 2044 2046 1974 1932 1892 1874 1848 1870 1890 1902 1890 1880 1878 1870 1838 1828 1858 1826 1850 1818 1826 1786 1788 1820 1786 1794 1842 1814 1852 1826 1826 1812 1852 1868 1844 1878 1814 1864 1848 1878 1876 1902 1910 1940 1968 2010 2064 2078 2026 2006 2044 2024 1992 2008 2014 2054 2066 2076 2094 2096 2136 2138 2134 
2122 2142 2126 2168 2164 2190 2188 2176 2228 2212 2212 2208 2166 2178 2156 2110 2086 2064 2102 2074 2050 2042 2082 2010 2040 1986 2008 1976 1994 2000 1958 1970 1980 1934 1920 1904 1908 1882 1900 1890 1938 1900 1890 1898 1902 1902 1906 1914 1928 1946 1956 1954 1914 1906 1914 1936 1950 1992 1954 1974 1960 1978 2014 2024 2010 1970 1986 2028 2004 2036 2030 2010 2022 2050 2006 1992 2012 2004 2000 2002 1982 2010 2022 2016 1988 2030 2082 2034 2028 1988 2020 2002 2028 2040 2014 2012 2016 2034 2048 2050 
2044 2042 2040 2052 2058 2082 2080 2060 2062 2032 2064 2034 2042 2038 2018 2018 2002 2014 2044 1998 2022 2012 1998 1994 1944 1960 1996 2010 1968 1942 1992 1974 1922 1972 1934 1930 1928 1942 1942 1948 1970 1980 1994 2002 2004 2022 1998 1980 1984 2008 2024 2018 2022 2008 2010 2006 2022 2028 2040 2040 1976 2000 1972 1986 2034 2002 1984 1960 2024 1986 2008 2012 2022 2046 2040 2012 2034 2040 2032 2044 2040 2066 2022 2030 2036 2042 2032 2030 2072 2040 2024 2020 2048 2036 2054 1998 2034 2014 2014 2050 
1998 2026 2092 2044 2064 2046 2068 2038 2052 2042 2014 2004 2028 2030 2018 2016 2028 2014 2010 1980 2008 2028 2002 1978 1988 1984 1964 1994 2014 2000 1972 1986 2028 2004 2046 2076 2026 2034 2050 2092 2102 2092 2064 2068 2076 2098 2110 2122 2088 2098 2084 2106 2096 2088 2046 2074 2094 2066 2052 2054 2022 2028 2010 2052 2028 2002 2012 2014 2016 2034 2012 2018 2008 2058 2028 2046 2032 2036 2028 2056 2074 2066 2070 2052 2022 2046 2068 2044 2058 2074 2082 2084 2048 2024 2068 2078 2080 2054 2064 2072 
2052 2064 2042 2020 2030 2030 2030 2046 2074 2050 2038 2024 2032 2048 2048 2028 2064 2034 2022 2026 2046 2042 2066 2040 2046 2026 2052 2056 2040 2052 2046 2050 2084 2058 2026 2056 2070 2032 2076 2056 2064 2048 2050 2076 2044 2052 2060 2094 2066 2066 2086 2060 2088 2068 2076 2060 2034 2074 2052 2064 2058 2020 2074 2052 2048 2060 2042 2032 2064 2046 2038 2044 2026 2038 2032 2042 2048 2040 2050 2050 2044 2032 2042 2056 2084 2084 2068 2060 2066 2056 2090 2060 2094 2096 2072 2034 2050 2052 2078 2070 
2080 2090 2052 2072 2058 2068 2062 2078 2068 2046 2046 2060 2062 2080 2068 2078 2036 2058 2058 2042 2056 2088 2052 2076 2046 2048 2064 2064 2098 2100 2064 2080 2052 2038 2092 2084 2074 2058 2072 2074 2082 2044 2046 2078 2080 2064 2078 2060 2030 2060 2066 2090 2052 2084 2070 2064 2066 2056 2082 2092 2060 2024 2044 2058 2066 2078 2062 2056 2072 2086 2050 2050 2046 2042 2022 2056 2030 2050 2078 2104 2074 2076 2062 2058 2076 2084 2058 2038 2068 2068 2064 2072 2090 2098 2086 2082 2072 2070 2056 2062 
2076 2100 2096 2088 2082 2056 2090 2070 2062 2058 2072 2038 2070 2102 2042 2048 2028 2044 2070 2044 2064 2062 2048 2060 2068 2074 2118 2094 2082 2044 2034 2032 2076 2082 2058 2072 2040 2074 2044 2040 2052 2046 2058 2078 2074 2102 2092 2054 2074 2020 2044 2080 2068 2082 2096 2080 2038 2046 2062 2072 2062 2044 2044 2066 2046 2086 2090 2054 2056 2062 2068 2078 2052 2078 2060 2048 2044 2062 2058 2096 2072 2078 2042 2070 2046 2076 2080 2054 2082 396 350 342 450 532 558 546 464 338 206 280 
398 450 450 414 346 252 238 284 358 352 388 366 334 234 226 262 352 450 442 454 472 504 426 338 334 374 472 524 542 444 406 292 288 278 374 514 474 436 370 442 472 406 420 458 430 436 442 346 204 162 238 340 506 530 452 388 262 236 338 430 552 584 496 344 304 300 310 294 394 482 476 408 426 424 398 340 264 218 328 374 412 366 290 206 166 200 382 482 576 486 418 406 332 258 270 244 166 224 466 744 
816 1068 1314 1426 1418 1068 984 8 -2634 -4588 -4592 -3128 -1348 530 2004 2564 2518 1986 1290 654 316 260 462 806 1096 1334 1420 1544 1588 1820 2206 2856 3438 3960 4290 4494 4662 4760 4906 5058 5212 5174 4994 4726 4424 3992 3700 3616 3660 3836 3990 4124 4154 4140 3940 3558 2916 2412 1480 722 294 200 472 1054 1782 2376 2538 2180 1524 986 824 1048 1532 2002 2290 2470 2620 2454 1870 1138 756 776 1046 1484 1932 2060 1770 1408 1282 1384 1794 2322 2876 3022 2404 1288 396 -78 -52 328 
794 1226 1372 1232 1030 846 844 906 1034 1158 1228 1204 1240 1296 1440 1640 1824 1962 2034 2120 2218 2320 2362 2372 2306 2178 2062 1948 1876 1906 1938 1994 2088 2192 2314 2364 2380 2340 2238 2170 2114 2036 2010 2022 2068 2062 2074 2086 2050 2086 2020 2014 1996 1946 1944 1910 1906 1866 1874 1948 1928 1936 1848 1850 1886 1890 1912 1932 1928 1940 1904 1874 1888 1860 1922 1900 1902 1906 1882 1912 1932 1884 1912 1882 1868 1860 1884 1860 1842 1802 1796 1788 1732 1714 1722 1752 1754 1768 1770 1780 
1746 1714 1700 1684 1686 1696 1758 1706 1774 1744 1752 1734 1764 1808 1802 1810 1840 1862 1826 1830 1864 1872 1866 1892 1926 1914 1940 1940 1920 1954 1938 1932 1952 1922 1994 1988 2014 2020 2030 2044 2038 2048 1994 2032 2032 2016 2062 2060 2048 2038 2056 2064 2042 2038 2050 2012 2026 1988 1968 1984 1922 1910 1916 1898 1880 1924 1904 1904 1874 1896 1858 1894 1884 1902 1866 1844 1862 1838 1854 1824 1796 1790 1820 1854 1864 1858 1848 1864 1862 1828 1826 1792 1836 1796 1812 1774 1820 1808 1814 1804 
1816 1798 1814 1790 1760 1846 1844 1862 1830 1834 1816 1868 1850 1852 1836 1866 1872 1880 1890 1902 1858 1856 1898 1894 1926 1916 1912 1912 1912 1924 1944 1942 1956 1942 1942 1908 1930 1926 1970 1958 1962 1940 1930 1940 1988 1990 1976 1994 1950 1960 1962 1950 1924 1918 1938 1960 1916 1956 1918 1902 1928 1934 1908 1910 1888 1920 1876 1924 1932 1934 1974 1972 1952 1914 1920 1874 1874 1906 1924 1900 1892 1890 1924 1880 1914 1902 1868 1864 1888 1894 1878 1876 1844 1892 1880 1874 1872 1882 1850 1906 
1916 1920 1908 1898 1904 1910 1936 1940 1934 1928 1964 1940 1944 1978 1944 1948 1944 1966 1988 2000 1972 1978 1954 1936 1966 1968 1992 1992 1982 1940 1962 1976 1962 1946 2012 1966 1996 1972 1964 1992 1970 2004 2008 1986 1960 1946 1946 1940 1996 1996 1962 1938 1944 1952 1938 1958 1968 1972 1972 1906 1946 1968 1960 1930 1920 1932 1940 1970 1964 1944 1950 1924 1944 1916 1912 1954 1924 1954 1924 1934 1912 1936 1952 1924 1972 1980 1998 1978 1932 1936 1968 1976 1988 1966 1974 1998 2000 2004 2010 1994 
1994 1968 1986 1978 1990 1998 1998 2000 1994 1988 1936 1988 1966 1982 1968 1966 1958 1936 1952 1940 1976 1978 1928 1940 1920 1960 1960 1950 1986 1938 1946 1952 1956 1968 1998 1956 1986 1984 1970 1988 1976 1940 1980 1958 1996 1964 1988 1962 1932 1934 2018 1998 1986 1988 1942 1972 1910 1954 1958 1996 1966 1970 1946 1960 1986 1982 1966 1988 1962 1948 1972 1936 1970 1990 1996 1956 1988 1966 1984 1972 1996 1992 1974 1946 1976 1956 1942 1962 1946 1970 1992 1970 1972 1930 1964 1962 1958 1966 1952 1986 
1950 1978 1982 1964 2018 1978 1966 1946 1992 1986 1986 1966 1946 1940 1956 1976 1934 1960 1990 1982 2016 2014 1988 1974 1960 1964 1944 1996 1986 1968 1986 1956 1966 1958 1970 1966 1978 1936 1946 1950 1946 1982 1970 1940 1986 1978 1994 1962 1970 1968 1930 1938 1970 1964 1972 1998 2000 1982 2014 1988 2008 2032 2000 1988 1954 1994 1994 1992 1974 1994 2004 1976 1956 1984 1954 1964 1990 1936 1950 1924 1930 1956 1960 1968 1996 1972 1948 1946 1952 1992 2000 1994 1996 1976 1964 1962 1994 2006 1962 1950 
1984 1954 1968 1948 1962 1942 1998 1962 1992 2004 1998 1980 1986 1988 2006 1972 1984 1966 1972 1976 1982 1928 2006 1956 1970 1962 1956 1988 1936 1970 1958 1954 1972 1992 1974 1964 1956 1958 1978 1960 1978 1962 1980 1992 1976 1988 1982 2034 1998 2004 2012 1990 1990 1960 1962 1992 1978 1982 1972 1988 2026 1994 1958 1974 1958 1958 1960 1960 1964 1970 1920 1966 1948 1958 1932 1960 1996 1960 1942 1958 1982 1982 1966 1964 1976 1970 1968 1954 1980 1984 1978 1992 1994 1980 1996 1966 2004 1986 1982 2002 
1974 1954 2002 1994 1992 2002 1988 1952 1960 1972 1970 1956 1972 1960 1974 1926 1942 1970 1958 1944 1944 1968 1964 1948 1974 1960 1986 1944 1960 1962 1982 1964 1966 1952 1976 1972 1992 1994 2012 1980 1970 1992 2018 2006 1958 1950 1922 1974 1956 1974 1992 1960 1996 1952 1978 1942 1966 1962 1964 1984 1938 1944 1910 1958 1972 1966 1964 1928 1968 1958 1976 2006 2000 1982 1936 1978 1926 1970 2010 1992 1974 1970 1992 1964 1974 1932 1950 1964 212 156 50 118 238 386 410 400 442 458 378 188 
96 194 406 516 532 320 160 -16 -72 70 228 358 352 224 138 228 314 294 238 204 192 280 290 254 202 146 152 302 500 608 570 560 492 434 328 184 166 336 422 494 424 330 140 -4 32 110 222 208 144 40 32 78 154 134 116 94 136 72 26 30 174 324 350 370 628 1086 1514 1632 1450 786 -732 -1030 -2398 -4164 -4046 -2688 -646 1024 2264 2812 2348 1588 948 534 310 152 32 -28 42 276 550 878 1172 1634 2006 2392 2650 2676 2690 2742 
2848 2954 3174 3450 3886 4350 4810 5226 5638 6124 6342 5968 5156 4084 3018 2406 2294 2388 2674 2908 2748 2634 2224 1902 1784 1912 2134 2280 2228 2020 1504 1174 910 824 898 1098 1380 1712 2172 2672 3046 3174 3066 2856 2728 2438 2076 1600 1276 1162 1208 1340 1512 1424 1260 1178 1372 1510 1576 1708 1868 2012 1940 1592 1086 532 28 -206 -134 196 656 1050 1180 1234 1140 1004 994 1012 1104 1224 1404 1562 1694 1758 1796 1820 1844 1868 1944 1918 1954 1982 1950 2018 1974 1962 1986 1986 2016 2102 
2102 2158 2188 2184 2216 2166 2138 2108 2092 2052 2006 2010 1990 1968 2028 2022 2006 1990 1992 1926 1942 1934 1902 1874 1862 1868 1928 1922 1880 1850 1858 1904 1896 1876 1830 1854 1840 1814 1840 1846 1836 1874 1864 1872 1854 1878 1880 1844 1858 1852 1826 1840 1822 1860 1828 1804 1816 1780 1754 1808 1788 1770 1774 1768 1732 1776 1780 1798 1774 1782 1756 1744 1736 1724 1772 1790 1758 1782 1748 1786 1740 1784 1804 1848 1880 1886 1874 1864 1898 1924 1898 1886 1944 1952 1940 1900 1936 1914 1948 1952 
1930 1952 1960 2000 1988 2020 2010 2000 1996 2024 2004 2050 2004 2040 1978 1976 1972 1974 1962 1972 1972 1950 1966 1940 1902 1924 1932 1936 1878 1896 1890 1880 1874 1874 1920 1900 1894 1916 1884 1886 1886 1884 1874 1872 1900 1886 1878 1898 1874 1832 1862 1856 1850 1866 1878 1902 1894 1898 1834 1906 1866 1866 1906 1898 1866 1870 1832 1844 1886 1820 1844 1868 1854 1864 1852 1848 1868 1886 1888 1868 1880 1890 1900 1862 1882 1894 1886 1898 1890 1900 1944 1930 1958 1966 1974 1968 1952 2002 1976 1970 
1978 1990 1992 1954 2006 1984 2014 1998 2000 1988 1968 1964 1958 1954 1938 1970 1918 1918 1946 1950 1936 1936 1890 1882 1900 1846 1886 1900 1940 1886 1878 1876 1880 1882 1892 1892 1866 1872 1888 1924 1926 1906 1908 1898 1908 1922 1892 1910 1914 1916 1888 1922 1924 1964 1948 1912 1920 1946 1954 1940 1974 1916 1882 1906 1922 1938 1924 1936 1944 1924 1972 1954 1968 1928 1954 1930 1958 1944 1926 1996 1972 1964 1974 1942 1944 1938 1936 1942 1942 1950 1914 1936 1942 1902 1950 1922 1930 1942 1918 1884 
1894 1890 1904 1916 1900 1908 1898 1938 1924 1898 1916 1914 1908 1890 1910 1910 1938 1954 1948 1950 1914 1924 1924 1958 1926 1934 1928 1970 1984 1956 1972 1996 1966 1980 1940 1926 1946 1924 1936 1916 1926 1968 1958 1980 1958 1956 1924 1938 1900 1960 1910 1908 1908 1914 1942 1932 1954 1928 1946 1870 1898 1880 1894 1910 1940 1908 1902 1934 1934 1958 1972 1948 1896 1904 1910 1922 1962 1962 1968 1982 1978 1954 1906 1932 1942 1912 1978 1956 2004 1960 1948 1930 1914 1928 1944 1938 1918 1942 1948 1966 
1908 1944 1908 1898 1890 1908 1910 1926 1896 1906 1928 1966 1946 1954 1942 1910 1932 1948 1942 1920 1922 1948 1896 1914 1940 1926 1936 1960 1966 1956 1938 1926 1902 1924 1922 1928 1916 1904 1882 1924 1944 1924 1924 1932 1916 1936 1904 1926 1960 1942 1884 1918 1900 1904 1916 1944 1920 1940 1934 1948 1970 2002 1974 1980 1972 1932 1900 1898 1924 1920 1956 1936 1968 1928 1944 1958 1966 1936 1954 1916 1930 1918 1934 1952 1948 1942 1922 1952 1968 1944 1952 1934 1930 1938 1954 1964 1944 1936 1972 1984 
1966 1944 1918 1944 1900 1898 1894 1916 1910 1938 1902 1930 1946 1942 1906 1934 1938 1894 1870 1896 1902 1914 1944 1946 1962 1928 1908 1938 1926 1960 1940 1928 1954 1948 1954 1970 1958 1966 1946 1960 1956 1922 1958 1952 1930 1962 1924 1928 1928 1946 1942 1912 1918 1924 1934 1962 1928 1938 1940 1900 1908 1954 1922 1914 1930 1924 1908 1954 1944 1964 1904 1932 1928 1928 1956 1972 1964 1924 1946 1954 1952 1902 1904 1942 1924 1918 1952 1910 1966 1908 1940 1934 1948 1914 1910 1918 1908 1958 1916 1974 
1942 1948 1938 1920 1916 1956 1990 1942 1940 1920 1916 1966 1938 1978 1958 1954 1942 1954 1934 1922 1946 1932 1942 1906 1888 1906 1906 1944 1920 1918 1930 1930 1916 1908 1854 1938 1914 1910 1940 1932 1926 1892 1914 1928 1942 1938 1922 1936 1964 1942 1958 1974 1938 1942 1948 1948 1974 1942 1946 1922 1988 1960 1926 1982 1950 1948 1964 1964 1954 1914 1894 1898 1906 1870 1924 1928 1922 1926 1940 1912 1918 1928 1880 1912 1902 1912 1932 1922 1944 1938 1916 1944 1952 1916 1906 1944 1946 1954 1970 1966 
1934 1978 1954 1938 1970 1930 1942 1948 1944 1936 1928 1930 1960 1962 1960 1942 1946 1922 1914 1924 1904 1914 1898 1918 1934 1976 2002 1972 1954 1904 1948 1934 1930 1926 1900 1940 1950 1908 1932 1936 1978 1930 1940 1932 1926 1896 1916 1934 1926 1928 1940 1936 1960 1958 1944 1932 1900 1956 1932 1936 1962 1936 1924 1954 1962 1940 1920 1952 1928 1918 1938 1944 1926 1954 1922 1940 1902 1908 1920 1914 1920 1938 1924 1932 1950 1914 1910 -64 -66 -82 -70 -10 36 8 -12 18 20 18 -26 -32 
-14 -22 -58 -30 -30 -26 -24 -8 -56 -148 -208 -176 -142 -122 -62 186 646 1262 1596 1588 850 -120 -1552 -3880 -4836 -5856 -3556 -1286 734 2408 3186 2804 2258 1540 914 424 182 122 252 460 822 1292 1776 2198 2650 2960 3194 3348 3496 3532 3650 3738 4044 4812 5666 6216 6158 5686 5022 4318 3568 3122 2844 2716 2570 2536 2408 2254 2076 2002 2176 2436 2716 3012 3074 2866 2374 1718 1072 688 636 926 1358 1800 2044 2288 2366 2408 2378 2340 2294 2206 2156 2070 1772 1546 1180 1108 1168 1180 
1046 944 926 1084 1296 1536 1630 1468 1296 1072 814 640 482 402 380 408 564 740 1066 1434 1794 2060 2152 2008 1736 1456 1278 1216 1364 1616 1886 2124 2260 2262 2124 1896 1686 1524 1528 1618 1678 1764 1858 1938 2020 2108 2162 2162 2128 2044 2002 1956 1966 1902 1896 1846 1820 1780 1806 1810 1824 1778 1816 1798 1796 1792 1780 1802 1796 1786 1800 1788 1816 1814 1858 1884 1868 1842 1814 1828 1852 1884 1880 1884 1904 1916 1914 1924 1886 1894 1874 1898 1926 1978 1944 1928 1920 1904 1884 1886 
1908 1898 1864 1840 1852 1842 1850 1830 1824 1844 1804 1794 1776 1780 1756 1772 1756 1734 1754 1724 1752 1724 1724 1720 1748 1754 1764 1764 1780 1758 1798 1782 1798 1800 1822 1860 1856 1876 1880 1904 1864 1928 1926 1912 1954 1942 1930 1938 1928 1978 1942 1976 1974 2030 1968 2018 2030 2034 2026 2028 2016 2012 2022 1990 1984 2012 1994 1996 1982 1982 1984 2036 2008 2018 1968 1958 2002 2048 2040 2028 2012 2010 2000 1968 1956 1954 1966 1948 1968 1964 1922 1936 1972 2008 2020 2052 2068 2072 2078 2088 
2074 2048 2032 1984 1976 1972 1920 1958 1954 1916 1864 1884 1852 1880 1908 1850 1906 1896 1890 1868 1878 1860 1812 1816 1842 1778 1776 1766 1746 1794 1770 1814 1838 1850 1874 1856 1902 1882 1886 1900 1938 1956 1908 1944 1930 1980 1974 1976 1998 1986 2018 2006 2030 2044 2040 2066 2044 2042 2058 2070 2080 2068 2060 2074 2078 2082 2124 2120 2096 2118 2102 2130 2128 2122 2098 2098 2068 2092 2032 2026 2012 1984 1952 1978 1932 1966 1930 1912 1898 1892 1880 1878 1866 1886 1872 1872 1814 1804 1832 1862 
1846 1850 1818 1834 1854 1860 1818 1830 1790 1802 1766 1796 1826 1836 1866 1830 1842 1864 1888 1930 1896 1886 1888 1834 1876 1882 1928 1928 1914 1910 1884 1892 1934 1928 1966 1924 1912 1886 1904 1880 1866 1908 1912 1936 1870 1928 1908 1926 1938 1954 1944 1932 1972 1964 1936 1966 1954 1978 1986 1976 1968 1968 2004 1992 1962 1968 1962 1936 1926 1940 1936 1888 1902 1886 1878 1932 1896 1912 1920 1892 1864 1844 1828 1854 1870 1826 1824 1844 1850 1820 1830 1810 1826 1826 1848 1888 1858 1848 1832 1866 
1934 1932 1940 1926 1886 1874 1872 1890 1888 1864 1916 1886 1918 1916 1930 1932 1930 1856 1890 1892 1892 1906 1928 1920 1906 1900 1906 1924 1916 1908 1918 1906 1882 1878 1896 1868 1894 1862 1890 1854 1894 1912 1866 1844 1882 1866 1852 1836 1868 1856 1856 1832 1874 1864 1862 1854 1862 1848 1858 1854 1884 1850 1886 1884 1920 1936 1900 1904 1904 1928 1912 1934 1936 1930 1912 1886 1890 1890 1922 1932 1888 1898 1872 1890 1898 1870 1856 1882 1886 1892 1870 1850 1830 1862 1848 1860 1906 1874 1850 1854 
1876 1876 1886 1886 1896 1888 1908 1878 1900 1864 1894 1916 1888 1912 1898 1896 1894 1898 1920 1874 1928 1878 1896 1908 1866 1894 1886 1892 1846 1912 1876 1920 1900 1878 1866 1870 1894 1894 1898 1938 1946 1926 1906 1882 1880 1900 1912 1920 1862 1856 1850 1860 1892 1896 1850 1872 1846 1880 1874 1844 1894 1878 1878 1880 1886 1900 1856 1868 1860 1852 1872 1874 1896 1892 1866 1896 1916 1868 1864 1874 1884 1906 1906 1886 1912 1896 1904 1914 1886 1894 1876 1908 1934 1902 1908 1870 1882 1886 1890 1910 
1910 1896 1894 1882 1928 1914 1894 1924 1944 1880 1840 1886 1900 1902 1880 1840 1828 1854 1884 1882 1866 1856 1872 1836 1844 1878 1902 1868 1886 1878 1908 1904 1916 1882 1892 1902 1944 1912 1912 1912 1888 1932 1914 1910 1894 1922 1882 1876 1886 1880 1886 1862 1854 1844 1852 1848 1868 1860 1842 1880 1874 1904 1862 1876 1888 1914 1870 1900 1902 1892 1908 1884 1880 1890 1904 1916 1902 1922 1910 1938 1902 1908 1938 1920 1924 1924 1896 1894 1898 1872 1916 1876 1900 1870 1848 1898 1888 1852 1818 1860 
1810 1820 1822 1844 1838 1880 1884 1892 1880 1938 1932 1916 1914 1934 1938 1926 1944 1930 1924 1886 1938 1924 1878 1868 1920 1884 1888 1848 1890 1868 1882 1890 1874 1878 1854 1874 1874 1858 1886 1844 1858 1848 1898 1876 1914 1902 1876 1912 1916 1888 1880 1862 1914 1916 1910 1866 1916 1880 1942 1918 1928 1930 1946 1922 1904 1886 1886 1904 1894 1912 1862 1864 1868 1868 1896 1880 1844 1878 1886 1838 1892 1900 1914 1914 1916 1886 1932 1908 1902 1924 1896 1920 1918 1874 1888 1940 1916 1918 1890 1898 
1932 1890 1866 1846 1858 1886 1896 1910 1862 1850 1862 1924 1918 1890 1902 1908 1884 1900 1908 1880 1920 1880 1884 1902 1924 1898 1896 1880 1910 1948 1936 1934 1950 1918 1928 1948 1940 1928 1872 1904 1904 1928 1914 1850 1848 1836 1830 1878 1834 1892 1836 1858 1892 1894 1850 1862 1870 1856 1846 1860 1872 1896 1884 1878 1886 1904 1894 1924 1940 1942 1912 1946 1934 1954 1932 1938 1928 1912 1920 1902 1938 1876 1892 1926 1902 1898 -168 -254 -348 -266 -214 -202 -240 -236 -88 -116 -216 -246 -160 -158 
-144 -220 -262 -248 -152 -122 -132 -236 -166 -62 -146 -156 -70 6 -108 -168 -188 -230 -260 -156 -92 -158 -294 -264 -228 -200 -238 -228 -252 -320 -346 -228 -92 -58 -192 -268 -298 -314 -298 -268 -204 -140 -182 -188 -172 -172 -208 -204 -198 -284 -338 -254 -160 -192 -206 -236 -298 -308 -252 -240 -328 -364 -340 -216 -190 -162 -220 -216 -268 -328 -296 -198 -150 -128 -208 -336 -442 -398 -272 -210 -212 -322 -378 -280 -206 -176 -272 -216 -124 -40 -8 228 558 730 548 332 208 -204 -1184 -1562 
-2678 -3672 -3280 -2124 -316 1350 1852 1564 944 296 -202 -378 -212 84 318 616 894 1216 1542 1850 1974 2216 2248 2528 3000 3394 3650 3840 4474 5172 5780 5852 5130 4142 3270 2978 2928 2900 2896 2924 3168 3182 3126 3058 2922 2782 2634 2570 2506 2494 2444 2318 2138 1950 1610 1302 1006 952 1198 1530 1812 1964 2094 2152 2200 2162 2032 1916 1828 1592 1204 964 706 800 988 1354 1648 1668 1518 1224 906 904 1044 1324 1642 1672 1410 1002 442 16 -172 -94 196 522 800 1014 1234 1338 1422 1452 
1402 1328 1258 1164 1108 1100 1216 1444 1656 1922 2068 2132 2066 2048 2084 2126 2200 2226 2174 2084 1976 1886 1872 1994 2116 2160 2118 2010 1878 1784 1756 1734 1764 1800 1868 1804 1688 1606 1510 1552 1614 1622 1642 1576 1512 1408 1348 1400 1434 1522 1540 1526 1512 1486 1452 1368 1294 1230 1250 1356 1464 1570 1508 1450 1394 1422 1514 1622 1588 1524 1500 1528 1608 1580 1582 1514 1530 1552 1520 1510 1532 1578 1602 1664 1638 1606 1588 1554 1558 1552 1590 1568 1554 1546 1520 1534 1548 1598 1650 1620 
1662 1632 1652 1662 1648 1614 1638 1634 1662 1650 1634 1646 1652 1646 1648 1688 1698 1712 1732 1698 1692 1684 1706 1736 1752 1714 1650 1638 1638 1648 1694 1730 1676 1636 1602 1620 1608 1606 1666 1630 1582 1622 1622 1606 1598 1578 1588 1596 1564 1516 1552 1570 1578 1542 1506 1514 1554 1532 1564 1562 1538 1554 1584 1550 1556 1540 1582 1582 1600 1598 1628 1662 1676 1692 1628 1576 1606 1644 1640 1612 1642 1632 1642 1676 1668 1678 1704 1652 1680 1692 1680 1666 1702 1664 1670 1670 1678 1656 1688 1626 
1620 1624 1664 1648 1648 1644 1624 1606 1570 1642 1612 1644 1600 1586 1574 1584 1628 1634 1594 1584 1584 1582 1578 1594 1578 1602 1622 1624 1598 1618 1614 1640 1608 1612 1634 1622 1640 1644 1614 1654 1620 1596 1620 1650 1664 1604 1572 1604 1598 1606 1598 1614 1636 1638 1612 1612 1656 1640 1618 1602 1662 1638 1638 1638 1650 1636 1612 1628 1636 1662 1642 1646 1650 1668 1612 1610 1606 1610 1604 1584 1586 1544 1532 1544 1490 1522 1516 1492 1574 1624 1660 1618 1598 1608 1632 1646 1652 1628 1654 1632 
1666 1686 1694 1688 1668 1708 1668 1652 1650 1642 1626 1608 1578 1594 1514 1544 1604 1584 1582 1556 1560 1572 1580 1606 1586 1570 1530 1592 1612 1618 1600 1584 1586 1612 1646 1662 1674 1680 1646 1606 1646 1600 1610 1624 1636 1642 1568 1592 1568 1610 1590 1642 1606 1584 1584 1574 1600 1572 1578 1570 1590 1624 1616 1584 1578 1616 1596 1616 1620 1584 1586 1614 1622 1626 1588 1600 1640 1626 1616 1600 1574 1592 1588 1590 1598 1590 1564 1556 1556 1566 1562 1602 1576 1582 1582 1584 1628 1590 1584 1556 
1562 1556 1568 1592 1616 1584 1582 1570 1602 1616 1600 1646 1552 1552 1552 1582 1554 1524 1522 1550 1554 1606 1594 1580 1590 1578 1578 1596 1582 1586 1594 1642 1622 1614 1618 1612 1622 1622 1640 1642 1594 1602 1638 1584 1628 1600 1606 1596 1592 1580 1588 1582 1572 1572 1544 1488 1534 1556 1554 1554 1584 1560 1546 1574 1584 1550 1562 1560 1558 1586 1606 1630 1606 1580 1600 1600 1628 1614 1594 1600 1578 1568 1570 1560 1578 1566 1582 1534 1530 1528 1558 1576 1614 1574 1580 1592 1622 1578 1602 1582 
1590 1588 1592 1634 1646 1674 1608 1554 1574 1610 1634 1610 1606 1590 1576 1608 1586 1562 1566 1550 1548 1548 1568 1584 1554 1564 1586 1598 1580 1552 1582 1586 1568 1578 1568 1588 1596 1586 1578 1624 1598 1636 1590 1590 1606 1582 1582 1566 1572 1564 1576 1562 1564 1580 1574 1542 1532 1556 1550 1562 1628 1614 1574 1574 1646 1626 1606 1602 1558 1574 1578 1604 1600 1590 1618 1592 1608 1608 1604 1550 1628 1618 1640 1666 1644 1644 1620 1618 1610 1614 1578 1576 1592 1602 1596 1600 1614 1590 1614 1580 
1584 1552 1526 1534 1586 1560 1584 1540 1518 1516 1518 1588 1572 1574 1570 1566 1566 1606 1656 1586 1558 1576 1616 1640 1628 1656 1606 1628 1586 1618 1608 1620 1626 1640 1572 1598 1610 1612 1598 1616 1596 1568 1612 1602 1598 1632 1594 1644 1600 1594 1598 1576 1528 1522 1546 1548 1546 1552 1586 1570 1548 1532 1606 1624 1604 1600 1574 1594 1618 1610 1612 1636 1632 1616 1606 1624 1616 1634 1660 1624 1582 1560 1608 1598 1604 1604 1564 1588 1612 1614 1652 1688 1716 1636 1674 1662 1698 1680 1648 1716 
1674 1638 1600 1554 1584 1530 1548 1550 1534 1540 1594 1514 1512 1504 1498 1478 1506 1540 1554 1564 1570 1540 1546 1538 1586 1628 1666 1632 1618 1652 1688 1696 1676 1640 1652 1646 1672 1660 1704 1694 1698 1728 1678 1706 1762 1760 1814 1812 1788 1730 1662 1664 1644 1666 1636 1648 1554 1578 1548 1582 1518 1530 1460 1488 1474 1460 1484 1474 1460 1498 1510 1548 1564 1590 1560 1584 1594 1622 1678 1700 1644 1678 1706 1732 1750 834 842 722 558 484 606 708 736 748 724 652 628 656 704 656 
614 606 646 674 756 818 886 848 734 684 694 850 914 846 704 726 838 828 738 632 614 630 690 802 896 898 864 920 1090 1154 996 1052 1224 1268 1026 768 316 -660 -2470 -2762 -1622 122 1646 2348 2272 1392 644 176 12 102 312 590 894 1152 1406 1500 1624 1740 1862 1940 2048 2022 2146 2276 2354 2418 2538 2766 3014 3368 3818 4432 5298 6120 6550 6310 5482 4400 3264 2308 1606 1292 1348 1292 1610 1904 2200 2616 2802 2868 2644 2164 1566 1150 920 1134 1520 1904 2276 2462 
2596 2758 2964 3010 3002 2942 2938 2872 2594 2168 1756 1434 1190 1266 1632 2082 2318 2340 2144 1910 1672 1566 1416 1266 1098 1036 1022 1134 1170 1116 876 528 224 132 170 366 690 990 1194 1340 1372 1362 1158 1020 948 950 1064 1200 1302 1378 1502 1586 1692 1758 1760 1770 1758 1772 1764 1832 1908 1992 2078 2128 2164 2156 2148 2144 2114 2074 2090 2098 2076 2090 2118 2146 2142 2114 2126 2100 2080 2054 2040 2014 1974 1974 1946 1916 1892 1888 1856 1860 1890 1858 1862 1830 1810 1822 1802 1790 
1734 1764 1772 1762 1780 1778 1770 1812 1828 1782 1750 1718 1676 1668 1662 1680 1652 1622 1626 1620 1638 1554 1538 1502 1508 1518 1516 1488 1524 1570 1590 1570 1536 1578 1594 1628 1674 1680 1658 1644 1660 1674 1706 1722 1716 1744 1752 1780 1782 1828 1860 1842 1832 1830 1832 1830 1828 1826 1864 1846 1854 1814 1788 1834 1894 1998 2102 2150 2106 2024 1924 1840 1844 1886 1918 1902 1876 1882 1864 1834 1862 1870 1840 1778 1726 1714 1728 1718 1704 1732 1746 1752 1756 1702 1722 1662 1646 1670 1668 1642 
1600 1594 1630 1696 1776 1758 1796 1770 1762 1742 1706 1708 1690 1684 1700 1726 1732 1736 1782 1740 1776 1776 1734 1754 1714 1730 1734 1746 1780 1806 1804 1796 1784 1792 1780 1798 1810 1758 1716 1748 1754 1792 1822 1814 1784 1766 1790 1752 1808 1778 1752 1760 1784 1784 1770 1742 1736 1764 1772 1760 1734 1776 1752 1778 1776 1800 1858 1804 1794 1772 1764 1780 1786 1788 1752 1722 1726 1736 1774 1772 1800 1802 1742 1756 1716 1726 1772 1752 1720 1728 1720 1724 1740 1714 1736 1752 1738 1716 1736 1712 
1700 1712 1740 1768 1766 1710 1744 1736 1762 1766 1770 1770 1782 1742 1766 1810 1810 1796 1752 1762 1760 1762 1780 1820 1800 1798 1784 1766 1766 1800 1812 1786 1796 1794 1798 1742 1764 1762 1744 1732 1748 1756 1748 1752 1760 1740 1744 1730 1742 1726 1724 1734 1772 1770 1742 1748 1738 1776 1786 1734 1750 1696 1760 1770 1734 1740 1784 1774 1778 1726 1752 1784 1822 1788 1780 1754 1754 1760 1768 1780 1768 1740 1774 1774 1806 1810 1762 1754 1752 1750 1784 1780 1772 1746 1716 1720 1766 1798 1786 1772 
1732 1762 1732 1742 1776 1748 1738 1712 1738 1756 1774 1778 1766 1734 1710 1724 1740 1718 1694 1718 1716 1740 1758 1768 1774 1722 1740 1742 1736 1792 1764 1798 1816 1804 1828 1818 1816 1778 1824 1840 1760 1758 1746 1764 1766 1758 1722 1746 1740 1734 1736 1744 1740 1696 1742 1708 1692 1766 1732 1718 1730 1732 1728 1766 1750 1746 1748 1742 1734 1754 1776 1784 1770 1796 1806 1812 1778 1768 1778 1788 1744 1736 1774 1758 1774 1738 1732 1738 1762 1742 1738 1738 1744 1750 1740 1706 1740 1738 1744 1734 
1724 1728 1728 1750 1750 1714 1742 1796 1772 1742 1738 1760 1776 1810 1784 1764 1750 1746 1824 1774 1772 1766 1760 1796 1764 1788 1764 1776 1756 1746 1740 1762 1780 1770 1748 1718 1728 1732 1728 1746 1718 1714 1770 1730 1742 1746 1734 1716 1750 1744 1730 1758 1758 1760 1770 1770 1774 1778 1774 1764 1750 1760 1770 1788 1740 1762 1754 1774 1730 1734 1756 1756 1770 1772 1754 1742 1752 1728 1750 1778 1748 1740 1732 1756 1772 1728 1782 1754 1742 1786 1782 1772 1800 1782 1748 1774 1754 1764 1760 1724 
1772 1748 1750 1780 1754 1756 1756 1726 1716 1728 1720 1738 1718 1718 1764 1766 1758 1756 1730 1740 1734 1766 1790 1746 1754 1752 1766 1766 1784 1800 1772 1788 1750 1732 1756 1760 1762 1730 1756 1758 1748 1714 1734 1756 1752 1758 1728 1740 1748 1750 1758 1748 1780 1758 1764 1726 1746 1706 1740 1768 1748 1768 1754 1748 1750 1740 1718 1760 1726 1748 1756 1764 1784 1748 1732 1714 1764 1800 1774 1782 1734 1746 1748 1744 1760 1720 1750 1738 1782 1762 1780 1738 1758 1756 1736 1742 1736 1762 1758 1782 
1738 1758 1754 1768 1724 1732 1758 1756 1756 1764 1726 1792 1800 1774 1756 1704 1724 1788 1776 1744 1706 1708 1772 1742 1774 1758 1754 1760 1746 1754 1772 1724 1734 1744 1730 1716 1748 1738 1748 1736 1750 1754 1750 1748 1744 1750 1732 1772 1714 1734 1744 1752 1738 1742 1760 1740 1730 1770 1752 1758 1762 1756 1770 1720 1740 1752 1722 1758 1754 1734 1782 1750 1752 1752 1780 1778 1764 1766 1756 1736 1754 1772 1752 1746 1730 1738 1738 1742 1708 1722 1710 1746 1752 1774 1766 1774 1746 1726 1724 1734 
1776 1752 1750 1776 1746 1774 1762 1774 1772 1754 1726 1756 1732 1712 1732 1736 1714 1760 1758 1782 1774 1768 1782 1700 1712 1750 1750 1744 1746 1746 1752 1754 1780 1742 1756 1736 1746 1746 1754 1766 1766 1754 1726 1728 1736 1760 1758 1794 1766 1764 1778 1758 1698 1772 1784 1824 1820 1754 1738 1768 1748 1722 1706 1744 1768 1726 1718 1726 1734 1732 1728 1722 1702 1684 1720 1722 1756 1752 1736 1742 1750 1776 1766 1754 376 438 542 472 318 290 260 236 250 398 540 570 486 394 336 290 
352 404 322 326 480 522 326 254 364 478 438 350 298 316 274 244 246 266 280 386 440 368 290 302 250 294 294 272 300 316 412 374 216 206 364 422 430 444 404 358 250 186 326 408 358 328 340 420 484 500 382 240 100 50 34 96 162 242 312 282 492 854 1198 1502 1570 1138 602 -446 -1304 -1904 -2172 -2246 -2552 -1754 -252 762 1306 1348 1024 602 128 -168 -202 16 238 606 922 1204 1484 1632 1710 1724 1968 2592 3284 3748 3864 3734 3648 3672 
3876 4138 3944 3522 3216 3156 3156 3058 2854 2506 2490 2566 2772 3048 3246 3218 3048 2758 2340 1882 1520 1354 1416 1546 1836 2140 2386 2406 2340 2212 2102 2046 2150 2306 2514 2716 2614 2358 1812 1402 1056 800 834 1018 1278 1390 1476 1496 1352 1196 1054 954 988 926 930 966 858 746 642 562 524 628 740 920 1138 1326 1512 1680 1794 1770 1692 1576 1518 1450 1410 1456 1554 1706 1796 1836 1780 1752 1752 1734 1734 1720 1758 1768 1694 1672 1686 1756 1902 1942 1926 1836 1770 1688 1616 1600 
1638 1702 1710 1702 1680 1616 1630 1664 1668 1646 1658 1646 1624 1618 1644 1600 1570 1548 1552 1530 1482 1468 1530 1522 1550 1572 1558 1570 1560 1576 1578 1556 1548 1530 1464 1416 1392 1414 1426 1452 1462 1464 1428 1434 1424 1398 1408 1402 1474 1540 1548 1552 1542 1514 1532 1532 1530 1500 1520 1540 1542 1532 1500 1514 1526 1522 1532 1540 1534 1584 1538 1516 1480 1512 1574 1632 1650 1676 1658 1672 1692 1686 1686 1712 1682 1674 1626 1602 1554 1564 1556 1576 1596 1592 1584 1632 1634 1626 1604 1526 
1544 1558 1568 1574 1538 1512 1488 1484 1518 1552 1524 1536 1538 1580 1554 1548 1526 1502 1550 1542 1558 1510 1464 1478 1498 1498 1526 1512 1516 1542 1520 1522 1534 1516 1536 1548 1548 1530 1516 1466 1498 1522 1540 1550 1562 1590 1514 1522 1522 1538 1526 1582 1598 1586 1532 1550 1522 1586 1598 1632 1566 1566 1580 1596 1584 1578 1574 1606 1572 1570 1576 1590 1580 1562 1568 1596 1618 1618 1522 1516 1528 1592 1566 1532 1500 1534 1520 1550 1536 1544 1554 1532 1522 1482 1508 1532 1566 1550 1556 1540 
1528 1528 1538 1572 1526 1544 1528 1524 1580 1552 1500 1532 1538 1534 1550 1550 1530 1532 1548 1550 1550 1538 1496 1550 1574 1584 1588 1552 1554 1576 1594 1602 1620 1544 1586 1556 1576 1566 1568 1534 1562 1560 1582 1588 1558 1570 1536 1558 1532 1494 1498 1504 1522 1552 1586 1542 1518 1494 1492 1528 1576 1564 1572 1522 1522 1554 1576 1558 1578 1544 1538 1560 1564 1546 1558 1528 1536 1542 1544 1580 1574 1568 1548 1528 1518 1516 1550 1498 1534 1558 1550 1566 1572 1558 1550 1580 1582 1564 1556 1550 
1572 1570 1594 1568 1576 1548 1538 1522 1534 1572 1582 1572 1540 1546 1574 1594 1580 1534 1512 1506 1552 1528 1554 1572 1556 1512 1528 1548 1582 1564 1530 1520 1556 1558 1540 1500 1508 1572 1570 1598 1612 1528 1554 1534 1584 1590 1586 1594 1542 1538 1568 1556 1586 1562 1584 1552 1526 1510 1580 1568 1562 1546 1536 1544 1576 1572 1536 1578 1560 1538 1548 1550 1552 1548 1562 1510 1546 1530 1534 1512 1556 1564 1542 1564 1576 1544 1534 1570 1560 1562 1562 1532 1592 1542 1564 1546 1518 1554 1536 1532 
1494 1546 1548 1560 1566 1546 1546 1566 1564 1516 1538 1544 1564 1576 1580 1552 1518 1548 1536 1552 1536 1542 1532 1556 1576 1580 1578 1598 1562 1572 1578 1500 1514 1522 1524 1526 1534 1514 1536 1530 1528 1546 1588 1534 1606 1538 1544 1544 1558 1542 1536 1554 1560 1566 1594 1570 1552 1604 1624 1562 1530 1504 1500 1550 1544 1486 1490 1498 1542 1540 1536 1542 1544 1534 1570 1532 1534 1550 1560 1578 1554 1570 1594 1578 1586 1562 1526 1570 1610 1610 1584 1564 1574 1560 1586 1558 1542 1598 1528 1580 
1516 1504 1512 1540 1534 1516 1488 1512 1532 1530 1536 1550 1540 1546 1598 1548 1528 1554 1530 1564 1546 1542 1590 1584 1654 1590 1574 1520 1598 1606 1586 1560 1514 1550 1594 1554 1532 1514 1528 1544 1564 1512 1528 1540 1510 1492 1494 1482 1482 1486 1496 1468 1504 1476 1464 1492 1472 1522 1518 1492 1522 1580 1576 1578 1566 1618 1630 1676 1646 1634 1618 1650 1626 1620 1574 1558 1564 1566 1554 1550 1550 1480 1486 1486 1492 1428 1402 1430 1466 1446 1420 1436 1456 1536 1554 1532 1532 1516 1518 1584 
1540 1554 1574 1570 1606 1568 1596 1558 1554 1540 1526 1546 1530 1528 1516 1508 1530 1510 1518 1494 1504 1516 1494 1536 1492 1472 1494 1494 1578 1504 1540 1516 1560 1510 1522 1548 1554 1542 1522 1568 1556 1542 1538 1538 1542 1568 1554 1544 1490 1544 1548 1546 1540 1552 1526 1498 1508 1526 1530 1508 1498 1506 1492 1524 1522 1536 1550 1534 1546 1540 1542 1538 1516 1540 1570 1556 1576 1540 1544 1542 1564 1544 1548 1542 1556 1512 1526 1552 1508 1522 1518 1548 1518 1548 1508 1496 1530 1546 1526 1506 
1508 1512 1520 1536 1504 1584 1574 1548 1550 1532 1536 1562 1576 1556 1554 1536 1568 1562 1580 1548 1520 1558 1528 1554 1552 1526 1554 1558 1546 1528 1560 1566 1542 1520 1506 1504 1538 1510 1486 1502 1538 1524 1574 1526 1522 1526 1520 1520 1514 1532 1540 1576 1538 1568 1544 1508 1542 1530 1568 1574 1536 1526 1538 1566 1558 1540 1530 1548 1520 1522 1538 1524 1520 1490 1554 1516 1494 1496 1526 1520 1516 1488 1502 292 312 222 52 14 146 148 190 182 192 142 168 258 312 248 178 144 
218 336 320 152 120 210 350 422 412 312 230 296 334 344 398 474 384 238 144 198 252 332 482 492 340 230 326 366 354 400 310 152 162 248 262 244 278 336 322 336 334 220 286 358 240 206 320 418 384 372 324 260 286 370 432 456 288 288 342 264 208 216 326 472 492 714 1004 1514 2338 2750 2348 -458 -2754 -5616 -6576 -5534 -2696 108 1822 2330 1814 1076 532 324 480 760 1012 1176 1308 1392 1358 1374 1430 1478 1444 1500 1672 2124 2426 2726 
3212 3570 3942 4198 4774 5564 6042 6148 5690 4552 3548 2868 2412 2314 2198 2406 2256 2180 1976 2102 2344 2624 2806 2782 2388 1874 1294 898 740 786 970 1310 1716 2046 2228 2200 1910 1586 1400 1402 1430 1674 1940 2252 2520 2546 2428 2188 2084 1838 1580 1290 1102 1202 1422 1574 1788 1904 1908 1800 1586 1450 1468 1492 1524 1406 1096 940 826 758 820 910 1070 1112 1080 884 764 802 920 1062 1202 1252 1194 1154 1096 1156 1288 1482 1698 1814 1850 1848 1868 1928 1898 1752 1654 1592 1594 1592 
1590 1580 1528 1554 1626 1790 1832 1900 1976 1970 1934 1854 1758 1740 1764 1872 1956 2022 2054 2048 2034 1966 1948 1920 1982 2004 1968 1944 1880 1810 1798 1842 1872 1896 1884 1848 1880 1850 1874 1892 1844 1810 1834 1832 1802 1792 1772 1778 1796 1808 1776 1784 1724 1740 1742 1684 1664 1692 1692 1686 1712 1694 1688 1704 1680 1630 1628 1682 1634 1658 1670 1630 1608 1612 1590 1596 1630 1648 1616 1586 1598 1588 1634 1630 1640 1680 1688 1728 1718 1714 1760 1734 1766 1726 1758 1796 1826 1834 1840 1850 
1878 1894 1896 1926 1890 1876 1860 1860 1876 1890 1900 1924 1906 1934 1896 1888 1872 1882 1916 1962 1936 1952 1934 1904 1900 1898 1898 1906 1878 1896 1914 1876 1818 1866 1844 1858 1824 1870 1846 1808 1800 1804 1806 1816 1800 1772 1774 1786 1804 1812 1792 1824 1782 1812 1794 1816 1836 1822 1802 1814 1846 1824 1856 1880 1890 1902 1876 1874 1864 1882 1840 1840 1872 1864 1908 1866 1832 1886 1822 1854 1836 1832 1796 1806 1802 1816 1832 1836 1796 1792 1790 1776 1758 1800 1774 1838 1818 1812 1826 1866 
1814 1874 1900 1896 1900 1874 1900 1922 1944 1896 1936 1924 1940 1944 1948 2022 1978 1990 1980 1956 1982 2028 2018 2016 2024 2016 2000 2038 1998 1966 1984 1968 1982 1950 1948 1936 1904 1936 1940 1938 1932 1946 1894 1884 1890 1872 1876 1850 1866 1896 1878 1850 1858 1838 1876 1828 1826 1838 1854 1852 1862 1832 1892 1892 1926 1886 1876 1912 1934 1926 1892 1966 1908 1952 1932 1982 1946 1946 1932 1950 1988 1982 1920 1976 1966 1926 1976 1952 1974 1968 1986 1908 1964 1940 1952 1946 1914 1926 1900 1922 
1920 1964 1944 1954 1926 1896 1910 1880 1920 1916 1892 1908 1888 1888 1884 1918 1886 1902 1912 1924 1952 1926 1910 1880 1898 1934 1892 1864 1904 1908 1922 1918 1930 1928 1936 1920 1944 1938 1902 1908 1896 1918 1922 1894 1908 1958 1940 1952 1954 1946 1932 1942 1904 1936 1918 1916 1912 1944 1926 1956 1928 1916 1908 1880 1944 1928 1922 1922 1910 1902 1914 1936 1950 1916 1888 1872 1920 1922 1912 1926 1924 1930 1918 1898 1898 1958 1920 1916 1916 1884 1920 1880 1938 1912 1932 1966 1956 1948 1938 1944 
1920 1964 1932 1938 1926 1956 1912 1946 1878 1948 1944 1942 1940 1950 1920 1950 1938 1932 1928 1924 1914 1910 1882 1900 1906 1876 1872 1886 1904 1914 1902 1898 1932 1922 1904 1882 1902 1902 1892 1924 1944 1912 1930 1928 1934 1976 1954 1972 1936 1902 1934 1928 1932 1920 1914 1952 1944 1968 1908 1910 1966 1944 1916 1910 1906 1932 1920 1928 1918 1914 1952 1920 1914 1914 1888 1916 1934 1908 1894 1894 1912 1926 1922 1928 1940 1910 1924 1928 1924 1876 1910 1922 1920 1948 1932 1976 1924 1914 1910 1946 
1934 1934 1926 1900 1948 1918 1942 1954 1940 1928 1914 1940 1904 1942 1938 1924 1890 1932 1920 1928 1910 1892 1914 1880 1904 1912 1934 1904 1930 1920 1938 1924 1894 1932 1900 1930 1898 1930 1930 1910 1924 1928 1934 1928 1920 1932 1928 1948 1936 1926 1910 1922 1956 1908 1912 1918 1914 1886 1938 1902 1926 1928 1900 1918 1950 1904 1886 1908 1882 1926 1920 1954 1916 1926 1922 1960 1938 1926 1890 1940 1944 1936 1962 1946 1896 1958 1924 1926 1906 1940 1936 1912 1924 1908 1916 1900 1904 1934 1918 1914 
1932 1888 1896 1924 1926 1920 1918 1902 1898 1924 1876 1930 1912 1958 1934 1934 1912 1912 1918 1888 1912 1932 1920 1930 1918 1946 1922 1902 1902 1910 1862 1908 1886 1912 1950 1938 1952 1912 1952 1934 1962 1928 1956 1916 1952 1944 1926 1954 1932 1920 1950 1932 1900 1906 1964 1920 1914 1926 1878 1910 1908 1936 1936 1968 1924 1912 1912 1896 1926 1916 1912 1880 1904 1906 1924 1912 1914 1900 1930 1906 1942 1926 1918 1926 1904 1908 1916 1892 1926 1940 1958 1934 1906 1950 1924 1914 1934 1942 1938 1964 
1898 1938 1926 1922 1918 1926 1878 1926 1930 1910 1928 1944 1928 1924 1900 1910 1924 1882 1920 1920 1900 1928 1884 1860 1912 1914 1898 1912 1960 1902 1914 1934 1938 1918 1926 1914 1912 1942 1942 1952 1940 1954 1910 1928 1924 1958 1928 1910 1878 1928 1916 1934 1900 1900 1894 1858 1900 1886 1870 1882 1898 1872 1852 1882 1906 1904 1908 1922 1914 1932 1924 1936 1932 1964 1940 1928 1926 1904 1952 1954 1972 1920 