-84 -124 -127 -125 -127 -125 -128 -125 -125 -125 -124 -125 -124 -125 -126 -126 -125 -127 -123 -128 -127 -126 -127 -124 -127 -127 -126 -124 -125 -125 -127 -126 -124 -125 -124 -124 -123 -123 -124 -125 -123 -127 -126 -127 -128 -129 -130 -131 -131 -129 -129 -126 -125 -125 -122 -122 -121 -120 -120 -120 -117 -115 -113 -113 -111 -111 -110 -108 -107 -104 -102 -103 -99 -98 -96 -96 -95 -94 -94 -94 -91 -92 -91 -88 -89 -91 -89 -90 -89 -88 -90 -91 -88 -91 -90 -90 -90 -92 -91 -89 
-88 -89 -90 -89 -88 -87 -87 -87 -87 -88 -89 -89 -88 -87 -88 -87 -91 -88 -90 -89 -90 -93 -91 -90 -91 -91 -93 -95 -96 -97 -97 -98 -96 -99 -99 -100 -100 -99 -100 -103 -100 -102 -101 -99 -102 -101 -101 -102 -101 -99 -101 -99 -99 -100 -100 -100 -99 -98 -100 -96 -96 -97 -96 -96 -94 -96 -96 -95 -94 -94 -92 -94 -94 -92 -91 -92 -92 -89 -93 -91 -93 -92 -94 -93 -91 -91 -94 -92 -94 -93 -93 -92 -93 -92 -93 -93 -94 -92 -95 -94 
-94 -93 -93 -92 -93 -92 -92 -94 -93 -94 -94 -94 -93 -93 -93 -91 -92 -93 -91 -92 -92 -92 -93 -92 -93 -92 -93 -92 -93 -94 -92 -92 -92 -92 -91 -89 -92 -90 -92 -91 -92 -92 -93 -94 -92 -92 -94 -90 -91 -92 -91 -92 -93 -92 -92 -93 -94 -94 -95 -92 -94 -91 -94 -91 -94 -92 -93 -92 -91 -92 -92 -92 -93 -93 -89 -91 -91 -90 -91 -91 -91 -90 -90 -93 -90 -94 -91 -92 -92 -91 -91 -94 -91 -91 -92 -92 -92 -92 -91 -91 
-91 -89 -90 -90 -90 -92 -90 -92 -91 -92 -90 -92 -91 -91 -91 -92 -91 -92 -91 -94 -92 -92 -91 -92 -92 -91 -91 -94 -92 -92 -90 -91 -91 -93 -91 -91 -94 -91 -92 -92 -93 -93 -92 -92 -91 -92 -92 -92 -92 -92 -93 -91 -91 -94 -92 -94 -90 -91 -89 -94 -91 -92 -92 -91 -94 -90 -91 -91 -91 -92 -92 -92 -90 -92 -89 -91 -90 -91 -92 -90 -91 -91 -92 -92 -91 -91 -93 -91 -91 -93 -92 -91 -92 -90 -91 -90 -92 -92 -93 -91 
-91 -92 -91 -91 -91 -91 -91 -90 -92 -93 -93 -92 -91 -92 -91 -92 -92 -92 -92 -91 -92 -92 -91 -91 -92 -92 -92 -92 -90 -92 -90 -92 -92 -92 -90 -91 -91 -90 -91 -92 -92 -93 -93 -92 -90 -92 -91 -91 -91 -92 -90 -91 -93 -92 -92 -90 -91 -92 -93 -90 -92 -92 -93 -92 -92 -91 -92 -92 -91 -91 -90 -93 -92 -91 -91 -92 -91 -91 -91 -92 -91 -90 -91 -92 -92 -91 -92 -91 -89 -92 -92 -91 -92 -93 -91 -92 -90 -92 -92 -91 
-91 -93 -90 -92 -91 -91 -94 -91 -91 -90 -90 -92 -89 -92 -92 -90 -91 -91 -91 -92 -92 -91 -91 -92 -90 -92 -92 -91 -91 -90 -91 -91 -90 -91 -93 -92 -93 -92 -93 -92 -90 -93 -90 -93 -93 -92 -91 -87 -91 -91 -91 -92 -91 -91 -94 -91 -93 -91 -93 -92 -91 -93 -92 -90 -93 -92 -91 -93 -92 -90 -91 -92 -93 -90 -92 -91 -91 -92 -93 -92 -92 -90 -91 -90 -90 -91 -91 -91 -91 -91 -92 -93 -92 -90 -91 -92 -93 -93 -94 -91 
-91 -92 -91 -91 -91 -92 -94 -94 -93 -92 -92 -92 -91 -91 -92 -91 -91 -92 -91 -92 -91 -92 -92 -91 -92 -93 -92 -92 -91 -91 -92 -90 -91 -91 -91 -91 -89 -92 -92 -91 -92 -89 -93 -91 -92 -93 -91 -91 -92 -91 -90 -92 -91 -91 -90 -93 -91 -91 -90 -92 -93 -92 -91 -90 -91 -92 -92 -89 -91 -92 -91 -93 -93 -92 -91 -94 -92 -92 -93 -93 -91 -91 -92 -92 -91 -92 -92 -90 -90 -92 -90 -92 -92 -92 -92 -93 -90 -91 -91 -93 
-91 -92 -92 -91 -94 -91 -91 -91 -89 -91 -90 -90 -92 -90 -92 -92 -91 -91 -91 -91 -93 -91 -90 -90 -91 -92 -92 -92 -91 -91 -92 -93 -93 -92 -92 -92 -92 -92 -93 -91 -92 -93 -92 -92 -90 -92 -91 -91 -91 -90 -91 -94 -92 -92 -92 -90 -90 -92 -92 -91 -91 -91 -91 -91 -94 -91 -90 -91 -92 -93 -93 -92 -92 -92 -90 -92 -93 -92 -90 -93 -91 -93 -92 -92 -92 -92 -92 -92 -91 -93 -94 -89 -91 -93 -90 -91 -93 -94 -93 -91 
-92 -90 -92 -94 -92 -91 -91 -91 -92 -93 -92 -92 -90 -91 -92 -91 -92 -90 -90 -90 -92 -91 -91 -91 -90 -90 -91 -90 -89 -92 -92 -92 -92 -90 -91 -92 -93 -92 -90 -92 -92 -92 -93 -92 -93 -92 -91 -91 -91 -92 -92 -92 -93 -93 -94 -94 -91 -93 -92 -92 -93 -92 -92 -92 -93 -92 -93 -93 -93 -91 -94 -91 -93 -92 -91 -94 -94 -92 -93 -92 -92 -93 -92 -93 -93 -91 -91 -93 -92 -94 -93 -92 -93 -92 -93 -93 -92 -91 -95 -93 
-92 -92 -93 -91 -94 -92 -93 -92 -95 -92 -93 -93 -94 -92 -93 -94 -95 -93 -92 -92 -93 -94 -93 -95 -93 -93 -94 -94 -92 -94 -92 -93 -95 -92 -92 -93 -94 -92 -94 -93 -93 -94 -92 -93 -93 -92 -93 -94 -93 -92 -93 -93 -93 -93 -93 -93 -92 -91 -93 -92 -92 -92 -93 -92 -92 -94 -93 -93 -95 -93 -92 -93 -92 -92 -93 -93 -91 -93 -92 -91 -92 -92 -93 -94 -93 -93 -92 -92 -92 -91 -93 -91 -93 -93 -92 -93 -93 -94 -92 -93 
-125 -127 -129 -127 -126 -126 -125 -125 -126 -126 -128 -126 -127 -126 -127 -125 -126 -127 -127 -128 -127 -127 -126 -127 -126 -128 -127 -126 -129 -127 -128 -125 -126 -128 -129 -127 -127 -127 -126 -126 -128 -127 -126 -125 -126 -127 -126 -126 -126 -126 -124 -127 -127 -126 -127 -124 -127 -126 -126 -127 -125 -127 -126 -126 -125 -127 -127 -126 -126 -126 -127 -125 -128 -127 -125 -126 -126 -127 -128 -128 -129 -130 -129 -128 -129 -128 -126 -123 -122 -121 -120 -120 -117 -116 -115 -116 -114 -113 -111 -108 
-109 -106 -103 -103 -101 -99 -98 -97 -95 -95 -93 -93 -91 -91 -89 -88 -88 -86 -85 -87 -86 -88 -85 -87 -85 -87 -86 -86 -87 -87 -87 -89 -89 -91 -89 -89 -88 -89 -90 -90 -89 -90 -89 -89 -90 -91 -90 -90 -92 -88 -91 -91 -91 -91 -91 -93 -93 -92 -93 -95 -94 -94 -95 -97 -95 -96 -96 -99 -96 -98 -97 -98 -100 -100 -98 -99 -98 -98 -97 -97 -98 -98 -96 -97 -98 -97 -96 -95 -96 -99 -98 -95 -96 -94 -95 -96 -95 -94 -95 -94 
-93 -93 -93 -93 -93 -93 -94 -89 -91 -92 -91 -90 -93 -93 -89 -90 -93 -91 -92 -91 -90 -91 -90 -91 -90 -90 -89 -88 -89 -90 -91 -90 -90 -88 -89 -89 -91 -89 -89 -88 -89 -87 -88 -89 -87 -88 -89 -89 -89 -88 -88 -87 -89 -88 -88 -87 -91 -90 -89 -90 -91 -90 -90 -90 -89 -89 -90 -92 -92 -91 -92 -91 -90 -91 -93 -90 -94 -89 -91 -92 -92 -94 -91 -92 -93 -92 -91 -93 -94 -91 -91 -92 -92 -89 -91 -90 -91 -90 -92 -91 
-92 -92 -91 -91 -91 -90 -92 -88 -90 -93 -88 -89 -90 -88 -90 -90 -89 -89 -90 -87 -91 -88 -89 -89 -88 -89 -89 -89 -88 -89 -88 -89 -90 -90 -90 -89 -88 -87 -90 -89 -88 -90 -91 -88 -88 -88 -90 -90 -90 -90 -88 -89 -88 -89 -89 -89 -90 -89 -90 -90 -91 -89 -91 -89 -90 -90 -91 -90 -90 -91 -90 -90 -92 -89 -89 -90 -90 -90 -91 -90 -90 -93 -91 -93 -91 -91 -90 -88 -90 -90 -91 -88 -91 -91 -92 -92 -91 -90 -92 -89 
-92 -89 -92 -91 -90 -91 -89 -90 -91 -89 -89 -91 -90 -88 -93 -87 -90 -92 -90 -90 -87 -91 -90 -91 -90 -90 -89 -90 -88 -92 -92 -89 -91 -91 -89 -92 -90 -88 -89 -91 -89 -90 -89 -90 -89 -90 -89 -90 -92 -89 -89 -90 -92 -89 -91 -91 -90 -88 -89 -90 -91 -91 -91 -92 -88 -91 -91 -89 -91 -91 -90 -91 -90 -90 -90 -90 -90 -92 -89 -88 -87 -91 -89 -91 -89 -92 -89 -90 -90 -90 -91 -88 -89 -89 -90 -92 -90 -89 -90 -90 
-89 -90 -89 -91 -89 -90 -89 -91 -89 -88 -88 -90 -91 -91 -88 -90 -89 -90 -89 -89 -91 -91 -89 -89 -88 -88 -90 -90 -88 -89 -90 -90 -88 -89 -89 -88 -90 -88 -90 -90 -90 -90 -89 -89 -90 -92 -90 -90 -89 -90 -89 -89 -89 -90 -90 -91 -89 -90 -90 -91 -89 -91 -90 -89 -89 -91 -90 -91 -88 -90 -89 -90 -89 -90 -88 -91 -91 -90 -89 -87 -91 -89 -92 -88 -89 -90 -91 -90 -89 -89 -90 -89 -91 -92 -90 -88 -91 -91 -88 -90 
-90 -89 -91 -91 -91 -90 -90 -89 -88 -90 -90 -90 -90 -89 -91 -92 -90 -90 -89 -90 -89 -90 -88 -90 -90 -90 -91 -90 -88 -91 -88 -89 -92 -91 -90 -90 -89 -89 -89 -92 -90 -89 -89 -89 -90 -90 -89 -90 -91 -88 -88 -89 -92 -91 -90 -92 -90 -88 -89 -89 -89 -89 -90 -89 -92 -89 -89 -90 -87 -91 -90 -91 -91 -91 -91 -90 -91 -92 -89 -90 -89 -91 -90 -89 -87 -91 -90 -90 -91 -89 -90 -91 -91 -89 -89 -89 -91 -91 -90 -90 
-90 -89 -89 -90 -89 -90 -90 -89 -89 -92 -90 -90 -89 -89 -92 -88 -91 -89 -90 -91 -89 -89 -90 -90 -89 -89 -89 -89 -89 -91 -89 -88 -93 -90 -90 -89 -91 -90 -89 -89 -91 -91 -88 -90 -89 -93 -92 -90 -88 -89 -89 -90 -91 -90 -89 -91 -91 -91 -89 -89 -90 -91 -91 -91 -87 -89 -91 -91 -90 -88 -88 -90 -89 -90 -89 -88 -89 -88 -92 -89 -90 -89 -90 -91 -91 -89 -88 -91 -90 -89 -89 -91 -89 -90 -89 -90 -92 -91 -91 -89 
-90 -89 -89 -89 -88 -88 -89 -90 -90 -90 -90 -89 -90 -90 -89 -89 -90 -90 -91 -90 -91 -90 -89 -89 -91 -90 -88 -90 -91 -91 -91 -90 -90 -89 -89 -90 -91 -90 -89 -90 -91 -90 -89 -89 -89 -90 -88 -90 -90 -92 -92 -91 -90 -88 -90 -90 -90 -91 -90 -90 -88 -93 -90 -88 -87 -90 -89 -91 -90 -88 -90 -90 -89 -91 -87 -89 -90 -91 -89 -90 -89 -88 -89 -90 -89 -91 -90 -89 -91 -90 -89 -89 -91 -88 -90 -89 -89 -90 -91 -90 
-91 -90 -90 -91 -89 -89 -92 -90 -89 -91 -89 -91 -89 -88 -87 -89 -89 -92 -90 -90 -90 -90 -90 -88 -90 -90 -91 -91 -90 -91 -90 -91 -89 -90 -90 -91 -90 -87 -88 -90 -89 -88 -88 -89 -89 -92 -88 -91 -91 -93 -89 -89 -88 -90 -89 -90 -89 -92 -89 -90 -91 -90 -90 -89 -91 -87 -89 -88 -92 -90 -90 -90 -91 -90 -89 -89 -90 -90 -89 -90 -88 -89 -90 -90 -90 -89 -91 -90 -91 -90 -89 -89 -88 -89 -88 -89 -90 -88 -91 -122 
-122 -124 -123 -123 -122 -122 -124 -122 -125 -122 -123 -124 -124 -122 -123 -123 -121 -123 -124 -122 -123 -120 -123 -122 -121 -122 -124 -122 -122 -122 -123 -123 -123 -123 -122 -122 -123 -124 -123 -122 -122 -122 -121 -124 -123 -122 -123 -123 -123 -122 -122 -125 -123 -121 -124 -122 -122 -124 -123 -124 -123 -123 -123 -125 -121 -123 -123 -124 -123 -121 -123 -122 -123 -124 -123 -122 -124 -123 -125 -124 -124 -124 -121 -123 -121 -123 -123 -123 -125 -125 -124 -124 -126 -126 -127 -128 -127 -127 -127 -126 
-125 -121 -122 -118 -115 -113 -114 -112 -111 -110 -108 -109 -106 -104 -102 -101 -100 -97 -97 -95 -94 -93 -92 -89 -90 -89 -86 -88 -86 -86 -85 -84 -85 -84 -85 -84 -88 -88 -88 -90 -89 -93 -93 -93 -94 -92 -93 -93 -92 -92 -91 -91 -90 -90 -90 -90 -89 -89 -90 -90 -88 -90 -89 -89 -91 -90 -91 -92 -94 -93 -94 -91 -92 -93 -90 -93 -91 -93 -92 -92 -90 -93 -90 -92 -92 -92 -93 -92 -90 -90 -92 -92 -93 -92 -92 -91 -91 -91 -90 -91 
-90 -90 -91 -88 -89 -89 -89 -90 -90 -89 -90 -90 -89 -91 -89 -86 -87 -87 -88 -89 -89 -88 -87 -89 -86 -88 -89 -90 -89 -89 -88 -88 -88 -88 -88 -88 -88 -89 -90 -88 -88 -90 -89 -88 -91 -88 -90 -90 -90 -88 -90 -89 -91 -90 -89 -88 -89 -88 -89 -89 -88 -87 -88 -85 -88 -88 -90 -88 -86 -86 -84 -88 -88 -88 -88 -88 -89 -87 -87 -88 -88 -88 -88 -89 -88 -89 -88 -88 -88 -87 -88 -87 -88 -88 -89 -90 -88 -87 -88 -88 
-88 -89 -91 -91 -89 -88 -88 -89 -91 -88 -89 -89 -88 -86 -89 -88 -87 -88 -89 -89 -87 -86 -88 -88 -87 -88 -88 -87 -86 -86 -86 -85 -87 -88 -88 -87 -87 -89 -86 -86 -87 -88 -85 -89 -89 -90 -88 -87 -90 -89 -90 -88 -88 -89 -89 -87 -90 -90 -88 -88 -89 -89 -88 -89 -88 -89 -89 -86 -88 -88 -88 -87 -88 -88 -87 -88 -87 -87 -88 -88 -87 -87 -86 -87 -86 -87 -87 -87 -85 -86 -87 -87 -85 -87 -86 -87 -87 -86 -86 -86 
-87 -87 -86 -85 -86 -87 -85 -86 -85 -86 -87 -87 -85 -85 -86 -86 -86 -85 -88 -87 -87 -88 -86 -87 -88 -88 -86 -86 -88 -88 -85 -88 -89 -86 -87 -86 -87 -88 -88 -87 -86 -85 -87 -85 -87 -86 -88 -86 -88 -84 -87 -88 -84 -86 -86 -86 -86 -86 -88 -87 -89 -85 -88 -85 -88 -86 -86 -85 -88 -87 -87 -86 -88 -85 -88 -88 -88 -85 -85 -87 -86 -86 -85 -88 -86 -85 -87 -83 -87 -87 -87 -86 -86 -85 -86 -86 -85 -86 -87 -88 
-87 -87 -88 -87 -88 -87 -86 -86 -87 -86 -86 -86 -87 -86 -86 -88 -85 -86 -86 -87 -87 -88 -87 -86 -87 -88 -86 -87 -88 -87 -85 -88 -87 -86 -86 -86 -85 -87 -86 -87 -87 -86 -87 -88 -85 -86 -87 -86 -86 -86 -85 -86 -87 -86 -86 -87 -87 -88 -87 -86 -85 -87 -87 -87 -87 -88 -87 -86 -86 -86 -89 -88 -87 -88 -85 -86 -90 -86 -87 -88 -86 -86 -88 -85 -87 -88 -86 -87 -87 -87 -87 -85 -85 -87 -88 -86 -86 -87 -89 -88 
-85 -87 -84 -86 -86 -87 -87 -86 -86 -85 -87 -86 -85 -87 -87 -86 -87 -86 -87 -86 -86 -86 -85 -88 -86 -87 -87 -87 -89 -87 -87 -88 -86 -86 -87 -87 -86 -88 -85 -88 -86 -87 -87 -86 -87 -86 -88 -86 -87 -86 -87 -85 -86 -88 -87 -87 -88 -86 -87 -86 -86 -87 -87 -87 -86 -86 -87 -87 -86 -86 -86 -87 -88 -87 -86 -86 -86 -86 -87 -86 -87 -86 -87 -86 -87 -86 -88 -87 -87 -86 -88 -86 -88 -90 -85 -86 -87 -87 -85 -87 
-85 -85 -89 -88 -86 -85 -86 -85 -87 -87 -86 -86 -87 -87 -86 -86 -87 -87 -86 -86 -86 -87 -86 -88 -89 -87 -86 -89 -86 -86 -87 -87 -87 -86 -88 -86 -86 -87 -86 -88 -86 -86 -86 -88 -87 -86 -86 -86 -87 -86 -87 -88 -87 -85 -89 -88 -87 -86 -87 -88 -87 -85 -85 -87 -87 -85 -87 -87 -88 -87 -88 -88 -85 -85 -87 -87 -86 -88 -88 -88 -86 -87 -87 -87 -87 -87 -84 -89 -87 -87 -87 -86 -86 -86 -85 -85 -86 -86 -87 -87 
-86 -88 -86 -86 -86 -85 -87 -87 -88 -87 -86 -86 -86 -86 -86 -85 -89 -86 -86 -86 -86 -87 -86 -88 -89 -86 -87 -86 -87 -86 -85 -87 -87 -87 -86 -86 -85 -88 -86 -86 -87 -87 -87 -86 -87 -87 -87 -85 -89 -86 -86 -88 -87 -87 -86 -87 -88 -88 -88 -89 -86 -86 -87 -88 -87 -88 -88 -87 -86 -86 -88 -88 -87 -86 -87 -88 -87 -87 -88 -86 -86 -86 -88 -88 -85 -87 -88 -88 -84 -87 -86 -86 -90 -86 -87 -86 -85 -87 -89 -85 
-86 -85 -85 -88 -85 -88 -86 -85 -87 -88 -89 -86 -86 -85 -87 -87 -86 -88 -87 -88 -86 -87 -87 -88 -86 -86 -89 -87 -87 -87 -88 -87 -88 -85 -86 -85 -89 -87 -86 -87 -87 -87 -89 -87 -84 -85 -86 -87 -89 -86 -84 -87 -88 -85 -87 -87 -85 -87 -87 -87 -87 -84 -86 -88 -87 -87 -86 -88 -86 -89 -87 -86 -87 -87 -87 -88 -88 -86 -85 -87 -86 -86 -88 -87 -87 -87 -85 -87 -88 -87 -86 -87 -87 -86 -87 -87 -87 -87 -125 -125 
-123 -124 -125 -125 -122 -126 -124 -126 -124 -126 -123 -125 -126 -124 -125 -125 -127 -125 -125 -126 -127 -125 -125 -126 -124 -125 -125 -126 -124 -125 -126 -125 -126 -126 -125 -125 -125 -125 -125 -124 -125 -125 -128 -125 -124 -124 -125 -125 -124 -124 -125 -126 -124 -126 -127 -125 -125 -126 -123 -125 -126 -124 -125 -126 -123 -125 -125 -125 -124 -124 -126 -126 -125 -126 -127 -127 -127 -129 -128 -127 -127 -126 -125 -123 -121 -121 -121 -120 -118 -118 -118 -117 -116 -116 -115 -114 -113 -111 -110 -109 
-107 -103 -105 -102 -102 -99 -98 -99 -94 -94 -95 -91 -91 -88 -90 -89 -86 -87 -88 -87 -88 -88 -87 -88 -88 -88 -89 -92 -89 -90 -91 -90 -92 -92 -90 -91 -92 -92 -91 -91 -92 -92 -92 -92 -91 -93 -92 -91 -89 -92 -93 -93 -91 -92 -92 -93 -94 -94 -93 -94 -94 -94 -94 -93 -92 -91 -93 -93 -92 -91 -92 -91 -91 -92 -92 -92 -92 -90 -90 -90 -91 -91 -89 -88 -90 -89 -88 -89 -90 -91 -89 -90 -92 -91 -90 -88 -88 -90 -90 -91 
-88 -88 -90 -90 -90 -90 -90 -92 -90 -90 -88 -90 -89 -90 -90 -90 -88 -89 -88 -89 -87 -87 -87 -88 -87 -90 -87 -87 -91 -89 -87 -89 -88 -89 -87 -86 -87 -88 -88 -87 -88 -89 -87 -87 -87 -88 -86 -89 -88 -88 -87 -85 -88 -86 -87 -87 -86 -86 -85 -87 -89 -87 -86 -86 -87 -87 -86 -87 -87 -87 -89 -88 -88 -88 -87 -87 -85 -86 -87 -87 -88 -88 -88 -88 -87 -89 -87 -87 -87 -87 -87 -85 -88 -87 -86 -89 -87 -88 -87 -89 
-86 -85 -86 -88 -87 -86 -87 -87 -88 -86 -84 -87 -87 -85 -86 -86 -86 -86 -88 -86 -87 -85 -86 -88 -86 -89 -89 -88 -86 -89 -86 -87 -87 -88 -89 -86 -89 -87 -88 -88 -89 -89 -87 -87 -87 -87 -87 -87 -88 -88 -87 -88 -87 -88 -86 -87 -88 -86 -86 -87 -86 -85 -85 -87 -87 -85 -88 -85 -87 -87 -85 -86 -85 -85 -87 -85 -86 -84 -84 -86 -88 -85 -86 -85 -87 -85 -87 -86 -84 -86 -86 -84 -85 -87 -86 -88 -85 -88 -86 -86 
-85 -85 -88 -86 -86 -86 -88 -85 -86 -88 -88 -86 -87 -86 -86 -87 -85 -85 -85 -86 -85 -86 -88 -87 -86 -86 -89 -86 -86 -89 -87 -86 -87 -86 -86 -85 -85 -87 -85 -87 -86 -89 -87 -86 -84 -87 -85 -87 -85 -85 -87 -86 -87 -87 -86 -85 -87 -85 -86 -88 -86 -86 -85 -86 -87 -86 -85 -86 -86 -87 -85 -89 -86 -85 -86 -87 -87 -86 -85 -85 -87 -87 -85 -84 -86 -85 -87 -85 -86 -86 -86 -86 -84 -86 -86 -87 -86 -86 -87 -87 
-86 -87 -86 -87 -87 -87 -85 -85 -87 -86 -87 -86 -87 -87 -87 -85 -86 -87 -86 -87 -87 -84 -87 -87 -88 -87 -88 -84 -86 -87 -86 -87 -85 -86 -88 -84 -85 -85 -86 -86 -85 -86 -87 -87 -86 -86 -84 -89 -86 -88 -85 -86 -84 -88 -85 -86 -85 -84 -86 -84 -85 -87 -85 -85 -86 -86 -88 -87 -87 -87 -87 -86 -85 -86 -87 -88 -86 -85 -88 -84 -88 -88 -85 -86 -86 -87 -88 -87 -87 -87 -86 -84 -86 -85 -87 -85 -88 -88 -88 -87 
-85 -87 -86 -87 -87 -88 -87 -84 -85 -86 -87 -87 -86 -85 -87 -85 -86 -87 -87 -85 -86 -84 -87 -86 -86 -87 -85 -87 -86 -85 -84 -85 -86 -85 -84 -85 -86 -90 -85 -86 -87 -85 -87 -86 -85 -87 -85 -87 -87 -85 -86 -85 -85 -85 -86 -87 -85 -86 -86 -89 -88 -85 -87 -88 -85 -83 -86 -84 -87 -87 -86 -86 -86 -86 -88 -86 -88 -85 -86 -87 -86 -86 -87 -86 -87 -87 -85 -88 -85 -85 -87 -85 -86 -85 -86 -84 -85 -85 -86 -86 
-87 -84 -85 -87 -88 -85 -87 -85 -85 -86 -86 -89 -88 -86 -84 -87 -87 -86 -87 -86 -85 -86 -85 -86 -85 -86 -86 -87 -86 -84 -86 -84 -87 -87 -85 -84 -85 -86 -86 -86 -86 -86 -84 -86 -87 -85 -87 -87 -88 -87 -87 -88 -88 -85 -84 -86 -86 -86 -86 -86 -86 -86 -87 -87 -87 -86 -87 -87 -89 -88 -87 -86 -86 -87 -86 -86 -85 -86 -88 -87 -84 -85 -85 -86 -86 -87 -87 -85 -84 -87 -84 -83 -86 -86 -86 -86 -85 -87 -86 -86 
-86 -85 -87 -85 -86 -87 -85 -87 -87 -85 -87 -85 -86 -86 -86 -86 -86 -86 -86 -84 -86 -87 -87 -86 -87 -86 -85 -85 -85 -86 -85 -88 -86 -86 -88 -86 -86 -87 -87 -88 -85 -87 -85 -85 -86 -86 -86 -87 -86 -85 -88 -87 -86 -86 -85 -88 -84 -83 -87 -87 -85 -86 -87 -88 -87 -84 -85 -86 -87 -86 -86 -86 -86 -86 -87 -86 -87 -88 -86 -87 -85 -87 -87 -84 -87 -86 -86 -86 -86 -85 -85 -85 -86 -87 -86 -88 -85 -87 -86 -88 
-84 -86 -86 -86 -85 -86 -86 -83 -86 -86 -88 -84 -86 -87 -88 -84 -87 -87 -85 -86 -86 -86 -86 -85 -85 -86 -86 -87 -87 -86 -85 -85 -86 -87 -86 -85 -85 -85 -86 -87 -86 -87 -85 -85 -86 -86 -88 -86 -84 -88 -86 -86 -85 -86 -85 -86 -87 -85 -85 -85 -87 -86 -86 -86 -86 -86 -86 -85 -87 -89 -86 -85 -88 -85 -87 -85 -86 -87 -87 -86 -85 -86 -88 -86 -85 -84 -84 -85 -85 -87 -85 -87 -86 -87 -86 -86 -85 -117 -117 -120 
-118 -120 -117 -120 -119 -119 -120 -119 -119 -119 -120 -120 -119 -119 -119 -118 -118 -119 -117 -117 -118 -120 -117 -118 -119 -117 -117 -117 -116 -118 -119 -117 -116 -115 -118 -118 -116 -118 -119 -118 -117 -117 -116 -117 -116 -118 -118 -119 -119 -118 -116 -117 -119 -117 -118 -118 -118 -118 -118 -118 -118 -118 -119 -117 -118 -118 -115 -118 -119 -119 -119 -118 -120 -121 -121 -123 -121 -123 -122 -122 -121 -119 -119 -117 -116 -116 -116 -114 -113 -112 -111 -109 -112 -107 -106 -105 -105 -105 -102 -98 
-98 -97 -96 -96 -92 -93 -91 -88 -87 -86 -87 -85 -86 -84 -81 -82 -81 -84 -84 -84 -83 -85 -85 -85 -87 -89 -89 -91 -91 -91 -91 -92 -92 -92 -91 -90 -89 -92 -91 -89 -90 -91 -90 -90 -90 -89 -89 -90 -90 -91 -90 -91 -91 -91 -91 -89 -89 -90 -90 -90 -89 -91 -90 -92 -91 -91 -91 -90 -91 -89 -92 -92 -88 -90 -90 -91 -90 -90 -89 -88 -88 -89 -89 -88 -88 -85 -87 -87 -87 -87 -88 -87 -86 -86 -85 -84 -85 -85 -84 -83 
-87 -85 -83 -85 -86 -84 -83 -82 -84 -83 -81 -83 -84 -82 -82 -82 -85 -83 -83 -83 -82 -83 -85 -83 -85 -84 -83 -84 -86 -87 -86 -85 -85 -85 -85 -87 -86 -84 -85 -89 -86 -86 -87 -87 -85 -87 -86 -86 -86 -85 -85 -87 -85 -86 -86 -85 -88 -86 -85 -86 -84 -85 -85 -88 -86 -86 -86 -86 -86 -86 -84 -86 -87 -84 -85 -88 -83 -84 -84 -86 -85 -85 -83 -85 -85 -85 -84 -85 -85 -84 -83 -85 -85 -83 -83 -83 -87 -85 -83 -82 
-83 -86 -85 -84 -84 -86 -85 -84 -84 -85 -83 -85 -83 -85 -84 -83 -84 -85 -83 -83 -85 -84 -85 -85 -84 -84 -84 -84 -85 -84 -84 -84 -84 -86 -83 -85 -84 -86 -85 -85 -85 -84 -85 -85 -84 -83 -86 -84 -86 -85 -84 -86 -85 -85 -86 -83 -85 -86 -85 -86 -84 -83 -83 -85 -86 -85 -81 -83 -84 -84 -84 -84 -85 -85 -85 -85 -84 -83 -84 -86 -85 -83 -84 -82 -84 -81 -84 -85 -84 -84 -84 -84 -83 -83 -84 -82 -83 -83 -83 -85 
-82 -83 -82 -84 -85 -83 -84 -84 -85 -82 -84 -84 -84 -85 -83 -86 -82 -85 -86 -84 -85 -84 -85 -83 -84 -85 -85 -85 -84 -84 -84 -83 -84 -86 -84 -85 -83 -86 -85 -84 -84 -85 -84 -82 -83 -88 -84 -84 -86 -84 -83 -82 -87 -83 -86 -86 -83 -83 -82 -84 -85 -84 -85 -83 -83 -84 -85 -83 -83 -83 -82 -84 -83 -84 -84 -82 -85 -83 -84 -83 -84 -85 -84 -85 -83 -84 -85 -82 -82 -83 -84 -85 -83 -84 -84 -84 -83 -83 -84 -82 
-84 -82 -83 -86 -85 -83 -84 -85 -83 -85 -84 -84 -84 -85 -82 -85 -86 -85 -83 -84 -83 -84 -83 -83 -84 -84 -83 -83 -86 -84 -84 -84 -85 -85 -84 -83 -84 -84 -84 -85 -82 -84 -83 -85 -84 -84 -83 -85 -84 -84 -84 -85 -82 -84 -84 -85 -86 -86 -85 -82 -84 -83 -83 -83 -85 -86 -83 -84 -83 -83 -86 -82 -84 -84 -82 -85 -84 -83 -83 -84 -85 -84 -83 -82 -84 -85 -84 -84 -86 -84 -85 -83 -83 -82 -85 -84 -84 -84 -85 -84 
-85 -83 -86 -83 -84 -84 -84 -83 -82 -83 -83 -83 -85 -82 -82 -84 -84 -82 -84 -87 -83 -84 -83 -84 -84 -84 -82 -85 -83 -84 -85 -84 -84 -83 -83 -84 -84 -84 -83 -83 -84 -84 -85 -85 -82 -84 -84 -85 -85 -83 -85 -86 -84 -83 -86 -83 -83 -84 -85 -83 -83 -84 -84 -83 -85 -83 -85 -83 -83 -85 -83 -84 -84 -85 -83 -84 -84 -84 -84 -84 -83 -84 -85 -83 -85 -83 -83 -83 -84 -84 -83 -83 -85 -83 -84 -82 -84 -84 -84 -84 
-84 -84 -83 -82 -84 -84 -85 -84 -85 -85 -83 -83 -85 -86 -84 -83 -84 -84 -84 -83 -85 -86 -83 -84 -83 -83 -83 -85 -82 -83 -85 -85 -85 -85 -85 -84 -83 -84 -84 -86 -82 -85 -85 -85 -83 -84 -84 -83 -83 -86 -84 -84 -83 -84 -84 -84 -85 -83 -85 -82 -84 -83 -81 -82 -82 -85 -83 -84 -83 -84 -85 -86 -84 -85 -84 -84 -81 -84 -85 -83 -84 -84 -84 -83 -82 -83 -83 -83 -83 -83 -84 -84 -83 -86 -83 -85 -84 -84 -84 -84 
-84 -83 -84 -83 -83 -84 -86 -85 -83 -83 -84 -84 -85 -83 -84 -82 -84 -83 -86 -83 -83 -84 -83 -86 -83 -85 -85 -82 -83 -85 -84 -84 -83 -84 -85 -83 -85 -83 -84 -84 -82 -83 -86 -83 -85 -85 -84 -84 -84 -83 -83 -84 -83 -82 -81 -85 -83 -85 -85 -82 -83 -84 -84 -83 -83 -85 -84 -82 -84 -84 -86 -84 -83 -83 -84 -84 -85 -84 -85 -83 -85 -81 -84 -83 -85 -84 -83 -84 -82 -85 -84 -85 -83 -83 -82 -84 -84 -83 -83 -84 
-84 -84 -85 -82 -84 -84 -84 -85 -85 -84 -82 -84 -83 -84 -85 -85 -82 -83 -84 -85 -82 -84 -83 -84 -83 -83 -84 -84 -84 -84 -84 -85 -84 -85 -84 -82 -86 -84 -83 -85 -84 -84 -82 -83 -84 -83 -82 -83 -84 -83 -83 -83 -85 -84 -85 -84 -86 -83 -84 -84 -85 -86 -84 -83 -84 -85 -84 -85 -84 -84 -84 -84 -86 -83 -85 -84 -83 -82 -84 -83 -84 -85 -83 -86 -84 -84 -84 -84 -84 -82 -82 -86 -85 -83 -83 -85 -120 -120 -120 -122 
-121 -122 -120 -122 -121 -120 -122 -122 -121 -119 -118 -119 -119 -120 -121 -123 -120 -121 -121 -120 -120 -121 -120 -121 -120 -120 -122 -121 -120 -121 -120 -120 -120 -121 -121 -120 -121 -122 -120 -122 -121 -121 -121 -123 -123 -120 -122 -120 -120 -120 -121 -121 -119 -123 -120 -119 -120 -120 -122 -119 -121 -120 -119 -119 -121 -121 -119 -121 -121 -120 -121 -123 -124 -124 -124 -126 -124 -122 -124 -121 -119 -118 -117 -117 -117 -116 -116 -114 -114 -114 -113 -110 -113 -110 -108 -107 -106 -104 -103 -104 
-100 -100 -99 -98 -95 -94 -93 -91 -90 -90 -87 -87 -87 -86 -85 -84 -85 -84 -82 -83 -82 -83 -84 -84 -85 -86 -86 -88 -87 -89 -90 -90 -91 -91 -90 -92 -92 -91 -91 -90 -91 -91 -90 -90 -90 -89 -89 -90 -89 -89 -89 -89 -91 -90 -88 -89 -88 -87 -87 -88 -87 -91 -88 -88 -89 -87 -87 -89 -88 -87 -88 -87 -90 -87 -88 -91 -91 -89 -89 -89 -89 -87 -87 -86 -86 -86 -87 -85 -87 -88 -86 -86 -86 -84 -86 -84 -86 -83 -85 -83 
-85 -84 -85 -80 -82 -85 -84 -82 -81 -81 -80 -83 -84 -81 -82 -83 -82 -84 -81 -82 -82 -83 -83 -86 -84 -84 -85 -84 -85 -85 -84 -85 -86 -86 -86 -84 -86 -87 -86 -86 -86 -85 -88 -86 -85 -86 -87 -84 -88 -86 -86 -85 -85 -86 -87 -87 -88 -84 -85 -87 -86 -85 -85 -86 -86 -87 -87 -84 -85 -86 -83 -85 -86 -85 -85 -87 -84 -84 -84 -84 -84 -84 -85 -84 -83 -85 -85 -84 -84 -84 -83 -84 -84 -84 -82 -84 -85 -83 -83 -83 
-83 -84 -83 -84 -84 -83 -84 -85 -85 -85 -85 -86 -82 -86 -85 -86 -84 -84 -87 -84 -87 -85 -84 -84 -85 -87 -86 -86 -88 -87 -85 -87 -87 -84 -86 -87 -87 -85 -89 -87 -86 -86 -86 -86 -87 -85 -85 -87 -84 -84 -85 -84 -84 -85 -84 -85 -86 -84 -84 -84 -85 -83 -85 -84 -84 -84 -82 -83 -85 -81 -83 -83 -82 -83 -84 -84 -82 -84 -83 -82 -84 -84 -85 -84 -84 -82 -84 -86 -85 -84 -83 -86 -84 -88 -85 -85 -87 -84 -86 -86 
-86 -86 -86 -87 -87 -87 -88 -86 -87 -87 -88 -89 -88 -88 -88 -87 -90 -88 -88 -89 -88 -86 -88 -88 -86 -88 -87 -89 -89 -87 -88 -86 -87 -87 -89 -87 -87 -88 -85 -86 -86 -85 -85 -84 -85 -85 -87 -85 -85 -83 -85 -83 -85 -84 -84 -85 -84 -84 -83 -84 -84 -84 -85 -83 -84 -83 -83 -84 -83 -84 -83 -84 -86 -86 -86 -85 -84 -85 -86 -86 -87 -87 -85 -84 -85 -86 -86 -87 -88 -87 -88 -86 -87 -87 -87 -88 -86 -88 -86 -85 
-85 -87 -87 -87 -86 -87 -86 -85 -87 -87 -87 -86 -86 -87 -88 -85 -86 -86 -86 -88 -85 -86 -86 -88 -86 -86 -87 -86 -85 -87 -86 -86 -86 -86 -86 -87 -86 -84 -86 -85 -86 -86 -87 -85 -84 -86 -86 -86 -86 -86 -85 -86 -86 -86 -84 -85 -85 -85 -86 -85 -86 -87 -85 -87 -86 -84 -87 -85 -86 -85 -84 -87 -86 -85 -86 -87 -87 -87 -85 -87 -86 -85 -87 -89 -87 -86 -87 -85 -87 -85 -88 -87 -87 -85 -85 -86 -87 -88 -87 -87 
-88 -86 -87 -86 -85 -85 -88 -86 -86 -86 -87 -88 -88 -87 -86 -86 -85 -87 -84 -85 -87 -88 -86 -86 -85 -86 -83 -85 -86 -87 -86 -87 -85 -86 -86 -85 -84 -86 -87 -85 -86 -85 -86 -87 -85 -86 -84 -85 -86 -86 -86 -87 -86 -84 -85 -83 -87 -86 -86 -86 -86 -87 -85 -87 -86 -88 -85 -85 -84 -86 -85 -85 -87 -87 -86 -85 -86 -86 -85 -85 -86 -85 -84 -85 -84 -85 -87 -83 -86 -86 -86 -87 -88 -85 -86 -85 -83 -86 -83 -86 
-85 -85 -87 -87 -84 -86 -85 -86 -86 -84 -88 -86 -85 -85 -87 -85 -87 -86 -86 -86 -86 -87 -86 -85 -84 -86 -85 -86 -85 -85 -86 -86 -86 -84 -86 -85 -87 -86 -85 -86 -87 -85 -85 -88 -87 -88 -87 -85 -85 -87 -86 -86 -85 -85 -88 -87 -86 -86 -88 -87 -86 -87 -86 -86 -86 -86 -85 -87 -87 -85 -87 -84 -86 -87 -87 -86 -84 -86 -86 -86 -86 -86 -84 -86 -86 -86 -85 -89 -86 -86 -85 -87 -86 -85 -85 -86 -86 -85 -86 -87 
-84 -86 -87 -86 -85 -86 -85 -84 -86 -85 -86 -87 -86 -83 -87 -86 -87 -87 -86 -84 -85 -86 -86 -86 -86 -85 -85 -86 -88 -85 -87 -85 -85 -87 -84 -87 -85 -88 -86 -86 -86 -85 -84 -85 -89 -87 -88 -87 -85 -86 -87 -85 -87 -88 -86 -86 -84 -86 -85 -85 -88 -85 -84 -85 -86 -86 -85 -86 -86 -87 -88 -88 -86 -86 -86 -87 -86 -86 -87 -84 -85 -85 -86 -87 -87 -86 -88 -85 -86 -85 -84 -88 -86 -87 -86 -87 -87 -88 -86 -87 
-87 -85 -86 -86 -87 -86 -87 -85 -86 -87 -86 -86 -86 -88 -86 -86 -86 -86 -85 -84 -86 -85 -86 -86 -87 -85 -88 -86 -84 -86 -87 -85 -85 -87 -84 -85 -87 -86 -86 -85 -87 -87 -83 -84 -84 -85 -85 -86 -85 -85 -85 -86 -85 -86 -85 -87 -88 -85 -85 -87 -86 -85 -85 -86 -86 -86 -87 -86 -84 -88 -86 -84 -85 -84 -85 -84 -87 -85 -86 -85 -87 -86 -85 -89 -87 -85 -87 -85 -83 -85 -85 -84 -86 -86 -87 -122 -124 -123 -123 -123 
-124 -124 -122 -123 -124 -124 -124 -124 -123 -124 -124 -123 -124 -124 -123 -124 -123 -123 -122 -123 -125 -121 -123 -122 -122 -123 -124 -123 -123 -123 -125 -124 -123 -123 -123 -122 -123 -123 -124 -123 -121 -122 -123 -123 -123 -123 -126 -123 -124 -123 -123 -123 -123 -122 -123 -123 -121 -123 -124 -123 -122 -122 -122 -123 -123 -123 -124 -123 -127 -124 -127 -126 -126 -126 -126 -127 -124 -123 -119 -121 -119 -118 -118 -118 -115 -115 -117 -115 -114 -114 -114 -113 -109 -109 -107 -105 -104 -103 -102 -100 
-100 -99 -97 -97 -96 -95 -94 -93 -92 -89 -93 -90 -92 -91 -91 -93 -93 -93 -94 -93 -95 -93 -94 -96 -94 -95 -96 -94 -95 -95 -95 -95 -95 -94 -94 -96 -95 -95 -95 -94 -94 -92 -95 -94 -95 -93 -94 -94 -94 -93 -92 -93 -93 -94 -92 -94 -93 -95 -94 -93 -92 -93 -91 -92 -92 -91 -90 -89 -90 -91 -90 -90 -91 -93 -89 -90 -92 -90 -88 -92 -90 -90 -92 -90 -91 -90 -90 -92 -92 -91 -93 -94 -92 -93 -94 -93 -92 -93 -95 -93 
-94 -94 -95 -95 -96 -95 -96 -94 -95 -96 -93 -96 -94 -96 -95 -93 -95 -95 -95 -94 -94 -93 -94 -94 -96 -94 -94 -92 -92 -92 -92 -92 -90 -91 -90 -93 -91 -91 -91 -89 -90 -92 -90 -92 -92 -93 -92 -92 -92 -93 -91 -92 -92 -92 -91 -91 -92 -93 -92 -90 -91 -92 -94 -94 -94 -94 -94 -94 -94 -94 -94 -94 -93 -95 -93 -93 -91 -93 -94 -94 -92 -94 -93 -94 -92 -96 -94 -92 -92 -93 -94 -92 -91 -91 -93 -94 -89 -90 -92 -91 
-93 -92 -90 -93 -91 -91 -92 -91 -91 -94 -91 -90 -90 -90 -91 -91 -94 -92 -90 -91 -89 -92 -91 -91 -91 -91 -91 -91 -91 -89 -90 -89 -90 -88 -90 -92 -90 -89 -91 -91 -90 -89 -92 -92 -90 -90 -89 -91 -91 -91 -92 -91 -92 -91 -88 -90 -90 -91 -90 -90 -92 -89 -92 -90 -90 -91 -91 -92 -91 -89 -91 -88 -88 -91 -89 -90 -92 -90 -92 -89 -91 -90 -91 -90 -90 -88 -90 -90 -89 -89 -91 -89 -89 -90 -91 -91 -92 -91 -89 -89 
-90 -91 -91 -88 -90 -90 -91 -90 -90 -89 -90 -90 -92 -90 -90 -91 -91 -91 -91 -92 -91 -92 -89 -91 -92 -89 -88 -90 -91 -91 -89 -89 -90 -90 -90 -91 -88 -89 -89 -86 -90 -89 -89 -90 -90 -88 -92 -89 -88 -89 -89 -89 -89 -89 -90 -89 -90 -87 -90 -88 -87 -89 -89 -88 -88 -88 -88 -88 -87 -89 -89 -89 -89 -88 -89 -88 -89 -90 -88 -89 -88 -87 -87 -88 -88 -88 -88 -88 -87 -87 -87 -89 -88 -87 -87 -88 -88 -87 -85 -88 
-87 -89 -87 -88 -87 -89 -89 -87 -87 -87 -85 -87 -89 -88 -88 -87 -86 -86 -88 -87 -87 -87 -88 -88 -87 -87 -89 -87 -84 -88 -86 -85 -88 -88 -87 -87 -87 -88 -86 -85 -87 -87 -86 -87 -87 -88 -87 -85 -86 -87 -87 -87 -86 -87 -88 -86 -87 -84 -86 -88 -87 -87 -88 -87 -86 -85 -87 -88 -88 -86 -86 -87 -85 -87 -86 -86 -87 -87 -87 -86 -86 -87 -87 -86 -88 -86 -84 -83 -86 -87 -84 -86 -85 -86 -87 -86 -87 -86 -86 -87 
-86 -86 -85 -84 -85 -85 -85 -86 -85 -87 -86 -87 -86 -87 -86 -86 -84 -85 -87 -85 -85 -86 -86 -87 -85 -86 -86 -85 -86 -86 -86 -88 -87 -88 -87 -86 -86 -85 -86 -86 -86 -86 -86 -85 -85 -86 -85 -85 -86 -86 -88 -86 -85 -85 -86 -89 -85 -85 -88 -86 -85 -86 -83 -86 -87 -85 -86 -86 -85 -87 -85 -86 -86 -86 -88 -86 -87 -86 -85 -85 -85 -85 -87 -88 -87 -86 -85 -85 -87 -86 -88 -87 -85 -86 -84 -84 -85 -86 -86 -85 
-86 -86 -86 -85 -86 -85 -85 -85 -84 -87 -87 -87 -86 -85 -86 -85 -87 -85 -86 -87 -86 -88 -88 -88 -88 -87 -88 -85 -86 -84 -87 -86 -84 -84 -87 -85 -88 -85 -86 -87 -87 -85 -88 -87 -86 -85 -86 -85 -85 -85 -85 -85 -87 -86 -86 -85 -88 -86 -86 -85 -87 -85 -88 -86 -86 -85 -86 -86 -86 -85 -86 -87 -86 -84 -86 -86 -87 -87 -86 -84 -84 -87 -85 -86 -87 -86 -88 -85 -85 -86 -87 -86 -87 -86 -88 -86 -89 -87 -85 -86 
-86 -87 -86 -85 -86 -87 -86 -87 -86 -86 -88 -86 -88 -88 -85 -87 -87 -87 -87 -86 -86 -87 -88 -86 -87 -86 -85 -85 -86 -86 -86 -87 -85 -86 -87 -86 -87 -85 -87 -85 -86 -85 -85 -86 -82 -85 -86 -86 -87 -85 -85 -87 -85 -86 -87 -86 -85 -87 -85 -85 -87 -85 -85 -86 -87 -84 -87 -87 -86 -86 -86 -86 -85 -88 -88 -87 -85 -85 -86 -87 -84 -86 -85 -86 -88 -86 -85 -88 -87 -85 -85 -85 -86 -85 -86 -86 -84 -85 -87 -88 
-85 -87 -86 -87 -86 -85 -86 -86 -84 -83 -86 -86 -86 -85 -86 -86 -86 -84 -86 -85 -88 -85 -84 -87 -87 -85 -84 -87 -85 -86 -86 -86 -84 -86 -87 -84 -85 -87 -87 -85 -85 -85 -88 -85 -87 -87 -86 -86 -87 -89 -86 -88 -86 -86 -88 -86 -86 -86 -85 -86 -86 -87 -84 -86 -87 -86 -87 -83 -86 -86 -88 -85 -86 -84 -86 -86 -84 -88 -85 -86 -86 -85 -86 -85 -85 -87 -85 -85 -87 -87 -85 -87 -88 -86 -122 -122 -123 -124 -123 -123 
-123 -122 -118 -122 -121 -123 -124 -122 -123 -121 -123 -122 -121 -123 -123 -122 -122 -122 -122 -122 -123 -122 -125 -124 -122 -122 -121 -120 -124 -121 -123 -121 -121 -124 -125 -120 -122 -122 -122 -123 -122 -123 -123 -123 -124 -122 -123 -123 -122 -123 -121 -121 -123 -123 -123 -122 -122 -123 -123 -124 -122 -123 -124 -123 -122 -123 -123 -124 -120 -121 -122 -122 -121 -122 -123 -122 -124 -122 -123 -123 -122 -125 -126 -127 -126 -127 -125 -128 -125 -124 -123 -122 -122 -120 -118 -120 -120 -119 -119 -116 
-116 -117 -116 -114 -112 -111 -112 -109 -107 -107 -103 -104 -102 -99 -98 -96 -93 -91 -89 -92 -89 -89 -88 -86 -86 -86 -86 -86 -85 -83 -85 -84 -85 -86 -85 -87 -89 -88 -87 -89 -91 -88 -89 -90 -91 -90 -90 -92 -91 -91 -90 -90 -91 -90 -91 -90 -90 -89 -89 -89 -90 -89 -87 -89 -88 -86 -88 -87 -87 -89 -86 -85 -84 -85 -83 -84 -86 -85 -84 -85 -84 -83 -84 -83 -85 -83 -83 -84 -84 -85 -85 -86 -85 -84 -85 -84 -85 -85 -83 -86 
-84 -86 -86 -87 -85 -87 -88 -85 -86 -88 -86 -88 -88 -85 -87 -89 -88 -90 -89 -88 -89 -87 -88 -91 -89 -90 -89 -88 -89 -89 -89 -90 -88 -89 -89 -89 -87 -89 -88 -87 -86 -88 -89 -87 -87 -87 -87 -85 -86 -87 -85 -85 -87 -87 -85 -87 -84 -85 -86 -86 -85 -85 -84 -85 -85 -84 -86 -84 -83 -85 -83 -85 -84 -85 -84 -84 -86 -84 -85 -84 -84 -87 -85 -85 -84 -86 -85 -84 -85 -84 -87 -86 -87 -85 -86 -85 -84 -85 -86 -84 
-84 -85 -87 -85 -85 -86 -86 -85 -85 -87 -85 -86 -84 -84 -85 -85 -85 -86 -85 -86 -86 -85 -83 -85 -85 -87 -85 -86 -85 -85 -86 -85 -86 -87 -86 -85 -85 -87 -84 -85 -86 -86 -85 -85 -85 -85 -84 -85 -85 -85 -84 -87 -85 -85 -84 -87 -85 -86 -85 -86 -85 -84 -86 -85 -84 -85 -85 -86 -83 -85 -86 -87 -86 -87 -87 -87 -86 -88 -87 -86 -88 -87 -86 -87 -86 -85 -88 -87 -86 -86 -86 -86 -85 -87 -86 -85 -86 -87 -87 -86 
-87 -85 -87 -87 -88 -86 -86 -87 -85 -86 -87 -86 -86 -87 -87 -84 -84 -86 -86 -85 -85 -87 -86 -86 -86 -87 -87 -88 -86 -86 -86 -87 -87 -87 -87 -87 -88 -88 -88 -88 -86 -87 -88 -89 -87 -90 -87 -86 -89 -87 -86 -84 -85 -87 -87 -87 -86 -86 -87 -85 -87 -87 -86 -84 -87 -84 -86 -85 -85 -87 -85 -86 -85 -84 -85 -87 -85 -85 -85 -84 -87 -86 -84 -86 -85 -88 -83 -86 -85 -88 -84 -89 -85 -87 -86 -86 -86 -87 -84 -85 
-85 -85 -86 -86 -86 -84 -86 -86 -86 -86 -86 -85 -84 -87 -88 -85 -83 -83 -87 -83 -86 -86 -84 -85 -86 -87 -84 -85 -85 -84 -86 -87 -87 -86 -86 -85 -86 -86 -87 -86 -85 -86 -85 -85 -84 -83 -85 -85 -84 -85 -87 -85 -84 -84 -85 -86 -85 -86 -86 -84 -83 -83 -86 -86 -85 -85 -84 -86 -85 -86 -86 -85 -85 -84 -85 -85 -84 -85 -86 -84 -85 -86 -85 -86 -86 -84 -84 -86 -87 -83 -85 -83 -86 -86 -86 -86 -86 -83 -85 -87 
-87 -86 -85 -83 -85 -87 -84 -84 -86 -87 -84 -85 -83 -86 -86 -85 -84 -84 -86 -84 -86 -85 -86 -85 -85 -85 -86 -83 -84 -85 -87 -86 -86 -87 -86 -84 -86 -86 -85 -85 -85 -86 -85 -84 -86 -86 -85 -85 -86 -85 -86 -85 -84 -85 -87 -85 -84 -88 -85 -85 -83 -85 -84 -86 -82 -86 -85 -86 -85 -85 -85 -85 -86 -85 -86 -86 -84 -85 -85 -86 -86 -85 -85 -86 -85 -85 -87 -84 -84 -84 -87 -84 -84 -85 -85 -84 -87 -84 -85 -85 
-84 -87 -87 -86 -84 -87 -87 -87 -84 -83 -84 -84 -85 -84 -86 -84 -86 -85 -85 -84 -84 -85 -86 -86 -85 -86 -86 -86 -84 -84 -85 -86 -86 -84 -86 -85 -84 -85 -84 -86 -87 -84 -85 -86 -85 -84 -84 -86 -86 -86 -86 -86 -86 -85 -87 -85 -84 -84 -86 -87 -85 -87 -85 -86 -85 -85 -85 -86 -84 -85 -85 -87 -86 -85 -85 -86 -86 -86 -85 -85 -85 -87 -84 -86 -84 -87 -87 -86 -86 -86 -86 -87 -85 -84 -85 -86 -84 -87 -86 -88 
-85 -87 -85 -84 -86 -86 -85 -86 -85 -86 -84 -86 -85 -84 -86 -85 -84 -85 -85 -84 -84 -84 -84 -84 -84 -84 -85 -86 -86 -86 -85 -84 -84 -85 -86 -88 -85 -84 -87 -86 -85 -86 -86 -84 -85 -85 -85 -84 -86 -86 -84 -84 -86 -87 -83 -85 -84 -85 -84 -86 -84 -86 -84 -86 -85 -87 -87 -84 -85 -86 -87 -86 -85 -83 -85 -87 -86 -84 -87 -85 -86 -83 -84 -85 -86 -86 -87 -84 -87 -84 -83 -85 -85 -85 -85 -87 -86 -85 -85 -84 
-83 -85 -84 -84 -85 -84 -84 -86 -87 -86 -83 -85 -85 -84 -87 -84 -84 -85 -85 -84 -86 -84 -84 -86 -84 -86 -85 -86 -85 -84 -86 -86 -85 -84 -86 -85 -86 -85 -85 -86 -84 -84 -84 -86 -84 -84 -86 -85 -83 -85 -85 -83 -85 -85 -85 -86 -85 -86 -85 -85 -85 -85 -85 -86 -86 -85 -85 -83 -85 -86 -86 -85 -84 -84 -84 -86 -85 -84 -87 -85 -85 -85 -85 -84 -86 -85 -85 -86 -85 -86 -84 -87 -86 -124 -125 -122 -123 -125 -124 -123 
-124 -123 -121 -122 -124 -124 -124 -125 -124 -124 -123 -125 -125 -125 -123 -124 -125 -124 -126 -124 -122 -124 -126 -123 -125 -123 -123 -125 -123 -123 -123 -123 -125 -125 -124 -124 -122 -122 -124 -123 -122 -125 -125 -122 -124 -121 -125 -124 -124 -124 -125 -123 -124 -123 -123 -124 -124 -125 -125 -123 -123 -124 -126 -125 -124 -123 -123 -122 -123 -124 -122 -124 -125 -121 -124 -123 -122 -124 -122 -124 -123 -123 -122 -124 -122 -125 -127 -124 -126 -124 -125 -124 -123 -122 -120 -119 -119 -117 -117 -116 
-117 -114 -113 -112 -111 -112 -111 -108 -107 -106 -106 -105 -104 -102 -101 -100 -97 -96 -93 -93 -90 -89 -88 -85 -89 -84 -83 -83 -83 -85 -83 -82 -81 -82 -81 -81 -83 -85 -85 -86 -86 -88 -87 -88 -88 -88 -89 -88 -89 -89 -90 -87 -89 -91 -89 -90 -89 -89 -91 -90 -90 -89 -91 -90 -90 -91 -92 -94 -92 -94 -94 -95 -94 -92 -92 -93 -96 -95 -95 -95 -95 -93 -92 -93 -93 -92 -92 -91 -92 -92 -92 -91 -91 -90 -92 -91 -92 -91 -90 -90 
-89 -88 -89 -89 -89 -90 -89 -89 -89 -88 -88 -89 -88 -88 -87 -89 -87 -87 -87 -87 -87 -84 -88 -86 -88 -85 -87 -86 -84 -87 -85 -85 -87 -86 -84 -87 -86 -87 -87 -86 -87 -85 -86 -87 -87 -89 -86 -87 -88 -90 -88 -88 -87 -88 -87 -87 -86 -87 -87 -88 -86 -86 -87 -86 -86 -87 -87 -86 -88 -87 -87 -87 -87 -84 -86 -86 -87 -86 -85 -87 -86 -87 -87 -86 -86 -86 -88 -86 -86 -87 -86 -87 -85 -88 -86 -84 -86 -88 -87 -86 
-86 -88 -89 -88 -86 -89 -88 -88 -87 -86 -88 -87 -86 -85 -87 -86 -85 -86 -86 -86 -87 -88 -88 -86 -86 -87 -86 -86 -86 -87 -88 -88 -87 -89 -87 -85 -85 -87 -86 -87 -88 -86 -87 -86 -87 -87 -88 -86 -87 -88 -86 -87 -87 -88 -86 -87 -87 -87 -88 -87 -87 -87 -85 -85 -87 -85 -87 -86 -86 -86 -87 -86 -86 -85 -88 -87 -85 -87 -87 -86 -86 -87 -87 -86 -85 -84 -85 -85 -86 -87 -86 -87 -87 -86 -86 -86 -85 -85 -86 -86 
-86 -86 -85 -84 -85 -87 -87 -85 -86 -86 -86 -88 -88 -86 -87 -86 -86 -86 -87 -86 -89 -84 -85 -87 -88 -88 -86 -86 -86 -87 -86 -87 -88 -86 -87 -86 -85 -87 -85 -86 -85 -87 -86 -86 -87 -84 -86 -85 -87 -87 -85 -85 -84 -87 -87 -86 -85 -87 -85 -86 -85 -85 -84 -86 -84 -85 -85 -86 -86 -87 -85 -88 -87 -86 -86 -85 -87 -87 -85 -86 -87 -87 -88 -85 -86 -86 -86 -86 -84 -87 -85 -86 -85 -86 -86 -86 -86 -85 -86 -85 
-89 -86 -85 -86 -89 -88 -87 -86 -88 -85 -87 -86 -86 -85 -85 -86 -86 -86 -87 -84 -85 -85 -87 -86 -87 -86 -86 -85 -84 -86 -86 -87 -86 -85 -84 -85 -87 -88 -85 -86 -87 -86 -86 -87 -87 -87 -84 -86 -87 -87 -84 -86 -87 -87 -87 -88 -86 -86 -86 -88 -86 -85 -85 -84 -86 -84 -87 -86 -87 -88 -86 -85 -85 -86 -86 -87 -87 -87 -85 -86 -85 -86 -87 -85 -87 -87 -87 -85 -86 -86 -85 -86 -85 -85 -85 -86 -87 -87 -87 -87 
-85 -86 -87 -85 -86 -86 -86 -86 -87 -87 -86 -88 -85 -84 -87 -86 -85 -85 -87 -86 -87 -85 -85 -86 -86 -86 -86 -88 -87 -87 -89 -88 -85 -86 -86 -85 -86 -86 -87 -86 -87 -87 -86 -87 -85 -86 -86 -85 -86 -86 -84 -87 -85 -86 -87 -85 -85 -86 -86 -87 -85 -87 -86 -87 -87 -88 -85 -86 -85 -88 -86 -86 -87 -87 -85 -85 -86 -86 -86 -86 -86 -86 -87 -86 -86 -86 -86 -86 -87 -84 -85 -87 -86 -87 -86 -86 -87 -86 -88 -86 
-86 -86 -87 -86 -85 -84 -85 -84 -86 -86 -88 -85 -87 -85 -83 -85 -87 -85 -85 -86 -86 -85 -86 -85 -85 -86 -86 -86 -88 -87 -85 -88 -87 -85 -87 -87 -86 -85 -85 -87 -88 -86 -87 -85 -86 -86 -86 -85 -85 -85 -86 -87 -87 -86 -87 -86 -86 -86 -85 -86 -86 -85 -88 -87 -87 -87 -85 -85 -86 -85 -84 -87 -86 -84 -87 -87 -85 -85 -85 -87 -85 -85 -87 -84 -85 -85 -87 -86 -85 -87 -84 -85 -87 -85 -85 -85 -86 -85 -85 -88 
-87 -87 -87 -86 -86 -88 -85 -86 -86 -85 -86 -86 -87 -87 -86 -85 -86 -85 -87 -84 -86 -85 -84 -86 -87 -87 -86 -85 -84 -85 -88 -86 -86 -87 -85 -86 -86 -87 -87 -87 -87 -87 -88 -86 -87 -86 -85 -87 -87 -87 -85 -86 -85 -87 -89 -84 -87 -87 -88 -88 -88 -87 -86 -86 -86 -86 -85 -87 -86 -86 -88 -87 -87 -88 -87 -87 -87 -86 -87 -84 -86 -86 -85 -86 -85 -86 -86 -87 -87 -86 -88 -88 -86 -87 -88 -83 -85 -87 -88 -85 
-88 -87 -86 -88 -85 -86 -85 -88 -87 -86 -85 -88 -87 -85 -86 -86 -86 -86 -86 -84 -84 -84 -86 -85 -87 -86 -84 -85 -90 -86 -87 -88 -85 -87 -85 -87 -87 -86 -86 -85 -86 -86 -86 -86 -86 -85 -86 -86 -84 -86 -86 -86 -89 -88 -86 -87 -86 -84 -87 -85 -87 -85 -86 -86 -85 -86 -86 -86 -84 -87 -85 -86 -88 -85 -86 -87 -86 -87 -86 -86 -85 -87 -86 -87 -86 -88 -86 -85 -88 -86 -86 -43 -135 -132 -135 -133 -132 -135 -134 -134 
-132 -133 -134 -133 -133 -133 -134 -131 -134 -134 -130 -132 -133 -132 -134 -132 -134 -134 -134 -131 -132 -134 -134 -132 -132 -133 -133 -134 -133 -133 -131 -131 -133 -134 -133 -133 -132 -133 -132 -135 -133 -136 -140 -139 -143 -144 -142 -141 -138 -135 -133 -131 -131 -130 -133 -131 -131 -131 -131 -129 -131 -128 -127 -125 -125 -124 -123 -121 -120 -119 -115 -116 -115 -111 -111 -112 -108 -107 -107 -107 -105 -103 -102 -105 -101 -100 -101 -98 -101 -102 -101 -101 -99 -101 -101 -100 -101 -103 -99 -97 
-100 -98 -96 -96 -95 -92 -91 -90 -89 -89 -87 -88 -88 -88 -89 -90 -91 -93 -95 -97 -98 -97 -100 -100 -100 -101 -100 -102 -101 -101 -99 -100 -100 -102 -103 -104 -104 -105 -107 -107 -108 -110 -108 -109 -111 -112 -112 -111 -111 -109 -109 -110 -110 -111 -111 -110 -112 -112 -112 -110 -111 -112 -111 -112 -112 -110 -111 -110 -110 -110 -108 -107 -106 -107 -104 -105 -105 -105 -102 -102 -102 -99 -100 -99 -98 -99 -98 -95 -96 -95 -95 -94 -94 -93 -94 -95 -94 -92 -94 -95 
-94 -93 -94 -96 -95 -95 -97 -96 -98 -99 -98 -99 -98 -99 -100 -99 -97 -98 -99 -99 -100 -100 -98 -102 -99 -99 -98 -98 -100 -100 -97 -99 -99 -99 -97 -99 -99 -97 -97 -97 -96 -97 -99 -98 -97 -99 -96 -99 -97 -97 -96 -98 -95 -97 -94 -95 -95 -96 -97 -95 -96 -96 -95 -94 -94 -94 -95 -96 -96 -94 -96 -95 -97 -95 -96 -95 -98 -97 -96 -96 -97 -95 -97 -96 -98 -98 -96 -97 -96 -98 -98 -96 -98 -96 -97 -97 -96 -98 -100 -98 
-98 -99 -99 -99 -98 -96 -97 -98 -98 -98 -98 -98 -98 -98 -99 -97 -98 -99 -97 -98 -96 -97 -96 -97 -97 -97 -96 -99 -96 -97 -98 -95 -97 -97 -98 -98 -95 -98 -94 -97 -99 -97 -97 -98 -97 -97 -97 -97 -98 -96 -98 -97 -99 -97 -98 -98 -97 -98 -98 -98 -99 -98 -97 -96 -98 -98 -99 -97 -97 -98 -99 -98 -97 -98 -99 -97 -98 -97 -98 -100 -97 -98 -98 -97 -97 -97 -97 -99 -98 -99 -98 -97 -98 -98 -98 -97 -98 -98 -98 -98 
-98 -96 -97 -99 -99 -99 -98 -96 -96 -96 -99 -97 -98 -97 -97 -98 -99 -97 -98 -98 -97 -97 -96 -98 -98 -99 -97 -96 -97 -98 -97 -97 -95 -98 -97 -96 -97 -98 -97 -97 -97 -97 -97 -96 -97 -98 -96 -97 -98 -96 -98 -96 -97 -98 -96 -97 -97 -99 -98 -97 -97 -97 -97 -97 -96 -97 -96 -96 -96 -96 -97 -97 -97 -99 -96 -97 -96 -98 -96 -98 -99 -99 -99 -98 -96 -97 -97 -98 -98 -97 -96 -94 -97 -97 -96 -97 -97 -96 -97 -96 
-97 -97 -99 -97 -98 -95 -99 -97 -97 -96 -97 -98 -97 -96 -99 -97 -97 -97 -98 -99 -98 -96 -98 -97 -98 -98 -97 -99 -98 -96 -98 -98 -97 -97 -97 -97 -96 -96 -99 -96 -96 -96 -96 -97 -96 -99 -97 -95 -96 -97 -98 -98 -98 -96 -99 -98 -96 -98 -96 -97 -97 -97 -98 -100 -96 -97 -98 -97 -97 -97 -97 -96 -97 -95 -96 -97 -98 -98 -98 -99 -98 -97 -97 -95 -97 -97 -96 -97 -97 -97 -97 -97 -97 -96 -97 -97 -95 -97 -96 -97 
-96 -96 -97 -96 -97 -97 -99 -98 -95 -94 -98 -97 -97 -96 -97 -97 -98 -97 -97 -97 -99 -96 -98 -96 -97 -99 -95 -98 -97 -97 -96 -96 -98 -98 -96 -98 -99 -97 -97 -97 -96 -96 -97 -96 -97 -97 -96 -97 -96 -94 -97 -97 -97 -96 -98 -96 -96 -96 -96 -98 -95 -98 -97 -98 -98 -96 -96 -97 -97 -97 -98 -96 -95 -98 -95 -96 -99 -96 -97 -96 -98 -96 -96 -97 -97 -99 -96 -98 -96 -96 -96 -96 -99 -95 -98 -96 -95 -97 -98 -97 
-98 -96 -97 -98 -96 -97 -98 -99 -96 -96 -96 -96 -97 -96 -97 -95 -95 -97 -96 -97 -96 -97 -95 -97 -95 -96 -98 -95 -96 -97 -98 -98 -95 -96 -98 -96 -96 -95 -97 -95 -96 -94 -99 -97 -96 -96 -94 -97 -98 -97 -97 -96 -97 -96 -96 -98 -97 -96 -94 -99 -96 -97 -97 -97 -97 -96 -97 -97 -97 -96 -96 -96 -96 -98 -97 -96 -96 -96 -98 -98 -97 -96 -96 -96 -97 -97 -95 -98 -98 -97 -96 -97 -97 -97 -96 -97 -97 -96 -98 -95 
-96 -96 -97 -95 -96 -97 -97 -98 -96 -95 -96 -97 -97 -96 -97 -95 -95 -95 -97 -98 -96 -96 -97 -96 -97 -97 -95 -96 -97 -95 -96 -96 -98 -96 -97 -95 -96 -96 -97 -98 -94 -95 -97 -94 -96 -97 -96 -97 -95 -95 -97 -97 -97 -96 -97 -95 -97 -97 -96 -97 -96 -96 -95 -96 -96 -96 -96 -96 -96 -96 -96 -96 -97 -97 -98 -96 -97 -97 -96 -95 -97 -96 -96 -96 -98 -96 -98 -95 -95 -96 -97 -96 -96 -97 -96 -96 -95 -96 -99 -96 
-97 -95 -95 -95 -97 -94 -96 -96 -97 -95 -97 -95 -98 -95 -96 -97 -95 -98 -97 -97 -96 -97 -95 -95 -95 -97 -97 -96 -95 -96 -96 -96 -95 -95 -97 -95 -96 -94 -96 -95 -95 -97 -97 -97 -95 -96 -96 -96 -95 -95 -96 -94 -96 -95 -95 -96 -97 -96 -97 -96 -96 -98 -97 -96 -97 -96 -96 -97 -96 -97 -97 -96 -96 -96 -96 -96 -98 -95 -96 -99 -96 -95 -96 -96 -95 -96 -96 -98 -94 -97 -97 -132 -129 -129 -130 -129 -131 -131 -132 -130 
-132 -128 -129 -129 -130 -130 -130 -128 -128 -130 -131 -129 -130 -129 -130 -131 -128 -129 -130 -129 -131 -130 -130 -130 -130 -130 -132 -129 -127 -128 -128 -132 -128 -129 -128 -130 -130 -130 -129 -131 -128 -128 -132 -130 -130 -130 -130 -128 -130 -128 -128 -131 -128 -127 -128 -130 -127 -130 -129 -131 -130 -132 -133 -134 -133 -132 -128 -129 -126 -124 -122 -120 -119 -116 -117 -116 -114 -113 -112 -110 -107 -107 -106 -103 -102 -101 -98 -97 -99 -94 -94 -95 -94 -93 -92 -94 -94 -92 -94 -94 
-92 -95 -93 -96 -95 -93 -95 -93 -94 -93 -92 -95 -92 -90 -90 -90 -87 -88 -90 -87 -88 -87 -88 -87 -88 -89 -93 -91 -90 -92 -91 -92 -91 -93 -90 -94 -91 -93 -93 -94 -93 -94 -96 -95 -96 -97 -98 -96 -99 -97 -100 -99 -98 -98 -100 -99 -98 -100 -99 -97 -99 -100 -100 -101 -99 -97 -99 -98 -96 -98 -98 -99 -97 -96 -96 -97 -96 -97 -95 -94 -97 -94 -93 -96 -92 -94 -94 -94 -93 -92 -93 -92 -90 -92 -91 -90 -90 -92 -91 -91 
-91 -91 -91 -89 -90 -91 -91 -90 -90 -91 -90 -92 -91 -89 -92 -89 -90 -90 -89 -89 -89 -92 -91 -91 -90 -90 -91 -90 -90 -91 -91 -90 -89 -91 -90 -91 -90 -92 -89 -91 -92 -91 -91 -91 -91 -89 -91 -92 -91 -93 -92 -93 -94 -92 -94 -93 -94 -94 -94 -94 -95 -94 -93 -91 -92 -93 -91 -95 -92 -93 -93 -91 -93 -91 -90 -91 -91 -94 -92 -91 -91 -92 -92 -92 -90 -90 -90 -90 -91 -90 -90 -91 -91 -91 -89 -90 -91 -88 -91 -88 
-90 -92 -91 -91 -89 -91 -89 -91 -91 -91 -90 -92 -90 -92 -90 -92 -90 -91 -92 -92 -89 -92 -91 -92 -90 -92 -92 -92 -91 -93 -90 -89 -91 -92 -91 -90 -91 -91 -90 -90 -90 -92 -91 -92 -90 -92 -93 -94 -92 -89 -93 -92 -91 -92 -91 -92 -95 -93 -94 -92 -93 -92 -93 -95 -92 -91 -93 -93 -92 -92 -91 -91 -92 -91 -90 -91 -92 -91 -93 -92 -91 -90 -92 -90 -93 -91 -92 -91 -91 -90 -90 -90 -88 -92 -91 -90 -91 -89 -90 -90 
-92 -91 -91 -91 -92 -90 -91 -91 -91 -91 -91 -93 -90 -91 -91 -93 -90 -92 -91 -91 -93 -92 -90 -91 -90 -90 -92 -92 -91 -92 -90 -90 -90 -91 -91 -93 -92 -94 -91 -91 -90 -92 -92 -88 -92 -91 -91 -92 -92 -91 -91 -93 -92 -90 -93 -94 -88 -93 -91 -91 -92 -92 -90 -90 -92 -91 -90 -92 -92 -91 -90 -92 -92 -88 -90 -90 -90 -91 -89 -91 -90 -90 -91 -92 -91 -91 -93 -91 -90 -93 -91 -94 -91 -91 -91 -91 -92 -91 -92 -89 
-91 -90 -91 -93 -93 -89 -92 -91 -92 -93 -90 -93 -89 -90 -90 -91 -91 -92 -91 -90 -92 -91 -91 -91 -91 -92 -90 -89 -90 -91 -91 -92 -90 -92 -91 -91 -90 -91 -90 -92 -92 -90 -90 -91 -91 -92 -90 -90 -92 -89 -90 -89 -92 -91 -90 -92 -91 -91 -89 -90 -92 -91 -92 -93 -92 -88 -90 -90 -92 -90 -89 -90 -91 -92 -91 -89 -91 -90 -90 -90 -91 -91 -91 -91 -89 -89 -91 -92 -91 -90 -91 -93 -92 -91 -91 -91 -92 -92 -90 -92 
-92 -89 -89 -91 -90 -89 -92 -92 -89 -91 -88 -89 -91 -90 -90 -90 -89 -91 -91 -89 -91 -90 -91 -91 -90 -91 -91 -91 -93 -90 -90 -91 -92 -90 -89 -89 -91 -91 -90 -89 -91 -90 -90 -92 -91 -91 -90 -90 -91 -91 -90 -90 -91 -90 -90 -91 -90 -91 -90 -90 -89 -90 -92 -91 -90 -91 -90 -92 -91 -91 -90 -90 -91 -89 -90 -88 -90 -91 -91 -91 -91 -90 -90 -92 -89 -91 -90 -90 -90 -91 -91 -93 -89 -90 -91 -89 -90 -91 -91 -92 
-89 -89 -91 -91 -90 -91 -92 -90 -91 -91 -91 -90 -91 -90 -90 -91 -89 -90 -90 -91 -89 -89 -92 -87 -91 -91 -90 -90 -89 -89 -91 -89 -92 -90 -89 -93 -89 -91 -87 -89 -90 -89 -89 -90 -91 -91 -91 -92 -91 -89 -92 -92 -91 -90 -90 -90 -89 -89 -91 -90 -90 -91 -92 -90 -89 -90 -89 -88 -92 -88 -90 -91 -91 -90 -91 -92 -91 -91 -89 -88 -92 -90 -90 -90 -88 -92 -87 -89 -90 -89 -90 -91 -92 -89 -91 -89 -93 -90 -90 -88 
-88 -89 -89 -90 -89 -89 -90 -89 -90 -89 -90 -90 -91 -90 -91 -87 -90 -88 -90 -91 -89 -89 -91 -91 -89 -90 -91 -91 -89 -91 -91 -90 -90 -89 -90 -90 -92 -91 -90 -91 -91 -90 -89 -91 -88 -90 -91 -89 -91 -90 -90 -90 -91 -90 -89 -90 -88 -90 -90 -91 -90 -90 -91 -89 -89 -88 -89 -90 -89 -90 -92 -89 -91 -91 -90 -90 -90 -91 -89 -90 -90 -89 -89 -89 -91 -90 -90 -88 -89 -91 -90 -90 -89 -90 -90 -91 -88 -90 -89 -91 
-90 -90 -90 -89 -88 -89 -90 -90 -90 -90 -90 -92 -90 -90 -91 -91 -90 -90 -90 -89 -90 -89 -89 -90 -91 -89 -91 -91 -91 -90 -91 -90 -89 -89 -91 -90 -90 -88 -90 -90 -91 -89 -92 -89 -91 -90 -90 -90 -89 -90 -89 -87 -88 -89 -89 -88 -88 -92 -90 -90 -91 -90 -90 -90 -90 -91 -90 -90 -88 -89 -88 -89 -88 -92 -91 -91 -89 -89 -91 -90 -89 -89 -90 -89 -90 -91 -91 -92 -88 -89 -125 -125 -124 -125 -126 -126 -124 -126 -124 -123 
-125 -123 -125 -126 -125 -126 -126 -124 -126 -125 -125 -124 -126 -125 -126 -126 -125 -126 -126 -126 -126 -124 -125 -124 -125 -123 -124 -126 -124 -125 -125 -125 -126 -124 -124 -124 -125 -125 -125 -125 -124 -124 -125 -124 -123 -124 -125 -125 -126 -126 -125 -125 -124 -126 -124 -124 -124 -127 -124 -125 -125 -125 -123 -126 -127 -124 -124 -126 -126 -124 -124 -126 -124 -125 -124 -125 -126 -125 -126 -126 -126 -124 -126 -124 -125 -125 -124 -124 -125 -123 -126 -122 -124 -125 -126 -125 -124 -126 -125 -126 
-124 -125 -125 -124 -127 -127 -124 -126 -127 -127 -126 -127 -124 -124 -122 -120 -119 -120 -116 -115 -115 -114 -114 -111 -111 -111 -107 -108 -103 -103 -102 -100 -101 -97 -96 -96 -94 -94 -93 -94 -91 -91 -91 -91 -91 -90 -91 -92 -92 -93 -94 -95 -95 -95 -96 -96 -94 -97 -93 -95 -93 -93 -91 -92 -90 -91 -89 -89 -89 -89 -88 -87 -86 -86 -87 -88 -89 -89 -89 -87 -86 -87 -89 -88 -88 -88 -89 -91 -88 -89 -90 -94 -93 -92 -94 -92 -93 -92 -93 -93 
-94 -93 -93 -94 -93 -95 -94 -96 -95 -93 -96 -94 -93 -93 -94 -93 -94 -95 -92 -94 -94 -93 -92 -90 -93 -93 -93 -93 -93 -94 -92 -92 -91 -91 -90 -93 -92 -92 -92 -92 -90 -91 -90 -93 -91 -90 -91 -92 -92 -88 -91 -92 -91 -92 -90 -91 -92 -91 -92 -91 -91 -92 -92 -89 -88 -90 -90 -90 -90 -90 -90 -90 -92 -88 -89 -92 -89 -88 -89 -93 -92 -92 -92 -94 -92 -92 -91 -94 -92 -92 -92 -91 -90 -93 -92 -93 -91 -92 -92 -93 
-93 -92 -92 -93 -93 -94 -92 -90 -92 -92 -92 -91 -94 -92 -91 -92 -91 -91 -91 -92 -91 -89 -91 -91 -91 -93 -91 -90 -90 -90 -91 -91 -91 -90 -92 -90 -90 -91 -89 -90 -92 -91 -91 -91 -91 -92 -89 -91 -91 -91 -90 -89 -91 -90 -90 -90 -90 -91 -89 -91 -89 -91 -91 -90 -92 -89 -92 -92 -91 -90 -91 -90 -91 -93 -91 -93 -92 -91 -91 -90 -90 -89 -93 -91 -89 -91 -90 -92 -90 -91 -92 -91 -92 -90 -91 -89 -90 -90 -89 -89 
-92 -90 -92 -92 -92 -92 -90 -90 -90 -90 -90 -92 -92 -91 -92 -92 -91 -91 -90 -91 -92 -90 -91 -92 -91 -90 -92 -89 -89 -92 -92 -91 -91 -91 -90 -91 -90 -91 -90 -89 -90 -90 -89 -90 -90 -91 -90 -91 -90 -91 -91 -91 -89 -90 -90 -90 -89 -91 -90 -90 -89 -90 -92 -89 -90 -91 -91 -90 -91 -88 -92 -94 -91 -90 -92 -91 -88 -91 -89 -91 -91 -91 -90 -91 -90 -92 -89 -91 -92 -89 -89 -89 -91 -89 -90 -89 -90 -93 -90 -88 
-89 -90 -92 -89 -89 -91 -90 -89 -89 -90 -89 -90 -91 -89 -91 -89 -89 -91 -90 -89 -91 -89 -89 -90 -91 -90 -90 -90 -88 -90 -87 -91 -90 -89 -90 -89 -89 -89 -89 -91 -91 -88 -90 -90 -90 -90 -91 -90 -92 -90 -91 -91 -89 -89 -89 -89 -91 -89 -90 -88 -89 -89 -90 -90 -90 -90 -88 -90 -89 -88 -91 -89 -89 -89 -89 -90 -89 -91 -89 -90 -89 -88 -88 -88 -88 -90 -90 -90 -90 -90 -89 -89 -90 -89 -91 -88 -89 -93 -90 -90 
-90 -92 -91 -89 -89 -89 -90 -90 -89 -88 -89 -89 -92 -90 -88 -88 -89 -91 -91 -89 -92 -89 -90 -86 -90 -91 -92 -88 -90 -92 -89 -89 -89 -88 -90 -91 -90 -89 -89 -91 -90 -91 -88 -90 -90 -88 -89 -89 -88 -88 -88 -90 -91 -88 -90 -91 -91 -91 -90 -89 -89 -87 -90 -89 -90 -90 -88 -88 -90 -88 -89 -90 -90 -91 -90 -89 -91 -93 -89 -90 -88 -90 -89 -89 -90 -90 -90 -88 -90 -87 -90 -90 -90 -89 -89 -89 -89 -90 -92 -90 
-90 -90 -89 -90 -89 -91 -89 -90 -90 -89 -90 -88 -90 -89 -90 -91 -90 -88 -89 -91 -89 -88 -90 -89 -92 -88 -91 -89 -90 -90 -88 -88 -92 -90 -90 -88 -92 -89 -89 -90 -90 -90 -89 -89 -88 -88 -89 -90 -90 -90 -88 -89 -89 -90 -88 -91 -91 -89 -90 -90 -89 -89 -90 -88 -90 -89 -89 -89 -90 -89 -89 -89 -89 -91 -89 -91 -90 -89 -89 -88 -87 -90 -89 -90 -90 -90 -89 -88 -89 -88 -89 -90 -91 -92 -89 -88 -89 -89 -91 -92 
-91 -90 -89 -91 -90 -90 -91 -91 -91 -90 -89 -90 -89 -90 -90 -90 -90 -88 -90 -91 -90 -90 -89 -91 -91 -89 -90 -90 -89 -89 -90 -90 -90 -89 -90 -88 -91 -90 -92 -90 -89 -89 -92 -91 -92 -89 -91 -90 -89 -90 -90 -89 -91 -89 -91 -88 -89 -90 -89 -90 -91 -91 -90 -91 -91 -90 -89 -90 -90 -90 -90 -90 -90 -89 -89 -90 -90 -90 -89 -89 -90 -88 -91 -90 -91 -90 -89 -89 -88 -91 -89 -89 -87 -90 -90 -90 -89 -89 -91 -91 
-90 -90 -89 -88 -90 -90 -90 -91 -91 -89 -89 -91 -90 -91 -90 -89 -89 -89 -90 -90 -90 -91 -89 -90 -91 -89 -90 -90 -90 -90 -92 -89 -91 -91 -88 -89 -89 -89 -90 -90 -88 -89 -88 -89 -88 -91 -89 -89 -89 -89 -90 -93 -90 -89 -90 -89 -89 -92 -89 -91 -90 -91 -91 -87 -89 -90 -88 -91 -89 -89 -89 -89 -91 -91 -90 -88 -90 -88 -88 -91 -89 -90 -91 -91 -89 -89 -90 -91 -87 -127 -126 -127 -127 -127 -125 -126 -125 -126 -126 -124 
-126 -124 -126 -124 -125 -124 -127 -127 -128 -126 -126 -125 -124 -125 -126 -125 -125 -126 -126 -127 -124 -125 -125 -126 -126 -125 -126 -127 -128 -126 -126 -125 -125 -128 -126 -124 -126 -125 -125 -126 -126 -126 -124 -127 -125 -124 -126 -127 -127 -124 -125 -125 -123 -124 -122 -125 -125 -124 -125 -122 -125 -124 -123 -124 -125 -124 -123 -124 -125 -125 -125 -127 -126 -125 -128 -124 -124 -124 -124 -120 -119 -120 -121 -118 -120 -119 -117 -118 -115 -116 -116 -113 -110 -111 -111 -110 -107 -106 -104 -104 
-102 -99 -99 -97 -96 -95 -95 -91 -91 -90 -92 -90 -89 -91 -90 -87 -87 -89 -88 -88 -90 -89 -90 -90 -90 -89 -90 -91 -93 -90 -91 -91 -91 -90 -91 -91 -91 -93 -93 -93 -92 -93 -92 -91 -91 -91 -91 -89 -90 -89 -91 -90 -89 -92 -92 -89 -91 -91 -93 -92 -92 -92 -93 -91 -94 -93 -93 -94 -92 -93 -93 -94 -93 -92 -93 -95 -93 -94 -91 -92 -94 -94 -94 -92 -93 -91 -94 -91 -92 -92 -91 -92 -90 -93 -91 -92 -91 -90 -90 -92 
-90 -92 -89 -91 -91 -90 -90 -89 -91 -90 -90 -88 -91 -90 -90 -91 -90 -89 -91 -91 -90 -89 -88 -87 -89 -91 -90 -89 -90 -90 -91 -87 -89 -89 -88 -91 -90 -90 -89 -89 -89 -89 -88 -91 -89 -90 -89 -91 -88 -91 -89 -91 -88 -91 -90 -90 -90 -91 -90 -91 -89 -91 -91 -90 -91 -91 -91 -91 -88 -90 -91 -90 -91 -91 -92 -91 -90 -90 -90 -89 -92 -90 -90 -91 -90 -90 -91 -89 -91 -91 -89 -91 -91 -91 -89 -89 -89 -91 -90 -89 
-90 -90 -89 -90 -88 -88 -89 -88 -88 -90 -90 -91 -89 -90 -88 -91 -90 -87 -89 -90 -88 -89 -90 -89 -89 -87 -91 -88 -89 -89 -90 -88 -91 -89 -90 -88 -89 -88 -91 -89 -89 -90 -89 -88 -90 -91 -88 -91 -89 -91 -92 -89 -88 -90 -90 -89 -90 -89 -90 -89 -93 -89 -89 -89 -89 -88 -90 -91 -90 -90 -90 -92 -90 -92 -88 -91 -90 -88 -89 -90 -91 -87 -88 -88 -89 -88 -88 -88 -90 -88 -89 -88 -88 -88 -89 -90 -88 -90 -90 -88 
-90 -88 -89 -89 -90 -90 -89 -89 -90 -90 -89 -88 -91 -90 -89 -90 -90 -89 -89 -88 -89 -88 -88 -91 -90 -89 -89 -89 -87 -89 -88 -88 -86 -90 -89 -89 -88 -89 -91 -87 -89 -87 -88 -89 -91 -91 -89 -89 -88 -90 -90 -89 -89 -90 -87 -88 -87 -89 -89 -89 -90 -90 -88 -90 -91 -89 -89 -87 -90 -90 -89 -90 -89 -89 -87 -89 -88 -89 -89 -90 -90 -89 -89 -89 -89 -89 -90 -88 -89 -90 -89 -88 -88 -87 -88 -88 -88 -88 -87 -89 
-90 -87 -88 -89 -88 -88 -87 -89 -89 -89 -89 -89 -88 -88 -89 -90 -91 -89 -89 -88 -89 -90 -89 -90 -92 -91 -90 -88 -89 -89 -88 -89 -89 -88 -89 -88 -90 -89 -89 -90 -91 -90 -89 -88 -89 -89 -88 -90 -90 -89 -89 -89 -86 -92 -87 -89 -89 -89 -88 -89 -89 -88 -89 -87 -90 -90 -88 -88 -89 -89 -90 -87 -89 -89 -89 -90 -89 -89 -89 -89 -89 -88 -89 -91 -87 -89 -89 -89 -89 -89 -87 -87 -88 -90 -89 -88 -91 -90 -87 -90 
-86 -88 -89 -89 -88 -87 -88 -88 -87 -89 -90 -90 -90 -87 -88 -88 -89 -88 -91 -86 -88 -90 -91 -89 -89 -88 -90 -90 -88 -91 -88 -88 -89 -89 -89 -89 -87 -90 -88 -87 -88 -90 -87 -88 -88 -88 -90 -87 -88 -91 -89 -90 -89 -88 -87 -88 -89 -89 -89 -90 -90 -89 -89 -87 -89 -89 -89 -87 -89 -90 -90 -88 -88 -87 -87 -87 -90 -89 -91 -88 -88 -90 -89 -89 -87 -87 -87 -88 -90 -89 -89 -88 -92 -90 -88 -88 -88 -89 -89 -89 
-88 -90 -88 -87 -88 -88 -87 -88 -89 -87 -91 -88 -89 -88 -89 -88 -88 -90 -89 -88 -90 -89 -88 -89 -89 -89 -89 -89 -89 -87 -89 -87 -90 -91 -88 -89 -90 -88 -87 -88 -89 -89 -90 -88 -88 -90 -87 -89 -89 -90 -89 -88 -88 -88 -91 -90 -88 -89 -88 -90 -90 -89 -87 -87 -89 -90 -90 -87 -89 -88 -89 -88 -89 -90 -87 -89 -88 -89 -89 -89 -87 -90 -88 -88 -89 -88 -88 -90 -88 -90 -90 -90 -88 -89 -91 -92 -89 -89 -90 -88 
-87 -90 -88 -89 -88 -90 -87 -87 -88 -90 -89 -87 -90 -90 -88 -88 -90 -88 -89 -88 -88 -86 -89 -89 -89 -89 -88 -89 -90 -89 -89 -89 -87 -89 -87 -90 -90 -88 -88 -88 -89 -88 -87 -87 -88 -89 -89 -88 -87 -89 -89 -88 -88 -88 -88 -92 -90 -88 -87 -89 -88 -89 -91 -89 -89 -89 -88 -89 -90 -88 -88 -86 -87 -87 -87 -91 -89 -91 -90 -89 -89 -89 -89 -88 -89 -88 -88 -88 -89 -88 -89 -88 -88 -86 -88 -90 -89 -89 -88 -87 
-90 -87 -88 -87 -90 -88 -90 -89 -90 -89 -89 -90 -88 -90 -88 -90 -89 -90 -88 -89 -89 -87 -88 -89 -90 -88 -88 -88 -90 -89 -88 -88 -90 -88 -90 -88 -89 -88 -88 -88 -89 -87 -88 -90 -89 -91 -90 -86 -89 -87 -87 -88 -88 -87 -89 -88 -87 -88 -91 -88 -87 -89 -87 -91 -90 -89 -88 -89 -88 -88 -89 -90 -90 -89 -87 -87 -88 -89 -87 -89 -88 -89 -88 -89 -89 -90 -90 -89 -127 -131 -129 -128 -129 -127 -126 -128 -130 -129 -126 -129 
-128 -127 -128 -128 -129 -128 -127 -128 -127 -127 -127 -127 -128 -128 -126 -127 -127 -124 -127 -129 -127 -128 -129 -130 -130 -130 -128 -127 -126 -124 -124 -122 -120 -119 -117 -118 -116 -114 -113 -113 -111 -111 -110 -110 -106 -104 -105 -105 -102 -100 -98 -97 -96 -94 -93 -90 -92 -90 -90 -89 -88 -88 -87 -86 -88 -88 -85 -87 -89 -89 -89 -87 -89 -91 -93 -92 -92 -92 -92 -93 -93 -92 -93 -92 -94 -92 -93 -91 -91 -90 -91 -91 -91 -90 -90 -90 -91 -90 -92 -90 
-89 -90 -91 -90 -93 -92 -91 -92 -92 -91 -93 -92 -91 -92 -93 -93 -95 -94 -95 -93 -93 -93 -92 -93 -93 -93 -94 -95 -95 -93 -93 -94 -95 -94 -94 -93 -94 -95 -95 -91 -94 -93 -93 -92 -93 -92 -91 -91 -92 -93 -93 -94 -90 -90 -91 -91 -91 -89 -91 -92 -90 -92 -90 -90 -92 -91 -88 -88 -88 -90 -89 -91 -91 -90 -91 -90 -89 -89 -90 -89 -89 -90 -90 -88 -89 -90 -90 -91 -89 -89 -90 -89 -87 -89 -89 -90 -90 -88 -91 -89 
-90 -91 -91 -91 -88 -88 -89 -88 -90 -88 -89 -89 -88 -91 -90 -90 -89 -89 -89 -92 -91 -90 -90 -91 -90 -89 -88 -89 -91 -90 -89 -90 -90 -90 -89 -90 -86 -91 -89 -90 -87 -89 -88 -89 -89 -88 -90 -88 -91 -89 -89 -91 -90 -88 -90 -88 -89 -89 -91 -87 -90 -90 -90 -88 -89 -89 -88 -90 -88 -88 -89 -88 -88 -88 -88 -86 -90 -90 -88 -88 -89 -89 -89 -88 -87 -90 -87 -89 -88 -89 -89 -88 -90 -90 -87 -90 -90 -88 -88 -91 
-87 -89 -89 -90 -91 -90 -90 -92 -89 -90 -90 -89 -90 -91 -88 -89 -89 -89 -88 -90 -88 -89 -90 -89 -90 -89 -88 -89 -89 -91 -90 -89 -87 -89 -88 -88 -89 -89 -88 -87 -88 -86 -87 -90 -90 -89 -88 -89 -87 -88 -89 -88 -86 -87 -89 -87 -88 -87 -89 -88 -89 -87 -88 -89 -90 -87 -87 -89 -87 -89 -85 -89 -89 -88 -89 -87 -87 -89 -90 -89 -89 -89 -90 -89 -88 -87 -88 -88 -90 -89 -90 -90 -89 -87 -88 -87 -90 -88 -89 -90 
-88 -90 -90 -90 -90 -91 -87 -89 -89 -87 -89 -90 -88 -90 -89 -90 -89 -90 -90 -88 -90 -90 -89 -89 -90 -90 -89 -91 -91 -92 -91 -92 -90 -90 -90 -90 -89 -90 -89 -90 -89 -90 -91 -89 -90 -90 -88 -90 -87 -89 -88 -92 -88 -91 -89 -88 -90 -90 -88 -90 -88 -89 -89 -89 -89 -89 -88 -90 -91 -89 -87 -91 -88 -88 -88 -90 -91 -88 -90 -89 -89 -92 -90 -90 -90 -87 -90 -90 -89 -88 -89 -89 -89 -89 -89 -90 -89 -90 -90 -90 
-91 -89 -90 -90 -91 -90 -90 -88 -88 -89 -90 -92 -89 -89 -88 -89 -90 -90 -89 -88 -89 -89 -90 -90 -89 -91 -89 -88 -90 -91 -91 -92 -92 -89 -88 -89 -88 -92 -88 -88 -90 -88 -91 -90 -90 -89 -90 -90 -91 -90 -90 -89 -89 -89 -88 -91 -89 -91 -87 -91 -91 -90 -90 -90 -90 -89 -88 -90 -90 -88 -89 -88 -89 -91 -90 -90 -88 -90 -88 -89 -90 -90 -87 -87 -89 -89 -89 -91 -91 -90 -90 -88 -89 -90 -89 -90 -91 -89 -89 -91 
-90 -87 -89 -87 -88 -90 -88 -91 -91 -89 -88 -89 -90 -90 -91 -91 -90 -90 -89 -89 -90 -90 -91 -90 -88 -87 -89 -90 -90 -89 -90 -89 -90 -89 -88 -90 -90 -89 -89 -89 -88 -90 -88 -89 -90 -89 -88 -91 -89 -89 -90 -90 -89 -91 -90 -89 -89 -88 -88 -89 -89 -90 -91 -89 -88 -89 -90 -90 -90 -91 -89 -89 -90 -90 -89 -91 -90 -88 -91 -90 -89 -89 -89 -88 -91 -88 -93 -88 -89 -89 -88 -90 -90 -90 -91 -90 -92 -90 -89 -90 
-88 -89 -89 -89 -90 -89 -90 -89 -90 -90 -91 -89 -86 -90 -90 -88 -89 -90 -87 -93 -89 -91 -90 -88 -90 -90 -90 -88 -91 -87 -90 -90 -91 -89 -88 -90 -89 -89 -89 -90 -91 -88 -89 -90 -88 -91 -90 -90 -89 -88 -87 -90 -88 -89 -88 -90 -88 -87 -89 -90 -89 -89 -90 -90 -88 -88 -89 -91 -92 -91 -90 -88 -89 -88 -90 -90 -90 -88 -90 -90 -91 -90 -88 -90 -91 -89 -89 -89 -90 -88 -90 -91 -87 -91 -89 -91 -89 -89 -90 -88 
-91 -91 -89 -89 -88 -91 -88 -89 -89 -87 -88 -90 -89 -92 -88 -90 -89 -90 -88 -90 -89 -88 -90 -88 -90 -89 -89 -89 -90 -89 -91 -91 -89 -89 -90 -91 -90 -88 -89 -90 -89 -88 -90 -88 -89 -90 -90 -91 -89 -88 -90 -91 -90 -89 -90 -88 -90 -89 -91 -90 -87 -88 -88 -90 -90 -91 -89 -89 -89 -88 -90 -90 -90 -90 -88 -90 -90 -90 -88 -91 -90 -91 -90 -89 -89 -89 -90 -89 -93 -89 -88 -90 -89 -90 -90 -89 -89 -91 -88 -89 
-88 -91 -90 -90 -91 -92 -90 -91 -88 -89 -89 -89 -89 -89 -87 -91 -89 -90 -90 -90 -89 -88 -91 -88 -90 -91 -90 -88 -90 -89 -90 -92 -89 -89 -87 -90 -91 -89 -90 -91 -89 -90 -91 -89 -90 -90 -90 -91 -90 -88 -90 -88 -89 -91 -90 -89 -90 -91 -90 -90 -90 -90 -90 -90 -88 -90 -88 -91 -89 -90 -89 -91 -88 -88 -89 -88 -91 -89 -90 -90 -89 -89 -86 -89 -89 -89 -91 -126 -130 -128 -128 -129 -128 -128 -129 -128 -129 -129 -128 -127 
-128 -128 -127 -127 -130 -129 -128 -128 -128 -128 -127 -127 -127 -129 -127 -126 -128 -128 -127 -128 -128 -129 -130 -129 -128 -129 -128 -128 -129 -127 -130 -128 -129 -128 -128 -129 -128 -128 -128 -129 -127 -130 -129 -128 -128 -128 -129 -128 -129 -129 -127 -128 -130 -129 -129 -128 -129 -130 -130 -129 -128 -129 -129 -130 -129 -129 -128 -128 -131 -131 -128 -128 -129 -128 -128 -128 -129 -128 -128 -128 -128 -129 -128 -129 -128 -129 -128 -129 -129 -128 -127 -128 -128 -128 -126 -128 -129 -130 -130 -129 
-127 -132 -128 -128 -128 -124 -121 -123 -121 -121 -122 -120 -121 -119 -120 -117 -117 -115 -112 -112 -110 -110 -108 -106 -104 -102 -101 -100 -98 -97 -97 -95 -93 -91 -91 -91 -93 -89 -89 -90 -87 -87 -89 -89 -89 -90 -89 -90 -90 -89 -92 -92 -93 -94 -92 -91 -93 -90 -90 -92 -91 -90 -92 -90 -91 -89 -88 -89 -90 -91 -87 -90 -88 -89 -89 -89 -89 -88 -90 -90 -88 -91 -91 -90 -90 -89 -89 -89 -90 -87 -89 -89 -89 -88 -88 -87 -88 -88 -89 -89 
-88 -87 -87 -90 -88 -89 -88 -88 -88 -88 -90 -90 -90 -90 -91 -90 -91 -93 -94 -90 -92 -92 -90 -93 -93 -91 -93 -92 -90 -91 -94 -93 -93 -94 -92 -91 -93 -93 -91 -92 -91 -92 -90 -92 -92 -93 -91 -92 -90 -90 -90 -91 -92 -92 -89 -90 -91 -89 -92 -90 -91 -92 -89 -92 -91 -92 -90 -89 -91 -90 -91 -91 -91 -91 -92 -93 -91 -91 -91 -92 -91 -90 -89 -92 -90 -92 -90 -90 -89 -89 -89 -89 -92 -92 -89 -91 -91 -89 -91 -92 
-92 -91 -91 -90 -90 -90 -91 -91 -89 -91 -89 -90 -90 -90 -91 -89 -89 -90 -90 -93 -90 -89 -91 -89 -89 -91 -90 -90 -91 -90 -89 -90 -90 -90 -91 -93 -90 -91 -90 -92 -91 -89 -90 -92 -91 -90 -88 -91 -89 -90 -90 -89 -89 -91 -92 -90 -90 -90 -90 -88 -90 -89 -90 -90 -89 -90 -90 -91 -90 -91 -91 -88 -91 -90 -90 -90 -89 -90 -89 -90 -92 -90 -90 -90 -91 -89 -90 -90 -90 -91 -90 -90 -91 -90 -91 -91 -91 -91 -92 -89 
-89 -89 -90 -90 -89 -93 -90 -90 -91 -89 -91 -91 -91 -88 -90 -91 -89 -88 -88 -89 -92 -92 -88 -91 -90 -89 -91 -89 -89 -90 -90 -90 -90 -91 -89 -89 -89 -89 -91 -91 -89 -90 -92 -90 -92 -90 -88 -90 -91 -91 -90 -89 -90 -90 -91 -90 -90 -90 -90 -90 -90 -90 -90 -89 -90 -90 -90 -88 -90 -90 -89 -90 -92 -91 -90 -90 -90 -89 -89 -89 -91 -89 -91 -93 -88 -89 -91 -88 -89 -91 -91 -91 -90 -90 -90 -92 -90 -90 -90 -91 
-91 -91 -90 -92 -90 -91 -89 -89 -89 -92 -92 -90 -91 -91 -89 -89 -92 -90 -90 -91 -90 -91 -91 -91 -90 -90 -88 -90 -90 -91 -91 -92 -92 -90 -92 -90 -90 -91 -90 -93 -92 -89 -89 -91 -91 -91 -92 -90 -90 -92 -91 -90 -89 -92 -89 -89 -92 -89 -90 -93 -91 -90 -90 -91 -92 -89 -91 -92 -90 -89 -90 -90 -90 -90 -91 -93 -90 -92 -91 -91 -92 -90 -90 -89 -90 -90 -92 -90 -91 -90 -90 -92 -91 -90 -90 -91 -92 -90 -91 -90 
-91 -90 -91 -89 -89 -91 -90 -91 -91 -92 -90 -92 -90 -90 -91 -92 -89 -91 -92 -93 -90 -90 -90 -90 -90 -90 -91 -90 -90 -92 -90 -91 -92 -90 -90 -90 -90 -90 -92 -91 -90 -92 -89 -92 -91 -92 -90 -90 -90 -90 -92 -90 -90 -90 -91 -90 -89 -91 -91 -89 -91 -90 -90 -91 -91 -90 -90 -89 -88 -91 -92 -91 -92 -92 -90 -91 -91 -90 -90 -90 -91 -90 -91 -91 -91 -91 -91 -89 -92 -91 -91 -89 -91 -91 -89 -90 -91 -90 -90 -92 
-91 -92 -88 -93 -91 -91 -91 -90 -91 -92 -90 -92 -91 -90 -92 -91 -91 -90 -89 -90 -90 -89 -91 -92 -90 -91 -91 -91 -88 -91 -91 -91 -91 -91 -89 -92 -91 -91 -90 -90 -90 -92 -93 -91 -90 -91 -92 -91 -91 -91 -90 -89 -91 -91 -92 -92 -89 -89 -90 -90 -91 -88 -91 -92 -90 -89 -89 -89 -90 -92 -90 -92 -92 -91 -91 -90 -90 -91 -91 -90 -92 -92 -92 -91 -91 -91 -90 -90 -90 -91 -90 -92 -90 -90 -88 -91 -90 -90 -90 -93 
-91 -91 -90 -91 -91 -90 -91 -91 -89 -91 -90 -91 -93 -89 -89 -91 -91 -90 -90 -90 -91 -89 -90 -91 -90 -89 -90 -90 -90 -92 -90 -90 -90 -91 -88 -90 -92 -89 -91 -91 -90 -91 -91 -90 -90 -92 -90 -90 -92 -90 -90 -89 -89 -90 -90 -90 -91 -92 -88 -89 -89 -90 -90 -90 -90 -92 -90 -90 -91 -90 -91 -89 -89 -91 -90 -89 -92 -89 -89 -90 -88 -89 -91 -90 -91 -91 -90 -90 -90 -90 -90 -90 -92 -89 -90 -91 -90 -89 -91 -94 
-90 -91 -92 -90 -92 -92 -89 -89 -90 -91 -88 -91 -91 -90 -91 -88 -93 -90 -89 -89 -92 -90 -89 -88 -90 -90 -89 -89 -91 -91 -89 -89 -91 -90 -93 -88 -90 -90 -90 -89 -90 -90 -89 -92 -91 -92 -90 -89 -89 -91 -91 -90 -90 -90 -90 -90 -90 -89 -89 -90 -91 -91 -90 -88 -91 -89 -88 -90 -90 -88 -89 -90 -90 -89 -89 -90 -93 -90 -88 -89 -90 -88 -91 -89 -90 -90 -121 -121 -120 -120 -122 -120 -121 -121 -119 -122 -120 -119 -122 -122 
-123 -121 -120 -122 -119 -121 -121 -121 -122 -119 -120 -121 -119 -122 -122 -121 -121 -120 -122 -120 -120 -120 -121 -118 -121 -119 -119 -119 -120 -119 -119 -120 -121 -116 -120 -122 -122 -120 -121 -121 -120 -120 -122 -119 -119 -117 -119 -117 -116 -114 -115 -115 -114 -113 -111 -110 -110 -109 -108 -105 -108 -105 -104 -102 -100 -97 -95 -96 -93 -92 -90 -88 -88 -88 -87 -85 -88 -83 -83 -82 -83 -81 -82 -80 -80 -81 -84 -83 -83 -83 -85 -83 -85 -85 -86 -87 -87 -89 -89 -89 
-91 -92 -90 -90 -89 -88 -91 -90 -89 -91 -87 -90 -90 -89 -90 -91 -90 -90 -90 -89 -91 -91 -92 -91 -90 -88 -90 -89 -89 -90 -89 -90 -90 -88 -90 -87 -87 -89 -88 -89 -90 -89 -87 -86 -88 -87 -90 -87 -88 -89 -88 -87 -88 -89 -86 -88 -87 -87 -88 -88 -90 -87 -86 -88 -89 -90 -88 -88 -89 -88 -88 -88 -89 -89 -89 -88 -91 -88 -89 -88 -89 -88 -89 -90 -89 -90 -87 -88 -88 -89 -89 -89 -89 -88 -88 -90 -88 -91 -88 -89 
-89 -89 -89 -88 -87 -88 -89 -88 -88 -89 -87 -89 -89 -89 -90 -90 -90 -87 -90 -89 -90 -88 -90 -92 -90 -90 -90 -89 -88 -90 -91 -88 -89 -90 -90 -89 -90 -88 -89 -89 -89 -90 -89 -89 -89 -85 -88 -88 -88 -88 -88 -89 -89 -88 -88 -91 -89 -89 -88 -89 -87 -88 -89 -87 -87 -88 -89 -89 -89 -86 -88 -89 -88 -88 -89 -87 -88 -88 -88 -88 -90 -89 -89 -88 -90 -89 -87 -85 -89 -90 -88 -88 -86 -86 -90 -90 -87 -90 -87 -89 
-88 -89 -89 -90 -90 -88 -88 -89 -88 -89 -89 -88 -89 -88 -90 -88 -88 -90 -89 -90 -89 -89 -89 -87 -89 -88 -89 -90 -90 -88 -89 -90 -88 -89 -91 -89 -86 -88 -90 -89 -90 -88 -89 -89 -87 -88 -89 -89 -87 -88 -89 -90 -90 -87 -88 -89 -89 -89 -88 -91 -89 -88 -88 -87 -87 -88 -89 -89 -87 -87 -89 -86 -89 -89 -88 -88 -90 -89 -90 -89 -89 -87 -90 -89 -88 -89 -89 -89 -87 -89 -88 -88 -88 -89 -91 -87 -90 -89 -89 -89 
-88 -88 -89 -89 -88 -89 -88 -90 -89 -88 -89 -87 -89 -90 -90 -89 -88 -88 -88 -89 -88 -88 -89 -88 -89 -88 -88 -90 -87 -88 -87 -87 -88 -87 -89 -88 -88 -88 -88 -89 -88 -88 -90 -87 -88 -90 -88 -88 -89 -90 -88 -88 -89 -89 -90 -89 -89 -89 -88 -90 -86 -88 -89 -88 -89 -88 -89 -89 -89 -89 -87 -89 -89 -88 -89 -86 -89 -90 -88 -89 -87 -88 -91 -88 -90 -87 -90 -91 -88 -91 -88 -87 -90 -88 -89 -87 -88 -88 -88 -91 
-88 -88 -88 -90 -88 -88 -89 -88 -88 -86 -88 -87 -89 -89 -87 -89 -89 -89 -87 -89 -90 -87 -89 -89 -88 -88 -87 -90 -87 -89 -89 -88 -88 -88 -87 -89 -89 -88 -90 -88 -90 -90 -89 -90 -86 -88 -89 -90 -87 -89 -89 -91 -89 -88 -91 -88 -88 -88 -87 -88 -88 -88 -89 -87 -89 -88 -86 -88 -89 -88 -89 -88 -90 -87 -89 -89 -87 -88 -91 -88 -90 -90 -87 -88 -90 -87 -89 -91 -88 -88 -87 -91 -90 -90 -88 -90 -89 -88 -89 -89 
-90 -88 -87 -90 -86 -88 -88 -87 -90 -89 -90 -88 -87 -88 -90 -88 -87 -89 -88 -87 -89 -87 -90 -90 -90 -88 -89 -88 -87 -89 -91 -89 -89 -88 -89 -90 -88 -89 -87 -89 -88 -90 -87 -88 -90 -87 -89 -87 -89 -90 -89 -90 -89 -88 -90 -88 -88 -89 -86 -89 -88 -89 -88 -89 -87 -89 -88 -88 -89 -88 -90 -88 -88 -90 -87 -89 -90 -89 -89 -88 -88 -86 -90 -88 -91 -87 -87 -86 -88 -87 -87 -88 -88 -89 -91 -88 -89 -89 -89 -89 
-90 -89 -89 -88 -86 -86 -87 -90 -89 -89 -90 -89 -87 -89 -89 -89 -89 -89 -87 -89 -87 -88 -88 -90 -87 -88 -88 -89 -89 -88 -89 -89 -89 -89 -88 -90 -88 -88 -87 -88 -90 -88 -88 -88 -90 -88 -88 -88 -87 -89 -90 -88 -88 -89 -90 -88 -88 -87 -87 -89 -87 -87 -91 -89 -89 -88 -88 -88 -88 -87 -89 -89 -87 -88 -90 -90 -88 -90 -90 -88 -89 -89 -88 -88 -88 -88 -90 -89 -88 -88 -87 -88 -89 -91 -87 -90 -87 -88 -89 -87 
-87 -89 -89 -89 -88 -89 -86 -89 -87 -89 -89 -89 -88 -89 -88 -88 -88 -90 -89 -89 -86 -89 -90 -89 -90 -90 -89 -89 -90 -88 -88 -89 -90 -88 -90 -90 -88 -90 -90 -87 -89 -89 -91 -90 -90 -88 -88 -87 -87 -88 -88 -87 -88 -87 -89 -88 -89 -90 -89 -90 -87 -89 -89 -87 -88 -88 -89 -88 -88 -89 -89 -89 -87 -89 -87 -89 -89 -90 -88 -88 -89 -89 -90 -85 -89 -88 -89 -89 -89 -87 -90 -88 -89 -90 -87 -89 -88 -89 -90 -88 
-88 -90 -88 -89 -89 -89 -88 -88 -88 -87 -90 -89 -90 -90 -89 -88 -89 -88 -88 -89 -90 -90 -87 -89 -90 -89 -88 -89 -90 -89 -87 -90 -87 -89 -89 -90 -88 -88 -90 -90 -89 -90 -88 -89 -88 -90 -88 -87 -88 -87 -89 -90 -89 -90 -90 -89 -88 -91 -88 -88 -89 -89 -88 -89 -88 -88 -88 -89 -90 -87 -88 -88 -89 -89 -90 -88 -87 -89 -89 -89 -92 -89 -88 -88 -90 -122 -124 -122 -125 -125 -123 -124 -123 -123 -121 -124 -124 -123 -124 -124 
-125 -124 -124 -123 -124 -124 -123 -123 -124 -121 -123 -124 -124 -124 -123 -124 -124 -124 -125 -123 -124 -124 -122 -122 -122 -125 -123 -124 -123 -125 -124 -125 -123 -124 -125 -123 -126 -123 -125 -125 -123 -124 -122 -123 -124 -124 -126 -123 -123 -124 -124 -124 -124 -126 -124 -122 -123 -123 -123 -122 -122 -122 -123 -121 -122 -122 -122 -124 -123 -126 -127 -124 -126 -123 -124 -122 -122 -121 -119 -119 -118 -120 -117 -118 -115 -114 -115 -115 -110 -110 -110 -107 -108 -105 -103 -104 -100 -100 -97 -97 
-95 -94 -96 -94 -93 -90 -89 -90 -89 -84 -88 -86 -87 -87 -88 -84 -87 -87 -87 -85 -86 -88 -86 -87 -88 -86 -87 -89 -88 -88 -88 -89 -87 -90 -87 -90 -89 -85 -87 -86 -84 -88 -87 -87 -89 -87 -85 -86 -85 -85 -87 -88 -87 -88 -87 -89 -87 -87 -86 -87 -85 -89 -88 -88 -88 -89 -88 -89 -88 -88 -89 -88 -90 -88 -89 -89 -91 -93 -90 -88 -89 -89 -89 -90 -88 -90 -89 -89 -89 -89 -89 -91 -89 -90 -90 -88 -90 -89 -90 -88 
-90 -90 -91 -90 -90 -89 -89 -88 -90 -88 -90 -90 -90 -91 -90 -91 -90 -90 -90 -88 -92 -89 -91 -90 -93 -91 -91 -90 -91 -89 -91 -91 -93 -93 -91 -92 -90 -95 -90 -91 -91 -92 -90 -90 -90 -93 -91 -92 -92 -90 -92 -91 -92 -91 -90 -91 -93 -94 -91 -92 -91 -91 -92 -91 -90 -91 -91 -92 -91 -91 -91 -92 -91 -95 -91 -92 -91 -91 -91 -92 -92 -93 -92 -92 -93 -92 -92 -93 -93 -92 -89 -91 -91 -93 -92 -93 -92 -91 -92 -91 
-91 -91 -93 -91 -92 -92 -91 -92 -91 -92 -93 -92 -93 -92 -91 -90 -92 -90 -93 -91 -92 -91 -91 -91 -93 -91 -90 -90 -93 -91 -93 -94 -91 -90 -92 -91 -91 -91 -91 -93 -92 -89 -90 -93 -91 -91 -93 -91 -93 -89 -90 -90 -92 -90 -93 -91 -92 -93 -93 -92 -94 -89 -92 -91 -92 -90 -92 -90 -91 -93 -92 -92 -89 -90 -90 -93 -91 -90 -90 -91 -90 -91 -91 -90 -91 -89 -90 -90 -92 -91 -92 -91 -93 -90 -91 -92 -90 -91 -90 -90 
-93 -90 -92 -91 -93 -92 -93 -93 -91 -92 -92 -91 -91 -91 -91 -91 -92 -92 -91 -90 -91 -91 -91 -90 -92 -94 -91 -91 -90 -91 -91 -90 -90 -91 -92 -90 -91 -92 -91 -90 -92 -89 -92 -90 -92 -90 -92 -93 -91 -92 -91 -90 -91 -91 -92 -92 -92 -91 -92 -91 -91 -91 -91 -91 -93 -91 -93 -90 -91 -92 -93 -92 -91 -90 -92 -92 -93 -91 -91 -92 -94 -91 -89 -92 -92 -93 -92 -91 -92 -90 -91 -91 -93 -92 -92 -90 -90 -91 -90 -91 
-91 -91 -90 -90 -90 -92 -91 -92 -92 -90 -90 -91 -91 -91 -91 -90 -90 -91 -91 -92 -91 -92 -90 -92 -93 -91 -91 -91 -91 -91 -89 -91 -88 -89 -91 -91 -90 -91 -92 -91 -93 -92 -91 -91 -91 -91 -92 -91 -91 -90 -93 -92 -91 -89 -90 -90 -91 -93 -92 -90 -90 -91 -92 -91 -91 -90 -91 -91 -91 -91 -92 -91 -92 -91 -91 -91 -90 -88 -92 -91 -92 -90 -93 -93 -90 -92 -91 -90 -90 -90 -92 -90 -92 -90 -90 -91 -90 -91 -92 -91 
-94 -93 -92 -92 -91 -91 -90 -90 -92 -92 -91 -91 -92 -91 -91 -92 -92 -90 -90 -92 -91 -91 -92 -92 -89 -92 -91 -92 -91 -90 -91 -92 -90 -91 -92 -91 -90 -89 -90 -93 -92 -90 -91 -91 -90 -92 -90 -90 -92 -90 -92 -91 -91 -91 -90 -92 -92 -91 -92 -90 -91 -94 -92 -93 -93 -89 -91 -91 -91 -92 -90 -91 -90 -91 -90 -90 -92 -92 -92 -92 -90 -90 -92 -92 -92 -91 -90 -92 -92 -91 -94 -89 -91 -92 -91 -91 -90 -92 -91 -91 
-90 -89 -90 -90 -93 -91 -92 -88 -90 -90 -91 -90 -90 -90 -91 -91 -93 -91 -90 -91 -91 -90 -91 -90 -92 -91 -92 -91 -90 -91 -91 -91 -92 -92 -93 -90 -91 -91 -92 -92 -93 -91 -89 -90 -92 -91 -91 -91 -92 -91 -92 -92 -91 -90 -90 -90 -89 -92 -90 -92 -93 -90 -91 -92 -91 -91 -90 -91 -91 -93 -90 -91 -93 -92 -91 -91 -90 -91 -91 -91 -91 -91 -90 -92 -93 -91 -90 -90 -90 -90 -91 -90 -91 -92 -90 -88 -91 -92 -90 -91 
-91 -93 -92 -91 -91 -92 -91 -93 -91 -91 -90 -92 -92 -92 -89 -94 -91 -92 -90 -91 -89 -92 -92 -90 -91 -91 -92 -92 -90 -91 -91 -91 -91 -92 -91 -94 -91 -92 -92 -92 -93 -90 -93 -91 -90 -91 -89 -88 -92 -92 -92 -91 -90 -92 -91 -93 -92 -91 -92 -91 -92 -90 -92 -91 -91 -92 -92 -92 -90 -89 -90 -91 -89 -90 -90 -93 -91 -92 -91 -89 -92 -91 -90 -92 -92 -91 -89 -91 -91 -92 -91 -91 -91 -92 -92 -91 -90 -92 -92 -92 
-90 -90 -93 -91 -90 -93 -90 -91 -91 -90 -92 -90 -93 -93 -89 -94 -89 -91 -91 -92 -92 -91 -91 -91 -91 -91 -91 -92 -93 -90 -91 -92 -89 -89 -90 -90 -93 -91 -91 -92 -91 -90 -90 -92 -92 -90 -90 -91 -91 -91 -92 -90 -92 -93 -92 -91 -91 -91 -91 -91 -90 -91 -90 -92 -91 -91 -91 -92 -92 -92 -93 -92 -90 -91 -91 -90 -91 -92 -91 -90 -92 -92 -92 -85 -120 -124 -124 -123 -123 -124 -123 -123 -122 -122 -125 -124 -123 -122 -122 -124 
-123 -124 -122 -123 -122 -123 -123 -125 -124 -125 -123 -122 -123 -123 -124 -124 -123 -121 -124 -123 -124 -120 -122 -123 -122 -123 -122 -123 -122 -122 -122 -122 -122 -124 -123 -124 -122 -121 -123 -124 -124 -122 -124 -123 -123 -122 -124 -123 -123 -123 -122 -124 -124 -124 -122 -121 -122 -124 -124 -124 -123 -123 -123 -122 -122 -122 -123 -124 -123 -121 -124 -124 -127 -128 -129 -129 -127 -124 -125 -123 -123 -122 -121 -121 -116 -118 -118 -116 -115 -113 -113 -113 -113 -110 -108 -107 -106 -104 -102 -102 
-98 -98 -98 -94 -93 -91 -90 -90 -88 -88 -87 -86 -84 -86 -85 -84 -85 -81 -84 -85 -84 -85 -86 -87 -86 -87 -87 -87 -88 -88 -89 -86 -89 -90 -87 -87 -88 -89 -88 -87 -89 -88 -89 -89 -89 -91 -88 -91 -91 -90 -90 -92 -89 -92 -91 -91 -93 -93 -93 -92 -91 -94 -93 -92 -96 -91 -93 -95 -94 -92 -94 -95 -95 -95 -96 -96 -94 -95 -96 -97 -95 -96 -95 -95 -94 -96 -95 -92 -92 -94 -94 -92 -93 -94 -91 -91 -91 -92 -92 -91 
-91 -92 -91 -92 -88 -88 -88 -90 -89 -88 -88 -88 -89 -89 -88 -89 -87 -88 -90 -88 -88 -89 -89 -89 -90 -90 -89 -88 -91 -90 -87 -91 -89 -89 -87 -88 -88 -90 -89 -89 -89 -89 -88 -90 -89 -88 -89 -88 -88 -87 -88 -88 -88 -89 -87 -85 -88 -86 -87 -89 -88 -89 -89 -89 -89 -89 -87 -88 -87 -89 -89 -89 -91 -89 -89 -89 -88 -88 -88 -88 -89 -89 -89 -88 -88 -89 -87 -88 -87 -89 -88 -87 -87 -89 -88 -90 -89 -88 -89 -90 
-89 -86 -88 -87 -89 -88 -88 -87 -88 -88 -89 -88 -86 -86 -88 -87 -88 -86 -90 -88 -87 -86 -88 -88 -89 -90 -88 -89 -88 -88 -88 -89 -86 -87 -86 -88 -84 -86 -87 -86 -89 -87 -89 -90 -87 -86 -87 -87 -87 -87 -87 -87 -88 -87 -86 -87 -89 -89 -88 -89 -88 -87 -87 -86 -88 -88 -86 -88 -87 -88 -88 -88 -86 -85 -87 -86 -88 -85 -87 -89 -86 -86 -87 -88 -86 -86 -88 -88 -86 -85 -84 -86 -86 -87 -87 -85 -88 -87 -88 -85 
-84 -86 -86 -87 -84 -86 -86 -85 -86 -85 -85 -87 -87 -87 -86 -86 -86 -86 -85 -86 -86 -87 -87 -88 -86 -85 -86 -86 -87 -85 -87 -86 -88 -87 -85 -84 -86 -86 -86 -86 -86 -86 -86 -84 -85 -85 -86 -85 -86 -83 -85 -85 -86 -86 -85 -85 -86 -85 -86 -87 -85 -86 -87 -86 -83 -85 -84 -88 -86 -86 -87 -86 -85 -86 -86 -86 -87 -84 -87 -85 -88 -85 -85 -86 -85 -87 -86 -87 -85 -85 -85 -86 -86 -86 -87 -85 -85 -88 -85 -87 
-86 -85 -86 -87 -86 -88 -87 -85 -87 -86 -84 -88 -87 -88 -86 -84 -85 -85 -85 -85 -86 -88 -86 -88 -88 -86 -86 -86 -87 -86 -85 -87 -87 -86 -87 -86 -85 -85 -86 -85 -85 -88 -86 -86 -88 -86 -86 -87 -84 -84 -84 -84 -87 -87 -87 -86 -87 -86 -84 -86 -87 -86 -85 -86 -84 -85 -86 -86 -86 -85 -84 -86 -84 -87 -85 -84 -86 -86 -86 -84 -86 -85 -85 -85 -84 -84 -88 -84 -87 -85 -87 -87 -87 -87 -86 -85 -87 -85 -88 -86 
-86 -85 -86 -85 -87 -86 -86 -85 -83 -86 -86 -86 -86 -86 -86 -85 -86 -85 -87 -87 -86 -85 -85 -86 -87 -87 -85 -87 -85 -87 -87 -84 -86 -86 -85 -85 -84 -85 -85 -84 -84 -86 -88 -84 -87 -85 -87 -85 -85 -84 -85 -85 -86 -87 -85 -84 -88 -85 -86 -87 -86 -87 -88 -87 -85 -87 -85 -87 -85 -88 -86 -86 -88 -87 -86 -86 -85 -85 -85 -86 -88 -86 -85 -84 -87 -86 -84 -86 -86 -87 -84 -87 -85 -86 -87 -87 -86 -87 -86 -88 
-85 -84 -87 -87 -86 -87 -88 -86 -86 -86 -87 -87 -85 -87 -86 -85 -87 -88 -86 -86 -86 -86 -87 -88 -85 -86 -85 -85 -86 -85 -86 -87 -85 -88 -85 -88 -84 -85 -86 -85 -85 -86 -85 -87 -87 -84 -86 -88 -88 -86 -86 -85 -86 -87 -85 -86 -87 -85 -82 -87 -86 -84 -85 -85 -87 -85 -90 -86 -86 -86 -85 -86 -85 -87 -85 -85 -84 -85 -85 -87 -85 -86 -86 -85 -85 -86 -85 -86 -86 -85 -85 -87 -85 -86 -85 -86 -86 -88 -85 -88 
-88 -85 -86 -84 -85 -86 -87 -86 -86 -84 -86 -88 -84 -87 -86 -86 -87 -86 -87 -86 -85 -86 -86 -85 -85 -86 -84 -85 -87 -85 -86 -86 -85 -86 -85 -85 -88 -86 -83 -86 -86 -85 -86 -85 -85 -86 -86 -85 -88 -87 -87 -87 -88 -85 -85 -85 -86 -86 -86 -88 -84 -85 -86 -86 -85 -86 -83 -87 -85 -88 -88 -86 -84 -87 -86 -87 -86 -86 -85 -86 -86 -85 -85 -87 -87 -85 -87 -86 -87 -87 -86 -85 -87 -85 -84 -86 -87 -85 -85 -87 
-86 -84 -84 -86 -87 -85 -84 -84 -84 -86 -86 -86 -85 -86 -87 -86 -86 -87 -86 -86 -85 -84 -85 -85 -85 -84 -85 -86 -86 -87 -85 -85 -86 -85 -85 -86 -84 -86 -84 -87 -87 -87 -86 -88 -87 -86 -86 -86 -85 -85 -85 -85 -87 -86 -87 -87 -86 -88 -86 -85 -85 -86 -86 -85 -87 -85 -85 -85 -87 -87 -86 -85 -87 -84 -86 -85 -86 -85 -87 -87 -86 -86 