-10 -9 -8 -7 -9 -8 -10 -3 -5 -6 -8 -8 -9 -11 -14 -7 -4 1 5 2 8 6 18 16 13 11 7 8 5 2 5 11 17 38 65 92 131 187 255 328 418 515 607 699 793 888 983 1060 1185 1331 1527 1768 2005 2216 2395 2556 2688 2821 2959 3118 3299 3510 3716 3932 4134 4307 4458 4587 4712 4828 4942 5054 5186 5319 5409 5439 5430 5380 5309 5228 5122 4998 4859 4705 4538 4352 4148 3959 3723 3471 3203 2939 2665 2386 2099 1803 1490 1148 800 444 
87 -259 -589 -911 -1207 -1483 -1747 -1988 -2196 -2393 -2565 -2712 -2848 -2962 -3066 -3155 -3250 -3333 -3394 -3463 -3484 -3496 -3490 -3476 -3432 -3369 -3279 -3182 -3074 -2947 -2812 -2663 -2507 -2342 -2167 -1989 -1812 -1638 -1469 -1298 -1137 -978 -829 -688 -555 -419 -292 -163 -34 102 240 376 518 653 784 914 1025 1126 1214 1288 1333 1365 1387 1402 1410 1410 1399 1392 1386 1371 1346 1327 1290 1254 1204 1156 1110 1055 1000 950 896 834 776 713 653 590 532 470 411 353 297 242 183 129 66 12 -42 -89 -141 -182 
-222 -263 -304 -340 -368 -399 -429 -457 -475 -499 -510 -526 -540 -552 -562 -569 -571 -566 -572 -565 -560 -554 -543 -525 -515 -505 -480 -460 -439 -417 -394 -362 -345 -317 -290 -267 -238 -206 -175 -145 -117 -83 -50 -16 8 37 65 91 123 150 168 189 216 237 255 278 292 308 320 329 344 351 355 364 368 370 374 375 374 372 372 366 358 348 344 329 322 306 297 288 266 248 229 210 191 170 149 123 106 84 58 38 14 -1 -25 -46 -64 -82 -105 -119 
-139 -160 -170 -186 -198 -213 -217 -231 -237 -246 -245 -259 -260 -264 -261 -268 -269 -268 -267 -260 -255 -250 -247 -238 -229 -221 -215 -199 -190 -180 -173 -157 -142 -130 -117 -101 -88 -76 -61 -50 -31 -17 -5 6 19 31 47 64 70 81 91 99 104 114 116 119 127 130 132 128 129 132 128 126 121 125 118 117 113 110 103 96 95 85 75 69 64 56 47 39 29 20 18 9 0 -11 -15 -30 -34 -44 -46 -56 -59 -65 -65 -74 -85 -83 -86 -87 
-90 -97 -93 -92 -92 -90 -85 -80 -79 -78 -75 -72 -64 -64 -58 -52 -47 -42 -38 -33 -27 -23 -19 -15 -7 -3 -5 0 6 12 9 16 13 22 24 26 25 23 25 20 24 25 21 19 14 16 11 14 11 4 1 -1 -7 -8 -12 -16 -15 -25 -24 -30 -31 -33 -34 -38 -38 -39 -43 -42 -40 -43 -46 -43 -34 -38 -33 -32 -29 -29 -28 -28 -26 -25 -16 -15 -16 -8 -1 -4 -7 -2 -5 -5 -2 -3 -1 -3 -2 -2 2 2 
-4 -1 -5 -5 -6 -7 -8 -8 -8 -14 -8 -12 -15 -11 -12 -18 -25 -21 -25 -25 -18 -26 -22 -26 -25 -24 -22 -18 -27 -20 -18 -19 -20 -16 -16 -17 -16 -9 -11 -14 -7 -8 -10 -13 -5 -11 -9 -5 -9 -11 -6 -10 -8 -8 -13 -9 -10 -10 -13 -15 -11 -14 -17 -16 -18 -17 -20 -20 -26 -24 -26 -23 -19 -21 -26 -25 -24 -22 -21 -22 -20 -22 -21 -22 -17 -18 -16 -11 -7 -8 -5 -5 -7 -1 -3 -4 -1 1 -7 -3 
-7 -2 -8 -7 -11 -11 -12 -12 -14 -18 -20 -23 -23 -25 -20 -25 -26 -23 -24 -21 -21 -19 -22 -18 -21 -19 -17 -17 -14 -16 -9 -8 -9 -9 -6 -4 -2 -2 -1 -1 -2 -4 -3 -4 -8 -7 -7 -10 -14 -20 -21 -18 -22 -21 -24 -21 -24 -25 -21 -28 -26 -26 -24 -21 -20 -21 -19 -15 -14 -11 -16 -15 -11 -7 -10 -11 -10 -6 -13 -7 -7 -8 -10 -2 -8 -10 -7 -7 -12 -12 -11 -13 -13 -16 -20 -20 -16 -20 -19 -20 
-25 -22 -21 -22 -16 -22 -24 -22 -19 -17 -18 -16 -16 -13 -15 -12 -15 -14 -14 -17 -17 -15 -9 -12 -14 -13 -11 -15 -12 -14 -16 -14 -17 -15 -18 -16 -18 -12 -17 -15 -15 -13 -13 -16 -7 -17 -18 -12 -14 -14 -16 -16 -14 -12 -17 -11 -13 -17 -18 -15 -18 -19 -13 -17 -15 -13 -16 -13 -12 -14 -15 -14 -16 -13 -15 -16 -11 -14 -13 -15 -11 -15 -13 -14 -15 -18 -14 -11 -17 -14 -14 -15 -16 -19 -22 -19 -20 -18 -23 -12 
-15 -12 -19 -13 -9 -17 -12 -12 -14 -12 -14 -10 -10 -12 -10 -9 -8 -7 -14 -12 -13 -9 -18 -12 -17 -22 -27 -24 -32 -24 -24 -28 -28 -29 -31 -34 -40 -39 -35 -40 -38 -42 -37 -36 -37 -35 -32 -35 -31 -31 -31 -29 -22 -23 -26 -22 -27 -28 -29 -29 -33 -32 -35 -35 -34 -28 -32 -27 -30 -25 -32 -32 -31 -31 -25 -23 -21 -18 -15 -16 -15 -16 -12 -17 -16 -13 -11 -10 -6 -7 -5 -2 -3 -2 -3 0 -2 -6 -7 -10 
-10 -8 -11 -10 -12 -14 -15 -18 -18 -23 -23 -24 -25 -20 -16 -17 -19 -18 -21 -19 -21 -19 -16 -13 -15 -13 -17 -15 -9 -16 -7 -6 0 4 4 6 11 12 8 9 11 11 12 8 9 7 6 7 3 5 -1 -1 -1 -4 -3 -10 -7 -7 -15 -13 -13 -14 -15 -17 -17 -14 -19 -24 -22 -25 -20 -22 -25 -22 -20 -21 -22 -24 -21 -16 -15 -20 -14 -13 -10 -9 -10 -6 -6 1 -1 -4 -3 3 2 -2 -3 -5 -1 -19 
-17 -22 -28 -29 -25 -28 -32 -31 -27 -24 -23 -21 -17 -27 -26 -26 -22 -20 -17 -8 -9 -10 -12 -11 -6 -10 -18 -17 -16 -15 -16 -13 -9 -12 -15 -15 -17 -19 -21 -23 -20 -10 -15 -14 -17 -20 -19 -23 -23 -21 -27 -23 -18 -8 -12 -14 -16 -13 -8 -2 1 3 10 11 19 23 32 41 57 80 104 149 206 289 369 474 582 689 790 912 1046 1224 1411 1609 1836 2045 2249 2430 2606 2757 2914 3074 3247 3426 3614 3801 3986 4185 4370 4539 
4706 4858 4987 5084 5124 5092 5026 4948 4874 4793 4715 4642 4562 4481 4367 4158 3915 3661 3401 3145 2897 2638 2394 2154 1909 1667 1415 1163 907 651 408 170 -66 -292 -511 -726 -931 -1126 -1306 -1481 -1639 -1782 -1928 -2053 -2162 -2252 -2334 -2404 -2457 -2490 -2525 -2542 -2552 -2547 -2547 -2542 -2523 -2501 -2458 -2403 -2326 -2244 -2155 -2062 -1963 -1844 -1730 -1622 -1507 -1393 -1282 -1167 -1052 -939 -820 -703 -590 -462 -342 -218 -101 17 135 249 368 472 575 670 759 847 921 1000 1069 1130 1188 1227 1257 1282 1300 1309 
1317 1316 1313 1306 1298 1295 1277 1264 1252 1233 1204 1178 1147 1118 1085 1049 1010 974 935 890 850 802 762 705 651 605 544 489 420 363 301 232 168 110 46 -17 -73 -131 -189 -240 -296 -350 -393 -452 -500 -543 -583 -625 -661 -696 -723 -754 -773 -796 -817 -826 -839 -846 -855 -861 -852 -852 -850 -839 -824 -809 -790 -771 -748 -722 -696 -661 -629 -599 -560 -522 -480 -439 -392 -349 -305 -259 -217 -167 -120 -74 -32 19 58 107 150 192 233 275 307 343 374 407 441 463 
491 514 537 555 569 582 596 609 615 626 625 627 627 626 614 612 601 587 568 556 529 510 486 460 434 410 380 349 319 288 254 220 181 146 107 73 39 6 -39 -71 -106 -139 -175 -210 -238 -268 -299 -322 -346 -375 -394 -414 -433 -442 -460 -471 -478 -486 -495 -501 -501 -502 -500 -498 -492 -489 -475 -465 -449 -435 -422 -405 -390 -370 -347 -328 -304 -281 -256 -230 -204 -176 -150 -120 -94 -68 -36 -12 13 41 72 94 119 145 169 188 204 219 236 246 
259 268 278 285 292 299 301 297 294 290 283 272 263 255 240 236 221 209 187 171 153 138 119 99 86 65 46 34 18 -2 -17 -34 -50 -61 -78 -90 -92 -110 -117 -130 -138 -145 -144 -152 -158 -160 -154 -161 -160 -160 -154 -153 -148 -140 -134 -128 -122 -115 -102 -101 -83 -80 -69 -60 -54 -43 -29 -21 -12 -6 4 17 21 29 40 45 51 57 65 64 74 72 71 74 76 72 75 73 74 71 63 66 59 54 52 46 40 34 27 25 
17 15 9 3 -6 -9 -13 -20 -26 -30 -33 -36 -46 -51 -51 -53 -60 -63 -57 -64 -62 -64 -63 -62 -60 -62 -59 -57 -52 -52 -47 -42 -39 -33 -30 -27 -20 -16 -14 -10 -10 -1 3 9 9 14 13 18 19 17 15 16 20 12 12 11 11 3 6 5 -1 0 -4 -4 -9 -11 -17 -15 -21 -23 -27 -30 -26 -33 -33 -35 -32 -29 -32 -34 -37 -28 -34 -31 -25 -28 -26 -25 -23 -25 -21 -21 -16 -19 -13 -10 -11 -11 -4 -1 
-5 -4 -2 -5 -5 -2 -3 -4 -2 -2 -2 1 -2 -7 -8 -8 -13 -13 -13 -16 -20 -21 -21 -19 -23 -23 -25 -31 -20 -24 -26 -24 -23 -23 -22 -21 -21 -17 -16 -15 -18 -10 -11 -12 -11 -7 -11 -10 -8 -9 -8 -7 -11 -8 -11 -5 -4 -9 -10 -8 -11 -13 -13 -13 -20 -21 -19 -19 -16 -17 -19 -22 -21 -18 -21 -22 -17 -18 -18 -20 -15 -20 -17 -18 -22 -18 -19 -17 -14 -18 -14 -18 -13 -16 -9 -11 -11 -11 -11 -9 
-16 -14 -7 -5 -9 -9 -12 -13 -12 -9 -13 -7 -13 -16 -14 -15 -16 -16 -19 -20 -22 -20 -20 -18 -20 -16 -13 -13 -15 -14 -14 -13 -12 -14 -12 -16 -10 -16 -12 -9 -9 -11 -4 -13 -12 -13 -11 -12 -13 -10 -11 -16 -15 -17 -15 -18 -19 -22 -22 -20 -21 -25 -21 -21 -19 -16 -18 -18 -15 -10 -14 -10 -11 -6 -9 -10 -7 -4 -8 -6 -8 -11 -8 -11 -10 -11 -10 -13 -16 -15 -17 -22 -19 -16 -18 -22 -18 -18 -23 -19 
-18 -18 -19 -21 -17 -19 -14 -17 -14 -16 -15 -11 -12 -15 -10 -15 -12 -8 -7 -11 -9 -6 -4 -7 -12 -10 -15 -15 -14 -16 -16 -16 -21 -24 -20 -15 -23 -22 -21 -21 -22 -24 -22 -22 -18 -22 -20 -19 -16 -9 -15 -12 -14 -11 -16 -10 -11 -8 -10 -12 -5 -11 -9 -8 -11 -13 -9 -15 -14 -15 -15 -16 -18 -18 -20 -18 -17 -21 -14 -21 -19 -20 -23 -20 -19 -15 -17 -14 -14 -15 -12 -10 -9 -14 -13 -14 -17 -16 -15 -13 
-17 -14 -16 -13 -13 -13 -10 -8 -19 -15 -9 -11 -14 -16 -15 -14 -14 -12 -10 -14 -17 -13 -12 -16 -13 -14 -15 -12 -16 -16 -15 -19 -19 -16 -17 -15 -17 -15 -19 -13 -15 -8 -16 -12 -11 -13 -12 -11 -12 -16 -16 -12 -10 -8 -10 -11 -10 -13 -14 -12 -13 -15 -12 -18 -21 -19 -15 -19 -13 -12 -12 -18 -19 -15 -14 -13 -17 -15 -14 -13 -13 -11 -9 -13 -13 -9 -11 -9 -9 -7 -14 -13 -12 -17 -11 -14 -16 -13 -11 -12 
-11 -7 -6 -3 -1 -2 -3 1 3 1 1 -4 -2 -3 -7 -13 -16 -10 -7 -8 -16 -18 -20 -22 -21 -25 -33 -29 -23 -18 -23 -23 -23 -22 -24 -24 -21 -19 -16 -13 -10 -7 -10 -11 -11 -6 -13 -17 -18 -16 -16 -13 -11 0 4 7 10 9 7 14 10 3 -11 -17 -23 -20 -18 -14 -9 -6 10 25 45 53 59 61 62 58 59 64 77 91 107 127 156 197 239 297 363 430 511 595 691 802 912 1061 1234 1447 1678 1916 
2128 2345 2546 2740 2915 3057 3199 3349 3512 3705 3904 4122 4330 4535 4738 4944 5093 5185 5275 5318 5315 5292 5258 5201 5139 5089 5040 4973 4888 4775 4629 4461 4282 4079 3870 3658 3444 3230 3016 2796 2581 2357 2123 1887 1633 1374 1106 834 559 282 7 -267 -530 -801 -1070 -1325 -1585 -1830 -2076 -2307 -2512 -2685 -2845 -2974 -3067 -3095 -3144 -3197 -3238 -3302 -3315 -3333 -3364 -3391 -3387 -3359 -3288 -3184 -3051 -2890 -2723 -2554 -2387 -2239 -2096 -1961 -1823 -1694 -1570 -1455 -1343 -1242 -1130 -1014 -896 -764 -635 -498 -359 -215 
-65 86 237 379 521 653 764 871 972 1061 1148 1227 1299 1369 1436 1493 1559 1618 1672 1716 1763 1795 1823 1840 1848 1843 1840 1822 1799 1766 1735 1694 1649 1599 1539 1479 1411 1337 1265 1187 1099 1008 918 821 724 626 521 420 315 213 108 12 -93 -190 -285 -388 -481 -576 -666 -752 -839 -922 -996 -1073 -1135 -1194 -1254 -1305 -1348 -1393 -1427 -1452 -1482 -1497 -1513 -1519 -1524 -1518 -1516 -1496 -1482 -1458 -1427 -1396 -1357 -1315 -1266 -1214 -1162 -1102 -1044 -979 -912 -843 -775 -696 -623 -540 -460 -381 
-297 -213 -132 -51 32 111 190 267 346 423 489 558 623 685 746 808 854 907 944 969 984 996 993 980 959 925 908 872 841 810 779 742 707 669 636 589 543 499 453 413 374 329 300 257 222 186 152 110 76 47 6 -24 -64 -96 -119 -151 -181 -202 -222 -242 -257 -273 -287 -299 -305 -316 -321 -328 -329 -332 -332 -335 -325 -323 -319 -314 -304 -297 -287 -272 -262 -245 -228 -216 -198 -184 -170 -153 -139 -119 -103 -82 -63 -47 -29 -15 7 22 37 56 
71 89 102 111 128 140 152 160 169 172 183 184 191 194 196 200 196 198 193 190 188 180 183 173 169 159 156 149 137 126 117 109 98 83 75 65 51 43 27 15 4 -8 -23 -36 -48 -53 -64 -66 -82 -95 -102 -111 -114 -123 -122 -132 -133 -134 -137 -137 -132 -135 -135 -133 -128 -122 -122 -117 -114 -109 -98 -94 -89 -85 -78 -68 -60 -55 -43 -38 -32 -19 -15 -7 -1 4 10 16 22 27 38 41 37 44 47 46 53 49 53 47 
43 47 48 42 40 36 32 28 23 18 18 13 8 5 -1 -1 -8 -18 -18 -21 -26 -26 -31 -39 -38 -41 -43 -44 -50 -53 -45 -54 -50 -49 -43 -49 -44 -40 -39 -36 -34 -32 -30 -26 -23 -29 -23 -17 -11 -11 -8 -9 -3 -7 -2 2 -5 3 1 6 5 5 4 4 8 5 3 3 0 -1 -3 -4 -6 -8 -8 -10 -12 -11 -19 -13 -19 -18 -22 -23 -17 -24 -25 -31 -27 -29 -32 -33 -24 -31 -28 -27 -28 -27 -20 -22 
-22 -18 -15 -13 -15 -13 -13 -10 -11 -9 -8 -8 -3 -5 -8 -7 -5 -5 -11 -15 -9 -11 -11 -10 -14 -12 -8 -14 -15 -15 -12 -11 -18 -21 -16 -18 -22 -24 -20 -16 -20 -21 -14 -23 -19 -18 -18 -19 -15 -13 -19 -13 -15 -13 -15 -17 -16 -11 -13 -13 -13 -13 -12 -13 -15 -9 -10 -11 -9 -13 -12 -13 -11 -11 -11 -12 -12 -14 -17 -18 -17 -14 -15 -14 -14 -16 -19 -19 -23 -15 -15 -16 -15 -16 -11 -18 -16 -15 -15 -14 
-16 -16 -14 -13 -15 -11 -13 -15 -14 -10 -15 -9 -16 -9 -13 -10 -13 -8 -11 -12 -15 -11 -13 -15 -15 -16 -14 -21 -20 -17 -17 -16 -14 -21 -17 -21 -19 -21 -24 -20 -18 -18 -15 -14 -13 -14 -12 -10 -11 -9 -11 -8 -14 -11 -17 -10 -13 -13 -20 -16 -10 -12 -13 -12 -15 -12 -13 -15 -17 -14 -19 -18 -15 -16 -14 -15 -13 -14 -10 -14 -15 -10 -13 -13 -13 -15 -14 -14 -15 -18 -14 -11 -13 -15 -12 -13 -12 -11 -19 -16 
-20 -19 -20 -18 -22 -17 -17 -16 -15 -20 -15 -15 -11 -9 -13 -9 -9 -15 -15 -12 -14 -9 -12 -11 -13 -13 -8 -14 -14 -15 -17 -13 -12 -13 -13 -15 -21 -14 -14 -16 -14 -14 -15 -13 -15 -15 -14 -16 -18 -14 -17 -11 -15 -11 -13 -13 -17 -20 -18 -13 -15 -16 -14 -12 -14 -15 -17 -10 -12 -17 -12 -15 -21 -20 -14 -18 -18 -20 -19 -18 -18 -15 -10 -15 -16 -18 -15 -13 -13 -13 -13 -11 -10 -13 -10 -12 -11 -11 -11 -9 
-13 -16 -12 -15 -14 -20 -17 -15 -17 -19 -17 -14 -17 -14 -12 -17 -15 -14 -15 -15 -18 -15 -14 -17 -14 -13 -14 -14 -14 -13 -16 -14 -13 -17 -11 -18 -14 -10 -14 -15 -12 -16 -18 -20 -19 -19 -17 -15 -20 -17 -17 -15 -12 -14 -18 -14 -11 -10 -14 -11 -14 -13 -10 -11 -14 -14 -14 -13 -12 -15 -16 -14 -15 -13 -15 -16 -18 -15 -17 -19 -18 -13 -15 -15 -18 -16 -14 -9 -17 -12 -17 -9 -12 -13 -16 -13 -14 2 2 5 
-2 -10 -10 -13 -17 -16 -16 -11 -13 -13 -11 -8 -10 -5 -3 -12 -7 1 12 20 25 27 26 24 27 21 20 16 13 6 3 -8 -18 -25 -26 -27 -25 -31 -27 -37 -42 -39 -34 -28 -23 -25 -18 -12 -15 -17 -10 -4 -5 -6 -15 -8 -7 4 12 18 30 38 42 63 79 106 138 176 216 260 308 368 433 502 552 607 637 677 732 830 987 1174 1403 1663 1904 2131 2332 2504 2652 2787 2890 3005 3130 3254 3387 3525 3676 3845 4014 4197 
4369 4541 4701 4837 4903 4900 4861 4822 4790 4751 4715 4674 4643 4612 4560 4480 4375 4258 4137 3998 3845 3677 3499 3320 3137 2943 2753 2559 2356 2142 1920 1693 1446 1192 931 657 379 101 -177 -428 -669 -897 -1103 -1306 -1492 -1666 -1834 -1981 -2121 -2245 -2363 -2466 -2576 -2690 -2772 -2842 -2892 -2937 -2956 -2952 -2921 -2868 -2803 -2719 -2633 -2547 -2455 -2349 -2249 -2147 -2049 -1930 -1802 -1674 -1555 -1444 -1349 -1254 -1165 -1079 -997 -902 -807 -698 -594 -479 -367 -249 -138 -29 76 180 283 384 476 558 636 705 778 839 
896 949 1002 1049 1096 1135 1181 1223 1253 1281 1305 1321 1325 1334 1328 1323 1312 1293 1276 1250 1223 1190 1158 1120 1076 1029 970 917 857 794 723 654 586 515 442 370 298 220 146 72 -9 -81 -157 -231 -299 -364 -431 -496 -557 -620 -671 -724 -774 -823 -870 -910 -950 -981 -1016 -1036 -1056 -1072 -1083 -1095 -1097 -1096 -1097 -1084 -1074 -1061 -1046 -1022 -999 -970 -935 -898 -859 -818 -779 -731 -681 -629 -578 -522 -469 -411 -355 -297 -237 -180 -119 -63 -1 57 114 168 222 274 320 370 
411 451 489 521 549 569 589 594 602 603 602 595 583 567 553 529 500 475 448 426 393 369 344 317 282 253 223 197 169 138 111 87 65 40 21 0 -26 -43 -64 -81 -100 -115 -130 -138 -151 -159 -161 -168 -175 -178 -176 -175 -172 -164 -164 -161 -156 -148 -140 -127 -119 -109 -101 -96 -78 -64 -58 -48 -32 -20 -6 2 13 25 32 41 47 55 63 70 77 82 87 89 92 91 98 100 101 100 100 99 98 98 96 95 88 92 80 77 
80 73 64 56 56 46 44 38 28 24 20 14 5 1 -9 -14 -19 -30 -37 -44 -48 -52 -64 -67 -72 -80 -85 -87 -93 -96 -105 -108 -107 -113 -113 -112 -109 -109 -109 -103 -107 -99 -95 -93 -87 -80 -80 -66 -61 -55 -46 -37 -31 -19 -10 -3 4 11 19 29 36 38 45 51 59 58 61 66 70 69 72 66 71 71 67 66 65 62 60 56 53 45 43 38 37 28 23 15 7 2 -3 -8 -13 -16 -21 -30 -32 -38 -43 -45 
-50 -53 -57 -67 -71 -73 -80 -82 -86 -94 -99 -101 -100 -105 -102 -102 -102 -97 -98 -85 -87 -79 -76 -70 -63 -58 -49 -45 -34 -26 -15 -8 -2 8 12 18 21 26 38 39 44 48 51 57 58 58 63 63 60 66 65 59 56 58 57 52 48 46 40 38 34 31 22 22 17 13 8 0 -5 -10 -16 -20 -27 -31 -35 -41 -45 -50 -54 -54 -56 -55 -59 -57 -60 -57 -57 -57 -51 -52 -50 -41 -42 -36 -38 -29 -27 -25 -20 -16 
-15 -11 -5 -4 -9 3 3 5 9 5 12 11 6 7 9 10 5 4 6 3 3 -1 1 -3 -5 -9 -9 -11 -9 -14 -15 -17 -19 -17 -19 -25 -26 -23 -27 -27 -27 -28 -28 -32 -27 -26 -30 -26 -29 -23 -20 -21 -17 -16 -17 -16 -10 -16 -11 -10 -7 -6 -10 -5 -5 -8 -6 -7 -7 -10 -4 -4 -7 -8 -7 -9 -9 -13 -11 -12 -19 -14 -17 -17 -17 -18 -15 -21 -17 -18 -19 -17 -18 -16 -14 -17 -14 -11 -15 -13 
-14 -11 -12 -12 -14 -16 -14 -15 -15 -15 -18 -18 -18 -12 -14 -15 -16 -12 -15 -19 -16 -17 -9 -14 -13 -15 -14 -14 -8 -12 -8 -9 -14 -15 -12 -13 -11 -13 -15 -15 -16 -13 -18 -13 -13 -18 -13 -16 -9 -13 -13 -15 -12 -15 -17 -13 -14 -10 -11 -15 -12 -10 -8 -11 -11 -12 -14 -11 -13 -14 -12 -10 -13 -11 -17 -15 -19 -20 -17 -23 -17 -20 -24 -19 -20 -19 -15 -19 -17 -14 -13 -20 -14 -11 -11 -8 -7 -9 -13 -10 
-7 -8 -3 -5 -10 -10 -9 -12 -12 -10 -14 -14 -15 -18 -12 -14 -16 -16 -17 -18 -18 -19 -18 -19 -17 -22 -17 -12 -16 -17 -15 -16 -15 -15 -15 -13 -15 -11 -15 -11 -12 -7 -7 -8 -10 -11 -9 -15 -15 -14 -12 -18 -15 -15 -18 -20 -17 -19 -18 -21 -18 -18 -17 -17 -18 -19 -17 -19 -13 -16 -12 -9 -14 -10 -12 -13 -16 -13 -10 -11 -6 -9 -12 -10 -15 -12 -14 -13 -13 -14 -18 -15 -15 -12 -13 -15 -15 -18 -16 -13 
-19 -16 -18 -16 -15 -17 -20 -19 -18 -19 -15 -16 -14 -12 -9 -9 -11 -10 -13 -14 -9 -18 -14 -11 -14 -15 -21 -12 -15 -14 -17 -14 -15 -16 -14 -13 -15 -16 -15 -16 -14 -15 -17 -13 -17 -17 -14 -18 -14 -18 -12 -16 -14 -15 -15 -18 -13 -12 -12 -14 -15 -17 -17 -15 -13 -17 -13 -17 -14 -12 -13 -14 -16 -16 -12 -13 -17 -16 -15 -13 -13 -10 -10 -10 -10 -10 -14 -16 -14 -16 -18 -15 -15 -17 -16 -17 -17 -13 -11 -10 
-15 -14 -15 -15 -9 -8 -8 -8 -11 -18 -22 -30 -28 -20 -11 -4 3 4 2 -5 -4 -15 -26 -33 -33 -31 -28 -36 -37 -38 -42 -48 -49 -40 -41 -47 -39 -35 -35 -34 -37 -39 -35 -30 -31 -34 -38 -33 -32 -22 -23 -25 -21 -15 -10 -7 -3 13 19 38 53 71 90 120 142 178 223 289 345 408 481 536 584 643 697 729 759 787 838 942 1112 1326 1566 1795 1994 2157 2292 2402 2507 2598 2700 2817 2949 3096 3262 3426 3605 3804 3999 4191 
4364 4492 4566 4646 4693 4695 4669 4632 4588 4565 4542 4523 4501 4454 4382 4279 4155 4015 3863 3702 3534 3370 3199 3027 2859 2673 2491 2301 2100 1897 1680 1456 1226 991 756 501 242 -4 -259 -504 -746 -981 -1214 -1431 -1641 -1833 -2000 -2144 -2279 -2379 -2457 -2513 -2582 -2653 -2739 -2793 -2852 -2905 -2932 -2944 -2934 -2899 -2840 -2764 -2664 -2547 -2420 -2298 -2157 -2026 -1914 -1785 -1656 -1522 -1390 -1265 -1150 -1025 -904 -795 -680 -581 -482 -383 -288 -192 -88 12 111 215 317 419 520 614 704 792 881 945 1009 1070 
1118 1163 1198 1230 1257 1281 1299 1319 1329 1342 1339 1334 1320 1300 1282 1239 1200 1159 1109 1058 1006 950 896 837 779 717 650 585 516 450 372 299 228 155 86 12 -56 -121 -187 -250 -317 -378 -436 -490 -546 -605 -650 -698 -740 -781 -813 -850 -883 -903 -923 -946 -959 -975 -981 -987 -985 -979 -975 -966 -954 -934 -918 -896 -869 -838 -809 -775 -737 -700 -660 -617 -573 -532 -490 -439 -387 -342 -295 -238 -190 -139 -84 -30 23 69 120 167 213 259 306 345 383 419 453 492 
519 553 576 596 619 635 651 666 678 689 697 703 704 704 697 692 686 669 654 636 614 595 570 542 515 482 449 416 378 342 309 273 231 200 163 131 91 66 29 -7 -45 -80 -119 -155 -194 -229 -264 -306 -336 -362 -389 -411 -425 -446 -457 -470 -484 -492 -499 -503 -505 -504 -508 -510 -507 -500 -497 -487 -479 -465 -453 -438 -422 -402 -386 -364 -343 -318 -291 -271 -245 -216 -194 -170 -145 -118 -90 -61 -38 -12 16 40 65 92 117 139 158 183 198 213 
230 239 250 267 279 285 294 303 307 309 312 315 313 315 312 311 300 298 293 282 272 264 250 243 234 218 207 191 174 155 140 117 98 81 66 40 26 7 -14 -31 -46 -62 -74 -93 -105 -119 -132 -147 -155 -167 -181 -184 -195 -200 -202 -208 -215 -214 -216 -212 -216 -217 -212 -214 -208 -201 -198 -191 -182 -179 -167 -159 -154 -140 -128 -122 -110 -100 -93 -78 -71 -53 -44 -29 -19 -10 2 11 25 35 47 56 62 65 73 77 85 88 88 89 
97 95 96 97 97 99 92 90 87 82 81 73 72 68 61 57 47 48 35 27 20 17 10 -1 -4 -13 -14 -24 -32 -30 -39 -44 -47 -54 -56 -60 -66 -70 -70 -67 -69 -69 -68 -67 -65 -71 -71 -64 -63 -60 -55 -54 -49 -41 -42 -39 -32 -29 -26 -19 -18 -8 -4 -4 0 8 9 10 15 16 19 18 23 20 17 20 16 15 15 12 14 10 8 4 5 -2 -2 -8 -8 -16 -18 -17 -19 -25 -28 -27 -29 -29 -31 -28 
-34 -33 -32 -32 -35 -31 -34 -32 -33 -32 -29 -27 -25 -19 -22 -18 -15 -14 -12 -6 -7 -6 -3 -10 -5 -3 -1 0 1 1 -3 -2 -2 -7 -5 -9 -7 -6 -7 -13 -11 -13 -18 -15 -23 -24 -24 -21 -22 -25 -20 -23 -23 -24 -22 -25 -21 -19 -17 -17 -14 -15 -12 -13 -15 -11 -4 -12 -10 -8 -7 -10 -11 -7 -14 -10 -10 -11 -11 -14 -13 -12 -16 -12 -15 -16 -18 -18 -13 -18 -14 -19 -17 -16 -19 -19 -20 -18 -18 -17 
-15 -16 -17 -19 -17 -13 -13 -15 -15 -13 -10 -12 -15 -11 -15 -16 -12 -15 -17 -14 -18 -17 -14 -12 -8 -9 -13 -8 -13 -11 -16 -16 -16 -18 -18 -20 -20 -19 -20 -19 -16 -16 -17 -11 -15 -12 -13 -11 -11 -13 -10 -15 -15 -19 -15 -13 -15 -9 -9 -10 -11 -13 -10 -15 -10 -17 -13 -16 -13 -17 -14 -19 -22 -21 -20 -22 -20 -21 -16 -17 -25 -14 -16 -18 -12 -14 -12 -14 -9 -11 -12 -8 -9 -9 -9 -9 -14 -11 -8 -15 
-9 -16 -15 -15 -13 -15 -16 -16 -18 -14 -18 -13 -18 -18 -13 -15 -17 -15 -15 -15 -15 -18 -12 -15 -15 -14 -18 -17 -15 -13 -14 -13 -13 -9 -13 -14 -11 -15 -16 -13 -8 -7 -10 -8 -8 -11 -14 -10 -17 -14 -11 -15 -19 -19 -17 -20 -24 -18 -21 -24 -23 -17 -17 -17 -17 -13 -13 -12 -17 -14 -13 -15 -9 -12 -11 -10 -11 -8 -10 -7 -12 -6 -13 -16 -13 -16 -13 -13 -16 -13 -12 -15 -14 -17 -15 -16 -17 -17 -15 -16 
-14 -21 -12 -14 -18 -17 -9 -12 -12 -13 -17 -12 -15 -13 -11 -14 -13 -13 -16 -17 -11 -9 -16 -14 -18 -15 -16 -18 -15 -13 -15 -17 -19 -15 -15 -13 -16 -16 -13 -13 -13 -16 -15 -16 -16 -17 -20 -18 -14 -14 -16 -14 -11 -15 -13 -15 -12 -16 -14 -13 -14 -10 -12 -14 -10 -13 -18 -18 -13 -13 -19 -11 -17 -17 -16 -15 -14 -20 -17 -20 -11 -22 -17 -13 -15 -18 -17 -18 -14 -15 -12 -12 -16 -11 -11 -16 -28 -23 -24 -17 
-20 -17 -13 -14 -6 -5 -10 -13 -17 -20 -18 -17 -23 -19 -18 -21 -14 -16 -8 -10 -11 -19 -23 -19 -33 -32 -32 -32 -27 -23 -20 -16 -16 -12 -15 -10 -16 -13 -10 -7 -8 -8 -17 -19 -18 -29 -24 -23 -23 -17 -19 -22 -24 -15 -18 -11 -11 -1 -2 1 6 18 34 44 64 100 150 215 273 346 406 466 527 587 648 688 729 754 812 919 1080 1303 1549 1790 2014 2201 2360 2500 2628 2740 2871 3012 3165 3335 3522 3720 3908 4103 4285 4444 
4583 4718 4826 4940 5049 5134 5198 5206 5180 5150 5095 5020 4946 4850 4731 4606 4471 4308 4135 3926 3701 3469 3233 2992 2752 2523 2297 2057 1823 1570 1304 1028 750 482 201 -61 -310 -546 -777 -984 -1184 -1375 -1554 -1721 -1866 -2003 -2133 -2244 -2344 -2436 -2535 -2609 -2673 -2714 -2746 -2759 -2750 -2733 -2689 -2619 -2532 -2445 -2350 -2263 -2168 -2064 -1954 -1854 -1739 -1622 -1499 -1366 -1226 -1098 -966 -846 -723 -611 -504 -416 -337 -264 -200 -136 -68 11 103 198 295 388 472 550 617 673 724 758 790 820 829 845 
851 858 862 859 862 861 858 852 844 824 806 780 746 709 672 633 591 549 507 462 413 369 312 257 207 151 94 38 -19 -73 -124 -178 -228 -278 -323 -369 -413 -454 -497 -529 -568 -599 -630 -658 -681 -704 -721 -740 -757 -763 -770 -783 -788 -786 -779 -775 -767 -752 -737 -726 -708 -690 -667 -647 -614 -587 -557 -524 -492 -454 -417 -378 -337 -298 -262 -223 -183 -143 -97 -58 -15 24 67 97 136 172 204 239 275 304 329 353 374 393 421 437 455 469 486 494 
501 513 518 519 521 524 520 520 516 510 498 487 473 458 440 426 404 379 360 337 304 283 257 231 198 170 137 105 80 50 15 -14 -43 -68 -97 -122 -143 -172 -194 -210 -233 -259 -273 -291 -304 -315 -328 -337 -345 -350 -357 -372 -371 -371 -369 -369 -363 -357 -348 -350 -341 -336 -319 -306 -287 -266 -243 -223 -202 -183 -166 -142 -120 -99 -82 -69 -50 -28 -9 11 32 58 74 90 108 126 153 176 190 209 229 246 267 276 287 294 308 310 310 316 
318 317 316 308 309 301 295 288 285 281 279 269 258 242 227 206 190 167 147 131 111 91 72 49 34 15 -6 -21 -35 -58 -76 -102 -119 -136 -150 -171 -188 -199 -212 -221 -227 -225 -228 -226 -229 -230 -235 -235 -233 -238 -239 -233 -233 -233 -231 -229 -223 -214 -205 -192 -178 -168 -153 -140 -126 -108 -91 -74 -61 -40 -23 -9 5 22 30 39 59 70 82 97 101 110 114 122 126 126 132 137 139 136 136 141 142 147 148 147 143 142 134 126 
119 107 105 86 73 66 50 38 26 21 9 1 -11 -17 -26 -33 -37 -46 -43 -49 -54 -63 -70 -74 -82 -88 -98 -101 -107 -112 -122 -118 -118 -118 -116 -112 -114 -106 -104 -104 -96 -90 -82 -76 -68 -60 -51 -46 -37 -38 -28 -27 -22 -23 -17 -13 -7 -1 3 11 15 18 24 28 29 34 36 32 30 32 27 29 29 25 28 24 29 21 15 11 7 6 6 -3 -3 -7 -5 -11 -10 -14 -23 -27 -33 -31 -30 -30 -34 -31 -31 -29 
-30 -24 -22 -26 -29 -27 -23 -23 -19 -18 -19 -24 -22 -21 -20 -17 -9 -9 -6 -7 -10 -11 -14 -15 -20 -21 -22 -27 -27 -28 -21 -26 -18 -17 -15 -9 -5 -3 -2 4 5 18 15 15 10 5 3 -7 -19 -29 -37 -45 -46 -50 -46 -45 -43 -39 -27 -26 -17 -15 -4 2 1 1 3 1 2 2 0 1 -5 -10 -5 -11 -14 -8 -14 -16 -18 -15 -17 -21 -18 -14 -17 -17 -16 -23 -20 -19 -19 -25 -25 -26 -23 -23 -20 -19 
-16 -14 -11 -10 -6 4 5 5 4 9 5 4 1 -5 2 -4 -10 -3 1 -3 -1 -2 -1 1 -1 3 1 -5 -7 -8 -11 -18 -23 -28 -32 -33 -34 -33 -35 -35 -32 -34 -29 -22 -18 -14 -5 -4 3 -1 -2 2 5 9 5 3 6 -1 5 3 7 5 6 8 12 13 10 3 0 -8 -15 -26 -33 -43 -46 -53 -55 -57 -60 -59 -61 -55 -58 -49 -48 -43 -37 -30 -27 -21 -17 -9 1 2 6 13 11 16 13 12 
10 9 5 -3 -7 -13 -17 -21 -23 -23 -24 -23 -17 -18 -19 -14 -13 -14 -10 -9 -6 -5 -6 -7 -11 -13 -14 -20 -18 -22 -20 -16 -15 -17 -17 -13 -14 -17 -12 -10 -11 -13 -9 -12 -11 -10 -10 -17 -13 -16 -14 -16 -16 -16 -12 -13 -12 -15 -11 -11 -9 -11 -10 -13 -12 -13 -10 -17 -10 -20 -19 -18 -18 -21 -21 -22 -19 -19 -12 -7 -7 -2 -3 1 2 3 4 1 -7 -6 -8 -16 -22 -30 -35 -37 -43 -45 -46 -43 
-46 -45 -41 -33 -32 -30 -23 -28 -22 -18 -15 -17 -12 -14 -13 -16 -14 -14 -13 -8 -4 -7 -1 -3 2 1 -1 0 -2 -5 -1 -7 -7 -15 -15 -17 -18 -25 -24 -27 -23 -30 -28 -31 -25 -29 -24 -23 -17 -20 -18 -19 -13 -11 -9 -4 -2 0 0 -7 -5 -7 -11 -17 -22 -22 -22 -24 -26 -25 -24 -21 -21 -17 -11 -9 -3 -2 3 4 5 6 2 -5 1 -4 -4 -10 -12 -15 -16 -12 -15 -15 -21 -24 -24 -22 -12 -18 
-24 -15 -12 -12 -13 -12 -5 -6 -5 -9 -10 -15 -10 -13 -14 -16 -17 -18 -23 -20 -23 -23 -26 -29 -27 -25 -23 -21 -22 -23 -29 -18 -20 -20 -18 -17 -14 -11 -9 -3 1 3 2 13 22 21 29 33 38 43 49 47 40 40 37 43 43 47 51 57 64 74 95 114 133 156 205 264 325 392 461 535 635 764 939 1164 1414 1651 1877 2105 2330 2540 2722 2880 3016 3144 3269 3404 3552 3723 3890 4021 4144 4283 4412 4556 4709 4798 4854 4868 
4841 4782 4728 4685 4643 4577 4498 4405 4305 4201 4085 3970 3846 3715 3563 3396 3220 3040 2850 2652 2445 2237 2012 1790 1566 1342 1107 874 635 412 207 14 -178 -355 -531 -694 -861 -1022 -1170 -1305 -1436 -1551 -1663 -1743 -1802 -1862 -1907 -1946 -1967 -1971 -1959 -1949 -1911 -1856 -1783 -1705 -1616 -1519 -1424 -1348 -1266 -1194 -1119 -1055 -1000 -949 -911 -865 -820 -773 -728 -674 -620 -569 -535 -504 -465 -434 -400 -360 -329 -295 -258 -227 -200 -177 -163 -148 -140 -128 -119 -104 -90 -73 -50 -45 -35 -25 -11 2 
21 31 48 64 79 92 108 125 125 140 144 148 153 150 148 147 140 134 134 129 125 118 110 94 77 63 43 8 -28 -85 -143 -204 -266 -329 -385 -434 -480 -525 -568 -601 -644 -677 -714 -746 -764 -782 -795 -800 -809 -798 -788 -770 -749 -720 -700 -664 -626 -586 -541 -492 -448 -399 -348 -296 -252 -212 -169 -128 -84 -40 -2 36 79 118 154 191 220 258 285 314 343 367 396 419 444 454 465 479 485 496 495 495 494 493 486 470 454 437 425 404 
377 359 334 310 281 260 228 211 189 172 150 138 125 112 97 83 71 60 56 47 38 28 24 15 8 -4 -5 -18 -27 -39 -42 -44 -52 -51 -52 -46 -38 -32 -32 -32 -34 -30 -30 -31 -25 -20 -15 -16 -10 -9 -3 -2 -2 4 13 20 26 32 43 45 58 68 73 92 102 107 115 120 130 130 136 136 144 147 139 139 134 130 122 121 105 94 79 70 54 42 32 19 9 -1 -8 -17 -26 -30 -42 -42 -45 -50 -58 -64 
-69 -71 -78 -82 -89 -90 -88 -90 -99 -99 -96 -96 -92 -90 -86 -83 -80 -77 -78 -79 -80 -73 -75 -71 -71 -69 -70 -69 -71 -72 -72 -74 -78 -71 -72 -68 -63 -60 -52 -54 -50 -49 -51 -56 -57 -59 -62 -55 -45 -41 -37 -36 -33 -26 -20 -19 -20 -18 -22 -21 -19 -11 -12 -5 5 1 13 17 21 23 25 29 33 37 36 38 45 42 41 42 45 43 41 43 41 37 39 30 26 22 15 12 8 5 1 -7 -11 -13 -19 -24 
-27 -36 -36 -37 -41 -43 -45 -48 -52 -53 -53 -50 -52 -51 -45 -48 -42 -42 -43 -39 -33 -39 -33 -32 -26 -23 -21 -21 -16 -8 -8 -9 -4 0 -3 -4 5 3 8 8 6 6 7 6 6 5 6 0 5 3 -6 -7 -5 -8 -8 -11 -11 -16 -15 -15 -12 -14 -15 -15 -17 -17 -14 -21 -16 -20 -21 -23 -22 -23 -17 -21 -20 -19 -20 -22 -17 -19 -17 -21 -17 -21 -17 -20 -13 -17 -20 -18 -19 -16 -16 -20 -18 -16 -18 -19 
-15 -15 -17 -14 -14 -19 -10 -15 -12 -13 -12 -13 -11 -12 -8 -10 -9 -11 -6 -13 -13 -8 -7 -12 -12 -12 -16 -16 -14 -11 -9 -14 -18 -17 -18 -19 -17 -19 -19 -17 -18 -16 -11 -15 -10 -9 -8 -10 -10 -9 -12 -7 -9 -10 -12 -11 -11 -16 -17 -13 -14 -17 -21 -15 -18 -18 -20 -19 -14 -18 -15 -17 -14 -18 -14 -18 -13 -14 -14 -11 -11 -10 -10 -9 -12 -11 -11 -8 -13 -9 -7 -8 -10 -9 -12 -14 -11 -12 -15 -16 
-20 -15 -15 -17 -20 -12 -19 -16 -17 -15 -12 -14 -14 -18 -17 -16 -14 -13 -14 -14 -16 -16 -21 -13 -18 -16 -14 -9 -8 -9 -11 -15 -14 -15 -11 -15 -9 -11 -13 -13 -11 -12 -11 -15 -16 -11 -14 -14 -11 -14 -16 -12 -17 -13 -16 -14 -16 -18 -18 -17 -17 -18 -14 -14 -16 -16 -18 -7 -13 -12 -13 -9 -10 -14 -13 -11 -10 -14 -12 -13 -17 -15 -18 -17 -12 -14 -14 -18 -12 -10 -13 -12 -9 -14 -10 -11 -9 -10 -13 -11 
-15 -14 -15 -19 -15 -14 -17 -13 -18 -16 -20 -17 -17 -23 -17 -17 -17 -15 -16 -17 -14 -14 -14 -15 -11 -13 -16 -12 -13 -17 -13 -15 -15 -15 -19 -17 -14 -15 -16 -16 -19 -14 -19 -14 -13 -17 -11 -13 -15 -11 -9 -7 -13 -10 -9 -12 -14 -15 -15 -14 -17 -15 -17 -16 -16 -15 -15 -15 -21 -19 -13 -16 -11 -16 -12 -14 -14 -9 -13 -6 -11 -16 -15 -10 -12 -15 -12 -16 -14 -15 -18 -14 -18 -21 -15 -19 -18 -19 -15 -16 
-13 -16 -14 -15 -17 -18 -13 -13 -14 -17 -10 -11 -8 -12 -12 -11 -17 -13 -8 -10 -11 -12 -10 -15 -14 -16 -15 -17 -16 -16 -16 -18 -16 -17 -14 -16 -16 -17 -14 -13 -14 -14 -14 -14 -18 -15 -10 -13 -9 -12 -8 -13 -11 -16 -15 -10 -15 -10 -14 -15 -10 -13 -11 -15 -17 -15 -14 -16 -12 -10 -9 -16 -15 -15 -13 -14 -16 -12 -18 -18 -18 -11 -17 -19 -17 -17 -16 -18 -20 -15 -17 -21 -16 -14 -17 -12 -12 -16 -20 -25 
-26 -27 -27 -32 -30 -29 -23 -21 -10 -8 -4 -9 -6 -2 -7 -10 -6 -4 6 9 3 2 2 5 -3 -5 -11 -11 -11 -9 -11 -14 -10 -11 -11 -14 -15 -11 -7 -18 -17 -17 -9 -11 -3 -2 5 13 20 6 -7 -12 -19 -15 -10 -10 -17 -15 -16 -17 -21 -26 -25 -27 -21 -22 -22 -21 -8 -3 8 7 22 36 67 113 183 249 329 405 484 566 628 669 699 721 770 805 883 1016 1203 1452 1745 2044 2311 2511 2673 2797 2896 2974 
3050 3131 3242 3397 3582 3771 3975 4196 4389 4564 4708 4848 4965 5067 5139 5197 5213 5222 5208 5190 5140 5077 4989 4880 4746 4591 4403 4197 3994 3749 3512 3268 3029 2791 2552 2305 2061 1801 1536 1260 976 689 410 133 -149 -415 -667 -902 -1118 -1311 -1497 -1663 -1819 -1952 -2077 -2182 -2280 -2396 -2501 -2581 -2643 -2698 -2739 -2757 -2751 -2700 -2626 -2536 -2434 -2316 -2203 -2102 -1990 -1885 -1798 -1729 -1665 -1610 -1556 -1500 -1454 -1405 -1343 -1260 -1160 -1051 -939 -808 -676 -539 -403 -269 -144 -48 38 102 150 192 220 245 
271 296 328 356 395 437 485 537 586 628 660 682 698 717 714 723 722 725 721 716 713 702 696 686 661 640 615 590 555 520 494 455 420 381 347 309 272 232 195 157 110 73 28 -23 -69 -117 -154 -200 -239 -279 -312 -350 -385 -414 -444 -471 -497 -520 -541 -559 -577 -589 -599 -606 -614 -620 -623 -622 -620 -616 -609 -602 -587 -576 -558 -545 -521 -500 -475 -454 -427 -403 -374 -348 -313 -280 -246 -215 -183 -155 -115 -78 -43 -8 22 53 88 116 151 176 
203 228 257 276 300 320 334 349 360 374 384 392 396 405 411 409 415 413 408 403 404 397 381 373 360 343 332 324 304 285 264 243 225 202 183 157 138 109 84 60 38 14 -13 -40 -57 -81 -102 -125 -145 -162 -185 -210 -227 -251 -272 -293 -320 -340 -371 -399 -423 -450 -476 -498 -516 -536 -550 -560 -571 -582 -577 -578 -578 -568 -563 -546 -537 -513 -491 -472 -448 -421 -392 -361 -330 -302 -272 -250 -216 -188 -157 -132 -103 -74 -54 -29 -6 15 36 58 
76 99 121 133 154 159 174 176 181 189 192 186 186 183 181 175 171 160 158 153 138 130 118 109 97 92 83 74 62 55 49 41 31 27 23 20 22 20 19 20 24 23 29 27 29 34 41 44 54 59 62 65 66 79 84 80 88 91 87 88 88 86 83 76 64 66 57 48 41 31 18 3 -6 -15 -25 -28 -39 -50 -57 -66 -69 -82 -81 -82 -84 -85 -88 -83 -78 -71 -70 -68 -63 -54 -45 -41 -32 -23 -15 -1 
4 12 15 25 33 40 48 53 57 63 65 66 70 70 73 72 75 71 70 66 61 54 56 51 46 43 47 40 38 38 35 32 32 34 29 31 29 33 32 37 32 35 37 39 35 34 33 29 30 27 21 27 25 24 20 16 21 20 16 14 13 15 11 11 13 9 10 10 12 11 10 13 9 13 8 3 8 9 6 9 4 4 7 -2 7 2 7 4 4 0 1 2 -5 -4 -3 -11 -8 -12 -11 -17 
-14 -13 -14 -14 -21 -16 -20 -21 -16 -18 -16 -24 -17 -19 -18 -18 -13 -19 -18 -16 -18 -14 -15 -14 -12 -19 -12 -20 -17 -17 -12 -13 -14 -17 -8 -16 -15 -16 -16 -13 -13 -16 -15 -17 -15 -14 -16 -17 -13 -18 -15 -16 -15 -17 -12 -14 -17 -13 -15 -16 -16 -18 -13 -20 -18 -19 -16 -19 -17 -17 -16 -16 -15 -14 -15 -13 -13 -10 -14 -12 -15 -17 -12 -13 -12 -13 -10 -14 -11 -16 -10 -14 -13 -17 -15 -13 -15 -14 -14 -13 
-16 -16 -13 -14 -13 -18 -14 -17 -14 -15 -11 -8 -10 -11 -7 -13 -9 -15 -13 -12 -14 -11 -9 -11 -14 -11 -13 -12 -13 -14 -18 -17 -20 -18 -18 -16 -17 -18 -20 -20 -21 -17 -19 -17 -14 -10 -14 -13 -7 -8 -6 -9 -5 -4 -2 -7 -9 -7 -8 -9 -9 -12 -14 -13 -12 -14 -13 -16 -13 -14 -13 -16 -16 -22 -18 -15 -18 -13 -20 -19 -22 -16 -16 -20 -17 -19 -16 -15 -16 -12 -13 -10 -11 -4 -9 -9 -11 -7 -6 -5 
-10 -8 -10 -10 -10 -14 -12 -17 -18 -19 -24 -23 -20 -22 -21 -23 -24 -24 -26 -25 -23 -22 -21 -15 -19 -16 -14 -12 -11 -6 -10 -9 1 -10 0 -5 -4 -6 -4 -1 -7 -6 -4 -12 -9 -12 -11 -17 -19 -19 -20 -22 -24 -20 -20 -20 -19 -18 -16 -21 -18 -20 -16 -18 -15 -21 -18 -16 -15 -12 -15 -13 -11 -14 -16 -13 -12 -8 -7 -10 -11 -9 -11 -10 -8 -10 -10 -8 -13 -10 -14 -11 -16 -16 -19 -20 -16 -25 -20 -20 
-21 -18 -19 -20 -15 -16 -15 -19 -17 -10 -14 -13 -11 -12 -10 -17 -14 -14 -12 -12 -11 -11 -16 -12 -15 -11 -11 -10 -10 -14 -12 -15 -12 -9 -10 -11 -9 -11 -15 -15 -22 -16 -16 -18 -18 -18 -15 -19 -23 -24 -17 -20 -14 -16 -15 -13 -12 -14 -8 -13 -8 -7 -9 -8 -6 -7 -9 -9 -7 -13 -10 -3 -13 -11 -14 -13 -17 -15 -14 -15 -17 -14 -15 -16 -13 -14 -7 -6 -11 -7 -10 -16 -19 -17 -13 -21 -23 -23 -15 -18 
-11 -8 -9 -5 -3 9 2 -6 -12 -8 -11 -2 -1 0 -1 9 4 4 1 -3 -2 0 -6 -13 -13 -17 -20 -23 -17 -12 -9 -8 -3 -11 -14 -17 -21 -12 -14 -14 -17 -15 -18 -24 -22 -19 -16 -14 -16 -20 -18 -25 -24 -33 -45 -50 -47 -40 -31 -18 -8 -1 13 32 39 36 31 34 40 45 39 32 26 15 7 10 15 39 83 138 209 288 354 431 503 562 604 628 661 700 733 781 877 1033 1238 1488 1768 2066 2345 2543 
2696 2808 2892 2961 3036 3128 3234 3359 3497 3650 3838 4038 4244 4458 4685 4919 5111 5206 5218 5167 5087 4989 4892 4788 4715 4661 4611 4530 4422 4252 4057 3835 3600 3353 3119 2892 2676 2473 2273 2069 1866 1660 1440 1204 961 717 465 210 -30 -265 -491 -716 -932 -1145 -1344 -1540 -1723 -1884 -2033 -2167 -2282 -2390 -2486 -2584 -2684 -2766 -2839 -2905 -2956 -2985 -2999 -2998 -2972 -2914 -2827 -2717 -2602 -2469 -2333 -2198 -2054 -1912 -1767 -1637 -1521 -1414 -1308 -1210 -1107 -1006 -886 -762 -633 -501 -363 -225 -91 35 153 263 
369 479 574 671 760 839 914 985 1046 1105 1157 1207 1248 1297 1335 1379 1415 1441 1462 1481 1485 1481 1471 1446 1426 1381 1342 1299 1244 1187 1127 1065 999 929 863 787 719 643 566 487 401 322 240 157 78 3 -69 -139 -207 -278 -352 -413 -480 -542 -595 -652 -702 -745 -786 -828 -860 -900 -925 -948 -969 -987 -999 -1007 -1014 -1017 -1013 -1002 -997 -989 -969 -948 -926 -898 -870 -839 -808 -771 -734 -696 -651 -606 -558 -505 -450 -397 -344 -291 -239 -183 -127 -75 -23 34 84 135 
189 233 279 318 356 394 423 458 480 499 518 535 545 555 556 551 554 561 557 555 553 544 525 514 489 471 450 425 399 369 345 318 292 263 236 206 176 148 120 97 68 40 19 -8 -33 -55 -80 -103 -121 -136 -154 -171 -191 -203 -217 -226 -236 -241 -245 -253 -256 -254 -255 -250 -247 -243 -235 -227 -219 -210 -203 -193 -184 -168 -151 -136 -123 -109 -99 -84 -66 -51 -34 -19 -6 7 20 34 50 55 73 79 94 103 109 118 121 132 137 138 
138 144 138 143 143 139 139 134 131 124 118 117 108 106 97 91 80 76 67 59 48 37 26 17 7 -2 -9 -24 -31 -37 -51 -56 -63 -69 -80 -82 -87 -90 -98 -101 -103 -106 -108 -109 -107 -106 -110 -108 -107 -103 -103 -102 -93 -90 -83 -84 -77 -71 -70 -66 -61 -50 -46 -37 -30 -26 -24 -15 -13 -3 3 5 12 12 19 20 28 23 28 33 31 36 33 30 29 24 20 9 10 5 -2 -5 -12 -17 -17 -20 -29 -31 -36 -40 
-40 -40 -44 -43 -43 -45 -43 -42 -44 -42 -40 -36 -37 -38 -38 -33 -32 -25 -29 -22 -20 -13 -15 -9 -9 -5 -2 2 -3 5 5 8 6 10 9 8 11 9 11 9 8 6 8 8 7 5 6 7 8 3 1 2 0 -4 0 -11 -8 -5 -10 -15 -13 -14 -13 -17 -15 -17 -21 -17 -19 -18 -19 -21 -22 -19 -19 -17 -21 -14 -15 -17 -17 -17 -15 -14 -11 -13 -10 -15 -11 -10 -10 -13 -9 -12 -8 -7 -10 -6 -8 -11 
-8 -12 -12 -14 -14 -11 -14 -11 -16 -11 -19 -17 -19 -17 -15 -16 -15 -16 -18 -19 -22 -19 -21 -22 -17 -17 -19 -15 -18 -14 -15 -19 -13 -12 -12 -11 -8 -10 -13 -7 -5 -3 -11 -6 -4 -4 -8 -12 -12 -11 -9 -13 -15 -14 -15 -18 -16 -17 -22 -18 -20 -16 -19 -19 -21 -24 -19 -17 -15 -19 -14 -17 -14 -15 -17 -14 -16 -10 -10 -10 -7 -8 -8 -6 -13 -12 -10 -15 -10 -11 -12 -11 -15 -16 -9 -18 -13 -9 -14 -15 
-16 -21 -14 -20 -20 -18 -16 -13 -12 -13 -13 -14 -15 -16 -9 -13 -16 -16 -10 -15 -15 -12 -15 -12 -13 -15 -15 -14 -10 -9 -13 -13 -13 -14 -17 -15 -11 -14 -13 -14 -13 -11 -16 -17 -15 -14 -14 -19 -16 -16 -20 -13 -17 -15 -19 -17 -15 -17 -19 -19 -11 -16 -14 -16 -11 -16 -12 -9 -12 -11 -6 -10 -8 -8 -9 -6 -9 -10 -13 -14 -13 -18 -15 -20 -18 -19 -20 -21 -20 -20 -23 -22 -20 -22 -21 -18 -21 -22 -20 -18 
-20 -19 -18 -19 -17 -14 -13 -10 -12 -10 -10 -6 -14 -11 -11 -12 -13 -8 -13 -16 -17 -18 -16 -21 -14 -17 -22 -22 -19 -22 -23 -24 -18 -24 -20 -21 -20 -19 -30 -31 -35 -40 -46 -54 -57 -65 -72 -80 -86 -94 -95 -101 -103 -108 -109 -109 -101 -105 -104 -100 -93 -91 -93 -86 -77 -71 -64 -63 -53 -48 -44 -37 -29 -28 -19 -12 -14 -8 -5 3 -2 1 2 2 3 3 3 1 -3 0 2 -8 -4 -5 -4 -4 -5 -9 -6 -6 
-12 -7 -12 -13 -12 -9 -16 -15 -14 -7 -11 -13 -10 -14 -14 -16 -16 -18 -16 -17 -19 -23 -20 -18 -20 -16 -21 -18 -15 -19 -14 -14 -11 -16 -12 -10 -14 -11 -7 -6 -4 -3 0 -1 1 3 0 3 0 1 -3 0 -6 -10 -7 -16 -20 -21 -20 -19 -17 -20 -19 -21 -18 -21 -19 -20 -21 -18 -19 -15 -16 -9 -12 -7 -5 -8 -2 -1 -5 -3 -6 -2 -10 -8 -5 -8 -12 -11 -11 -19 -17 -18 -22 -19 -14 -15 -14 -14 
-11 -7 -8 -8 -16 -20 -17 -15 -17 -14 -11 -15 -17 -18 -16 -21 -27 -29 -27 -28 -23 -26 -24 -19 -13 0 6 2 18 25 43 58 85 119 165 225 295 374 457 530 619 701 797 858 915 939 892 837 835 907 1053 1230 1449 1683 1871 2037 2181 2311 2424 2530 2620 2715 2831 2978 3176 3430 3685 3939 4187 4423 4634 4808 4953 5074 5178 5264 5358 5454 5553 5642 5721 5776 5815 5827 5784 5714 5616 5511 5379 5222 5063 4885 4687 4482 4234 3941 3676 3325 2915 2473 
1989 1494 1002 529 108 -306 -689 -1073 -1455 -1835 -2206 -2557 -2880 -3189 -3478 -3747 -3956 -4137 -4280 -4359 -4467 -4567 -4606 -4640 -4677 -4705 -4713 -4720 -4723 -4702 -4648 -4582 -4497 -4406 -4309 -4195 -4073 -3948 -3818 -3683 -3546 -3394 -3243 -3079 -2895 -2694 -2487 -2271 -2050 -1821 -1588 -1358 -1131 -903 -681 -456 -232 -12 205 414 624 835 1033 1234 1429 1617 1817 2011 2179 2344 2507 2677 2839 2972 3078 3137 3159 3136 3138 3128 3084 3031 2971 2891 2827 2736 2622 2493 2363 2237 2107 1986 1850 1716 1571 1428 1271 1112 958 814 
675 539 413 294 185 74 -33 -133 -233 -328 -418 -509 -596 -670 -734 -800 -858 -900 -952 -992 -1025 -1056 -1080 -1103 -1118 -1123 -1126 -1125 -1115 -1102 -1084 -1064 -1042 -1011 -982 -946 -910 -868 -829 -783 -740 -692 -640 -590 -532 -469 -410 -350 -291 -232 -175 -116 -60 -1 53 116 173 230 285 334 382 431 473 524 561 599 636 669 699 726 752 773 791 798 812 814 813 803 796 773 766 733 709 673 639 602 562 523 482 441 398 352 314 261 223 173 126 81 36 -12 
-49 -92 -133 -171 -206 -239 -279 -310 -336 -366 -384 -411 -426 -447 -460 -471 -486 -490 -498 -495 -497 -498 -494 -487 -483 -474 -461 -448 -430 -418 -404 -385 -363 -340 -316 -298 -270 -243 -219 -191 -163 -135 -106 -79 -58 -28 -2 21 45 69 85 107 124 139 147 159 173 174 183 190 190 187 186 178 174 165 159 146 142 130 119 111 98 82 70 55 48 36 25 13 -3 -10 -18 -24 -36 -39 -43 -48 -51 -55 -55 -59 -63 -57 -60 -50 -55 -43 -43 -33 
-34 -26 -23 -14 -6 3 10 16 18 25 32 38 47 53 59 62 63 68 74 76 81 79 79 84 87 93 93 90 90 93 91 90 90 80 78 76 72 72 70 64 62 55 48 44 37 31 28 19 18 11 4 -4 -11 -13 -23 -28 -32 -37 -39 -41 -50 -52 -50 -55 -59 -60 -58 -66 -60 -61 -65 -63 -58 -61 -60 -53 -54 -47 -42 -43 -38 -33 -32 -23 -26 -15 -17 -11 -3 0 -1 1 6 7 7 9 11 11 12 14 
9 14 13 14 14 11 8 1 3 0 -3 -4 -14 -12 -16 -18 -23 -21 -30 -30 -31 -31 -35 -33 -35 -36 -34 -39 -33 -34 -37 -36 -37 -30 -29 -27 -23 -24 -20 -24 -15 -15 -15 -13 -12 -7 -8 -7 -4 -4 -7 -4 -2 1 1 -2 3 2 -3 -3 -7 -7 -4 -7 -8 -10 -12 -13 -13 -17 -14 -17 -18 -20 -18 -14 -23 -27 -24 -24 -23 -25 -29 -27 -25 -26 -27 -26 -21 -24 -22 -21 -25 -23 -22 -19 -21 -15 -13 -8 
-8 -15 -12 -12 -11 -14 -6 -8 -9 -5 -11 -10 -9 -12 -9 -12 -13 -12 -12 -13 -12 -18 -12 -13 -15 -18 -18 -14 -15 -23 -17 -23 -20 -19 -24 -26 -17 -22 -15 -17 -21 -15 -18 -13 -15 -16 -18 -13 -20 -17 -19 -14 -19 -16 -14 -17 -16 -12 -12 -17 -13 -16 -13 -7 -8 -10 -9 -7 -8 -9 -8 -7 -10 -9 -9 -13 -12 -16 -15 -15 -15 -15 -16 -21 -18 -18 -17 -15 -15 -20 -20 -20 -14 -14 -15 -14 -16 -17 -13 -11 
-11 -13 -10 -9 -10 -9 -11 -11 -8 -12 -11 -14 -12 -16 -15 -21 -16 -18 -18 -16 -18 -15 -22 -16 -16 -19 -19 -16 -16 -17 -20 -18 -13 -18 -12 -16 -16 -12 -16 -14 -10 -13 -13 -12 -12 -14 -10 -8 -9 -12 -9 -15 -10 -18 -13 -13 -14 -14 -14 -11 -15 -15 -15 -19 -18 -18 -17 -15 -15 -16 -19 -15 -15 -17 -18 -17 -17 -19 -13 -15 -18 -18 -14 -19 -17 -21 -19 -16 -15 -17 -13 -17 -16 -10 -13 -10 -13 -12 -9 -10 
-14 -12 -11 -13 -14 -18 -14 -16 -13 -15 -18 -16 -14 -18 -15 -14 -18 -17 -21 -14 -18 -16 -15 -21 -16 -21 -22 -17 -17 -23 -19 -15 -15 -9 -15 -20 -17 -18 -12 -14 -14 -11 -12 -17 -9 -12 -15 -18 -20 -18 -19 -21 -21 -17 -20 -18 -17 -17 -19 -19 -18 -16 -17 -20 -19 -17 -15 -16 -15 -15 -15 -14 -12 -12 -15 -9 -14 -8 -12 -9 -11 -12 -13 -15 -8 -12 -16 -18 -14 -14 -16 -15 -19 -15 -16 -16 -22 -18 -21 -15 
-18 -18 -18 -16 -17 -17 -17 -17 -14 -18 -17 -16 -15 -17 -11 -18 -13 -15 -12 -10 -14 -10 -13 -13 -14 -16 -16 -18 -17 -19 -20 -21 -22 -22 -23 -19 -23 -22 -18 -21 -19 -17 -15 -15 -16 -14 -15 -14 -17 -14 -16 -14 -14 -13 -10 -8 -14 -13 -13 -12 -15 -17 -16 -13 -15 -13 -16 -16 -17 -13 -17 -16 -16 -16 -19 -21 -18 -18 -12 -16 -17 -16 -15 -22 -20 -18 -15 -17 -15 -14 -21 -26 -21 -20 -22 -17 -23 -23 -23 -16 
-22 -23 -22 -23 -24 -17 -19 -20 -19 -17 -16 -16 -17 -12 -11 -10 -11 -13 -16 -13 -12 -11 -15 -16 -17 -21 -17 -20 -22 -17 -22 -20 -20 -25 -24 -27 -23 -28 -22 -24 -16 -11 -9 -7 -3 6 20 34 51 73 106 153 202 291 388 472 566 664 762 873 993 1130 1262 1398 1553 1687 1852 2035 2255 2480 2696 2898 3078 3257 3446 3656 3875 4103 4329 4527 4700 4841 4956 5068 5173 5281 5380 5488 5584 5678 5754 5814 5849 5839 5810 5751 5668 5567 5445 5302 
5151 4970 4754 4510 4232 3923 3604 3241 2799 2339 1864 1398 954 534 137 -247 -634 -1010 -1386 -1742 -2072 -2383 -2686 -2975 -3205 -3398 -3562 -3667 -3753 -3885 -3995 -4105 -4164 -4202 -4241 -4280 -4287 -4256 -4185 -4072 -3931 -3740 -3510 -3265 -3030 -2807 -2629 -2468 -2338 -2181 -2010 -1845 -1665 -1472 -1274 -1059 -851 -646 -458 -292 -128 29 176 329 476 619 749 879 991 1100 1201 1295 1386 1472 1552 1626 1696 1758 1826 1872 1916 1958 1979 2004 2022 2024 2021 2011 1989 1965 1937 1900 1861 1812 1764 1702 1641 1563 1484 1400 
1308 1212 1111 1006 900 791 671 551 429 313 185 67 -62 -180 -296 -415 -527 -637 -740 -843 -935 -1029 -1112 -1195 -1269 -1341 -1408 -1465 -1521 -1567 -1602 -1648 -1671 -1691 -1713 -1716 -1721 -1722 -1711 -1698 -1678 -1651 -1623 -1585 -1543 -1498 -1446 -1393 -1329 -1268 -1204 -1133 -1058 -984 -903 -817 -734 -645 -558 -464 -371 -286 -191 -105 -14 74 160 253 338 421 503 585 658 735 800 872 935 993 1046 1098 1141 1186 1222 1260 1289 1317 1336 1355 1369 1372 1371 1363 1350 1332 1307 1287 1246 1210 1167 1118 
1059 1003 933 871 800 730 659 585 508 428 348 267 187 100 19 -59 -137 -212 -288 -355 -428 -495 -558 -615 -667 -717 -759 -806 -849 -888 -919 -947 -974 -992 -1006 -1021 -1029 -1027 -1026 -1020 -1018 -1008 -987 -976 -954 -932 -905 -871 -833 -800 -759 -717 -675 -631 -585 -531 -490 -440 -388 -336 -285 -227 -175 -121 -64 -14 41 95 141 194 239 287 334 375 415 454 490 524 551 578 605 624 638 648 652 663 660 652 646 632 614 596 571 547 525 495 463 438 403 379 
341 315 275 243 213 177 146 115 84 55 22 -4 -36 -62 -85 -112 -137 -162 -182 -202 -221 -237 -253 -264 -278 -288 -291 -301 -306 -312 -308 -306 -307 -307 -305 -300 -295 -287 -282 -273 -268 -254 -241 -225 -213 -209 -191 -177 -160 -147 -128 -114 -95 -76 -60 -45 -29 -8 4 22 41 52 67 78 91 104 121 128 137 147 148 152 159 165 168 168 172 171 169 166 165 163 157 156 151 142 137 134 121 116 107 98 89 82 71 60 51 42 27 15 
4 -5 -14 -24 -29 -40 -55 -60 -66 -77 -81 -91 -94 -103 -107 -109 -114 -114 -119 -116 -116 -108 -110 -109 -110 -104 -105 -100 -95 -87 -86 -83 -78 -71 -65 -59 -54 -47 -41 -33 -34 -23 -16 -15 -7 -3 7 13 17 19 25 31 32 38 35 37 39 36 35 38 35 33 28 30 24 25 24 17 19 8 10 3 -2 -1 -9 -12 -17 -18 -26 -28 -30 -36 -37 -40 -41 -38 -44 -48 -44 -46 -46 -49 -47 -44 -38 -41 -41 -36 -33 -30 
-30 -23 -25 -22 -13 -15 -9 -8 -9 -3 -4 -2 3 2 3 3 6 7 5 8 6 0 0 1 0 -3 -8 -9 -15 -15 -21 -18 -22 -25 -28 -25 -25 -24 -27 -27 -25 -29 -25 -27 -27 -27 -22 -19 -18 -22 -16 -19 -21 -19 -19 -12 -12 -10 -9 -9 -8 -9 -7 -7 -9 -7 -11 -6 -8 -12 -9 -12 -10 -14 -14 -17 -17 -15 -19 -21 -21 -20 -18 -25 -20 -19 -22 -20 -19 -18 -22 -17 -18 -15 -15 -10 -17 -14 -16 -14 
-15 -13 -14 -12 -12 -10 -13 -14 -16 -15 -13 -11 -13 -12 -14 -12 -12 -13 -16 -16 -13 -18 -18 -22 -19 -16 -16 -16 -18 -14 -21 -12 -18 -20 -17 -16 -18 -21 -16 -18 -12 -18 -19 -15 -15 -19 -14 -14 -16 -13 -17 -14 -17 -13 -16 -16 -10 -15 -16 -14 -14 -18 -15 -16 -17 -13 -15 -16 -20 -17 -18 -20 -21 -17 -17 -17 -13 -17 -16 -14 -13 -18 -18 -18 -16 -14 -12 -18 -18 -19 -15 -19 -18 -20 -13 -16 -17 -17 -16 -14 
-16 -13 -11 -16 -16 -16 -10 -16 -15 -16 -11 -13 -14 -9 -15 -15 -13 -16 -12 -16 -20 -16 -16 -18 -19 -15 -17 -19 -20 -16 -17 -14 -18 -13 -18 -18 -14 -14 -19 -16 -12 -8 -12 -16 -18 -14 -17 -13 -15 -20 -15 -18 -20 -20 -16 -14 -14 -15 -13 -14 -16 -16 -16 -16 -15 -18 -16 -21 -18 -23 -18 -19 -21 -14 -16 -18 -18 -16 -16 -19 -16 -14 -10 -11 -15 -15 -17 -11 -14 -11 -10 -14 -15 -13 -12 -13 -7 -14 -10 -13 
-17 -16 -19 -14 -20 -16 -15 -19 -18 -23 -17 -14 -22 -18 -18 -17 -16 -17 -12 -16 -17 -14 -13 -9 -11 -14 -14 -8 -17 -14 -14 -10 -9 -12 -15 -17 -14 -16 -16 -19 -14 -18 -15 -15 -17 -22 -15 -22 -18 -18 -14 -18 -17 -19 -14 -16 -17 -13 -15 -17 -16 -13 -14 -10 -14 -15 -11 -12 -7 -11 -15 -9 -13 -15 -14 -16 -11 -15 -16 -18 -16 -16 -15 -16 -19 -17 -19 -17 -17 -7 -10 -12 -19 -15 -15 -23 -20 -19 -21 -31 
-27 -25 -25 -30 -28 -22 -21 -24 -20 -24 -20 -21 -18 -14 -17 -20 -16 -14 -11 -13 -11 -16 -19 -14 -13 -12 -16 -16 -16 -23 -33 -31 -26 -17 -17 -14 -13 -10 -4 -4 0 7 10 14 17 18 11 6 8 9 2 -8 -6 -4 -9 -15 -15 -17 -20 -27 -32 -34 -35 -30 -30 -36 -39 -42 -41 -36 -35 -37 -33 -33 -27 -21 -18 -12 -5 -3 0 0 3 3 3 11 11 14 16 25 33 38 54 68 86 100 122 139 177 221 
281 344 418 507 608 725 843 956 1043 1098 1165 1263 1401 1594 1823 2065 2302 2505 2680 2817 2936 3060 3211 3383 3575 3761 3962 4153 4331 4489 4623 4747 4871 4992 5094 5204 5301 5394 5468 5524 5549 5564 5554 5510 5440 5356 5244 5121 4987 4833 4668 4490 4265 4021 3753 3461 3143 2736 2322 1874 1420 980 562 176 -181 -531 -853 -1190 -1499 -1812 -2101 -2366 -2605 -2807 -2971 -3107 -3198 -3303 -3416 -3546 -3602 -3658 -3697 -3733 -3744 -3732 -3686 -3603 -3466 -3275 -3036 -2789 -2574 -2375 -2182 -1975 -1786 -1605 -1437 -1260 
-1065 -866 -688 -512 -354 -196 -59 76 189 291 372 446 511 583 644 708 774 842 914 977 1044 1094 1143 1181 1198 1213 1204 1188 1166 1141 1108 1077 1041 1010 980 950 914 879 832 787 728 671 604 541 472 401 335 263 193 126 55 -20 -84 -150 -218 -283 -352 -409 -476 -526 -586 -633 -687 -725 -774 -813 -843 -876 -903 -927 -952 -970 -984 -994 -1005 -1015 -1009 -1012 -1005 -996 -979 -961 -944 -919 -895 -861 -831 -799 -765 -726 -685 -638 -594 -550 -503 -451 -405 -348 -299 -241 
-186 -134 -73 -21 26 83 126 183 223 278 322 358 399 440 476 504 541 570 596 618 637 655 668 682 686 696 697 696 693 680 677 663 648 627 607 581 563 532 504 477 447 418 382 345 317 278 240 203 171 131 99 58 22 -17 -42 -84 -109 -147 -180 -208 -237 -259 -283 -308 -329 -349 -363 -381 -397 -412 -420 -427 -438 -444 -448 -449 -451 -450 -443 -441 -436 -427 -416 -406 -392 -381 -373 -353 -339 -320 -295 -277 -259 -234 -213 -194 -169 -146 -124 -92 
-72 -49 -29 -2 20 47 63 88 112 129 145 170 179 191 211 221 231 242 246 255 261 265 271 273 269 270 269 275 275 269 266 261 251 241 230 218 215 195 185 177 161 148 133 117 103 82 70 58 40 23 6 -7 -25 -40 -55 -68 -84 -98 -111 -124 -132 -143 -152 -157 -164 -169 -175 -183 -187 -187 -189 -186 -185 -185 -182 -183 -177 -177 -176 -168 -161 -159 -149 -142 -137 -125 -116 -113 -105 -92 -84 -75 -66 -49 -40 -32 -23 -12 -11 0 
12 11 24 32 37 44 51 58 61 65 69 73 76 75 77 75 72 78 71 70 69 67 60 55 53 45 39 35 35 28 20 17 7 0 -4 -7 -14 -22 -25 -27 -34 -39 -43 -50 -51 -55 -59 -61 -59 -64 -63 -59 -59 -61 -65 -60 -54 -57 -53 -48 -47 -39 -39 -38 -31 -29 -28 -24 -21 -12 -14 -12 -4 -3 1 2 6 5 8 8 4 9 9 11 9 14 16 11 8 9 10 8 -2 5 -1 0 -3 -12 -14 -17 
-15 -16 -21 -27 -23 -25 -27 -29 -31 -38 -32 -31 -31 -36 -31 -28 -30 -29 -31 -25 -29 -25 -24 -21 -15 -13 -16 -17 -12 -11 -10 -10 -9 -10 -9 -9 -9 -10 -9 -8 -8 -9 -8 -5 -3 -9 -10 -13 -14 -10 -11 -16 -11 -12 -14 -21 -14 -18 -17 -16 -21 -20 -17 -19 -20 -17 -19 -18 -18 -19 -20 -14 -17 -19 -11 -10 -13 -11 -10 -13 -14 -10 -11 -10 -9 -12 -7 -9 -7 -14 -9 -9 -14 -10 -11 -8 -10 -21 -16 -19 
-18 -20 -19 -22 -22 -24 -24 -26 -18 -23 -23 -24 -17 -19 -12 -14 -14 -15 -12 -17 -11 -12 -14 -8 -8 -14 -7 -7 -10 -7 -14 -9 -14 -11 -16 -14 -14 -16 -17 -15 -16 -14 -18 -18 -18 -17 -13 -19 -18 -18 -17 -18 -19 -17 -14 -17 -20 -16 -18 -16 -13 -11 -12 -14 -5 -11 -10 -11 -10 -13 -12 -13 -14 -15 -15 -19 -18 -17 -20 -17 -22 -20 -25 -19 -19 -20 -16 -21 -16 -18 -17 -17 -13 -12 -12 -10 -12 -11 -10 -9 
-14 -11 -7 -11 -10 -9 -13 -11 -12 -13 -17 -10 -12 -15 -15 -15 -16 -19 -16 -19 -20 -16 -25 -20 -18 -21 -19 -19 -18 -17 -13 -15 -18 -14 -14 -15 -14 -13 -15 -10 -12 -10 -9 -14 -12 -13 -12 -15 -15 -18 -16 -15 -18 -17 -18 -21 -20 -19 -17 -17 -22 -15 -18 -19 -17 -20 -17 -12 -20 -22 -20 -17 -14 -13 -19 -13 -17 -14 -16 -13 -12 -13 -10 -17 -16 -16 -13 -12 -15 -12 -13 -12 -15 -12 -10 -13 -10 -13 -19 -17 
-17 -15 -15 -18 -16 -18 -17 -16 -16 -13 -17 -20 -20 -15 -16 -17 -16 -10 -13 -12 -12 -15 -9 -12 -16 -15 -13 -18 -15 -12 -14 -14 -14 -15 -12 -11 -13 -12 -13 -13 -16 -11 -10 -15 -15 -16 -16 -15 -13 -16 -17 -17 -16 -19 -17 -17 -17 -19 -16 -16 -17 -16 -15 -13 -15 -13 -14 -10 -13 -10 -13 -10 -15 -15 -9 -12 -14 -13 -11 -12 -14 -13 -14 -12 -13 -10 -13 -14 -30 -31 -35 -39 -37 -49 -55 -52 -44 -33 -22 -21 
-20 -15 -11 -15 -18 -8 -12 -13 -18 -22 -28 -21 -22 -28 -29 -29 -31 -30 -27 -29 -30 -30 -34 -32 -36 -36 -39 -36 -39 -45 -44 -35 -34 -31 -26 -25 -24 -20 -16 -14 -7 -3 -10 -12 -12 -19 -11 -10 -10 -4 -2 -6 -1 1 3 7 15 21 30 44 58 77 112 153 203 263 327 397 465 542 607 672 733 770 785 797 811 884 1005 1176 1400 1633 1847 2045 2221 2379 2516 2640 2768 2886 3024 3187 3377 3598 3815 4033 4232 4406 4563 4692 
4807 4920 5019 5115 5215 5309 5390 5467 5541 5578 5533 5442 5292 5121 4941 4754 4573 4372 4168 4014 3784 3545 3287 3009 2709 2402 2088 1782 1455 1126 789 436 89 -263 -593 -919 -1223 -1516 -1769 -1978 -2170 -2336 -2485 -2612 -2717 -2801 -2894 -2981 -3074 -3124 -3163 -3183 -3197 -3191 -3150 -3075 -2966 -2838 -2680 -2491 -2290 -2101 -1927 -1755 -1607 -1476 -1330 -1183 -1035 -888 -745 -600 -449 -316 -187 -83 12 92 161 235 296 353 410 476 538 604 664 727 776 811 839 857 861 855 846 838 821 806 792 780 
765 749 741 722 699 669 637 597 554 509 465 415 366 315 258 206 157 106 55 5 -47 -98 -151 -196 -247 -296 -341 -382 -428 -462 -494 -533 -563 -595 -620 -638 -663 -687 -701 -713 -724 -735 -737 -740 -735 -733 -721 -714 -705 -693 -680 -663 -644 -624 -598 -574 -544 -514 -489 -458 -420 -388 -347 -314 -275 -241 -203 -165 -127 -84 -44 -3 32 63 102 141 172 208 235 267 294 325 345 363 386 405 418 434 443 450 455 457 457 455 451 449 439 429 410 401 
383 365 353 331 313 298 278 255 235 215 191 164 142 126 100 79 52 34 11 -11 -29 -62 -76 -96 -119 -131 -152 -166 -180 -188 -201 -211 -228 -233 -238 -246 -250 -253 -254 -253 -259 -255 -252 -250 -243 -242 -240 -232 -219 -218 -207 -198 -189 -176 -160 -148 -138 -120 -115 -96 -88 -72 -56 -48 -32 -20 -7 0 14 25 32 47 53 67 76 81 88 99 104 104 113 116 117 118 119 119 119 116 116 115 109 106 102 96 95 92 88 89 77 76 
66 57 53 41 30 26 13 6 -7 -7 -20 -25 -34 -42 -49 -55 -56 -64 -70 -74 -77 -82 -80 -86 -86 -87 -85 -87 -88 -89 -82 -77 -76 -70 -66 -57 -55 -53 -47 -47 -36 -38 -29 -25 -22 -14 -10 -6 -3 1 2 7 10 15 13 18 19 22 22 28 22 27 22 19 23 20 18 11 15 14 11 7 4 0 -5 -11 -10 -14 -20 -22 -29 -29 -31 -32 -37 -38 -43 -39 -43 -42 -40 -44 -42 -40 -37 -36 -37 -30 -30 -31 
-30 -28 -24 -25 -23 -21 -17 -17 -14 -10 -6 -10 -4 -6 -3 -1 2 4 6 5 8 8 6 2 4 -3 -1 -4 -4 -9 -13 -7 -12 -17 -14 -16 -14 -19 -22 -22 -30 -26 -25 -25 -23 -26 -27 -22 -29 -31 -31 -29 -26 -30 -24 -19 -18 -18 -19 -16 -17 -8 -9 -2 -7 -8 -7 -4 -3 -5 -4 -3 -2 0 -7 -9 -8 -17 -13 -11 -19 -18 -18 -20 -17 -22 -17 -16 -21 -19 -17 -20 -18 -17 -19 -18 -20 -19 -23 -20 
-21 -20 -17 -13 -14 -15 -11 -11 -14 -13 -10 -13 -11 -15 -13 -15 -12 -14 -12 -11 -12 -14 -14 -6 -10 -10 -12 -16 -18 -14 -16 -18 -16 -16 -14 -17 -18 -15 -17 -16 -22 -15 -15 -17 -22 -17 -21 -15 -17 -19 -18 -14 -19 -13 -15 -13 -14 -11 -9 -12 -12 -13 -14 -9 -13 -11 -13 -15 -10 -13 -15 -17 -14 -18 -22 -18 -14 -18 -21 -20 -23 -18 -20 -17 -19 -20 -19 -19 -17 -15 -18 -19 -17 -19 -14 -17 -19 -18 -15 -15 
-19 -22 -15 -18 -13 -14 -15 -12 -11 -16 -12 -9 -12 -13 -9 -5 -11 -17 -11 -18 -14 -16 -18 -14 -16 -16 -17 -16 -15 -13 -14 -14 -11 -11 -14 -14 -16 -17 -15 -18 -19 -17 -18 -21 -25 -16 -19 -15 -17 -14 -14 -15 -11 -14 -13 -9 -15 -10 -6 -11 -12 -7 -13 -14 -15 -17 -14 -16 -19 -17 -16 -20 -15 -17 -15 -17 -18 -18 -17 -17 -16 -15 -14 -17 -17 -15 -16 -14 -13 -16 -12 -13 -10 -13 -18 -12 -10 -16 -12 -10 
-17 -11 -13 -16 -15 -8 -14 -15 -12 -16 -10 -17 -19 -17 -13 -16 -12 -15 -14 -17 -18 -20 -16 -17 -17 -19 -19 -21 -21 -20 -17 -17 -16 -13 -17 -16 -16 -14 -12 -16 -14 -12 -9 -10 -12 -11 -13 -13 -15 -11 -11 -10 -8 -12 -9 -11 -13 -12 -15 -14 -16 -18 -12 -15 -26 -19 -22 -25 -29 -24 -25 -23 -24 -21 -19 -17 -15 -21 -16 -15 -12 -16 -9 -11 -14 -11 -7 -12 -10 -7 -7 -7 -9 -7 -7 -9 -8 -11 -11 -8 
-11 -12 -16 -15 -14 -16 -14 -17 -18 -21 -17 -18 -19 -21 -22 -23 -21 -16 -19 -18 -16 -14 -21 -19 -16 -16 -18 -15 -18 -14 -14 -18 -14 -13 -16 -12 -12 -13 -14 -16 -13 -12 -11 -10 -11 -14 -12 -9 -13 -12 -11 -14 -16 -17 -19 -21 -19 -18 -17 -18 -21 -22 -13 -18 -12 -20 -17 -21 -16 -14 -17 -19 -9 -7 -12 -11 -14 -16 -12 -11 -10 -12 -12 -13 -13 -12 -13 23 21 19 14 3 -2 -5 -17 -21 -25 -28 -24 -24 
-15 -15 -11 -9 -11 -2 12 13 23 28 33 49 63 101 138 184 259 329 400 468 544 622 693 749 790 859 954 1066 1250 1510 1768 2006 2223 2423 2608 2777 2933 3088 3252 3429 3613 3820 4025 4226 4422 4596 4763 4908 5040 5157 5253 5365 5464 5549 5563 5536 5482 5407 5304 5196 5064 4930 4782 4624 4441 4237 4039 3789 3527 3267 3005 2735 2475 2205 1922 1631 1315 992 657 305 -35 -362 -671 -966 -1235 -1478 -1708 -1899 -2082 -2249 -2384 -2504 -2596 -2671 -2793 -2855 -2900 -2929 -2952 -2958 
-2949 -2911 -2847 -2738 -2608 -2472 -2327 -2187 -2045 -1931 -1815 -1702 -1594 -1489 -1390 -1296 -1183 -1055 -923 -787 -661 -549 -436 -351 -273 -204 -147 -94 -39 20 83 156 227 297 354 401 434 457 473 485 492 493 509 521 534 550 564 582 596 600 607 600 593 583 568 551 534 509 485 464 436 411 385 354 326 292 260 227 194 159 118 86 50 20 -16 -53 -85 -116 -149 -180 -213 -239 -272 -289 -316 -338 -364 -376 -399 -413 -433 -439 -450 -461 -470 -470 -474 -469 -474 -479 
-469 -469 -459 -454 -443 -432 -417 -407 -384 -370 -349 -331 -309 -292 -269 -244 -227 -200 -177 -154 -126 -106 -76 -50 -31 -2 22 48 69 93 120 135 157 171 188 203 219 233 242 248 255 265 269 276 278 281 283 285 284 285 283 273 272 265 256 246 242 229 217 210 203 184 176 156 143 125 105 91 75 55 37 20 3 -22 -42 -63 -89 -113 -141 -165 -198 -224 -257 -291 -320 -356 -387 -413 -442 -470 -492 -517 -538 -551 -561 -569 -574 -572 -576 -563 
-560 -550 -538 -526 -511 -491 -467 -442 -415 -389 -359 -328 -289 -257 -221 -178 -140 -93 -53 -8 32 78 114 158 202 233 275 308 342 369 401 432 458 480 505 528 548 561 581 590 597 602 614 615 614 612 608 603 594 581 567 555 531 510 486 468 440 416 385 354 321 289 251 222 189 149 117 78 46 11 -28 -62 -94 -132 -162 -195 -225 -257 -280 -307 -328 -351 -367 -387 -405 -422 -426 -444 -448 -458 -461 -463 -467 -463 -458 -462 -457 -452 -442 -431 
-419 -404 -390 -375 -365 -347 -327 -305 -289 -267 -248 -228 -209 -182 -161 -138 -114 -92 -67 -47 -21 4 22 45 61 80 99 112 129 140 154 161 165 181 188 194 195 189 190 188 188 184 177 171 161 149 139 128 114 94 83 70 54 35 25 8 -5 -19 -30 -43 -51 -65 -70 -76 -84 -93 -96 -99 -108 -106 -108 -106 -104 -105 -105 -98 -91 -89 -82 -78 -67 -64 -54 -50 -42 -37 -30 -26 -18 -13 -4 1 6 9 12 18 20 23 29 28 
31 33 34 35 34 36 29 26 27 24 22 17 8 12 12 -3 -1 -6 -5 -12 -16 -20 -25 -28 -35 -34 -40 -36 -35 -40 -46 -40 -43 -40 -42 -39 -36 -35 -24 -25 -24 -19 -13 -10 -8 -5 2 3 7 11 10 15 16 13 19 18 19 23 19 16 14 13 12 10 8 9 5 4 2 -8 -3 -8 -14 -10 -16 -22 -24 -23 -26 -31 -30 -30 -32 -31 -27 -30 -31 -28 -29 -27 -23 -23 -20 -21 -18 -12 -12 -9 -9 -11 
-6 -9 -6 -3 -1 -6 0 -4 -2 -4 -2 -7 -2 -6 -13 -8 -8 -5 -12 -14 -13 -18 -15 -15 -17 -19 -20 -19 -20 -19 -22 -16 -16 -19 -21 -18 -21 -13 -18 -11 -10 -13 -12 -17 -18 -13 -11 -12 -11 -9 -11 -8 -9 -13 -9 -10 -10 -9 -8 -9 -10 -9 -13 -13 -12 -13 -11 -11 -17 -19 -16 -24 -22 -20 -25 -24 -23 -22 -19 -22 -24 -25 -22 -23 -20 -17 -17 -18 -16 -15 -12 -14 -15 -8 -13 -12 -12 -14 -20 -15 
-17 -11 -18 -18 -22 -19 -18 -18 -21 -16 -15 -18 -21 -18 -18 -17 -19 -16 -16 -17 -11 -13 -14 -9 -10 -11 -8 -11 -10 -14 -12 -15 -13 -15 -15 -9 -11 -16 -13 -16 -19 -17 -20 -23 -20 -21 -22 -24 -22 -20 -24 -20 -23 -20 -25 -14 -16 -19 -17 -13 -17 -17 -15 -16 -11 -17 -14 -14 -12 -13 -16 -12 -15 -13 -12 -15 -11 -11 -10 -11 -12 -16 -17 -20 -15 -17 -19 -22 -18 -16 -20 -16 -20 -21 -25 -23 -22 -24 -23 -25 
-22 -25 -24 -26 -26 -20 -20 -20 -20 -23 -19 -20 -20 -24 -19 -23 -26 -27 -22 -17 -24 -20 -22 -22 -20 -16 -19 -17 -15 -13 -10 -12 -10 -6 -11 -8 -10 -11 -13 -13 -10 -9 -14 -14 -12 -15 -14 -15 -11 -13 -14 -14 -14 -13 -12 -13 -14 -9 -8 -10 -3 -4 -5 -6 -8 -9 -10 -9 -10 -14 -13 -13 -11 -15 -11 -11 -14 -17 -17 -19 -20 -20 -22 -21 -20 -25 -21 -25 -21 -23 -29 -26 -27 -26 -23 -22 -21 -19 -18 -17 
-18 -13 -13 -15 -12 -12 -7 -10 -8 -6 -11 -9 -7 -11 -12 -11 -16 -14 -18 -14 -14 -23 -12 -18 -20 -14 -20 -19 -18 -18 -19 -19 -20 -25 -18 -14 -20 -20 -19 -21 -20 -20 -19 -18 -13 -11 -18 -16 -16 -13 -16 -15 -12 -17 -14 -17 -10 -16 -16 -14 -12 -13 -13 -17 -14 -10 -9 -14 -16 -12 -12 -15 -13 -15 -14 -17 -16 -14 -16 -15 -16 -12 -18 -14 -16 -13 -16 -18 -18 -22 -28 -29 -32 -34 -27 -26 -26 -29 -23 -17 
-10 -11 -16 -14 -14 -18 -17 -12 -15 -13 -14 -15 -10 -14 -9 -16 -13 -14 -14 -16 -17 -17 -22 -22 -21 -17 -16 -17 -16 -16 -15 -12 -12 -13 -8 -13 -14 -17 -11 -8 -8 -13 -18 -19 -13 -9 -12 -15 -17 -16 -14 -16 -19 -23 -24 -24 -28 -24 -20 -23 -15 -21 -16 -13 -7 -2 -2 -3 1 1 -4 -7 -1 -3 -3 -8 -13 -13 -13 -10 -10 -10 -2 7 18 25 39 68 102 138 184 226 279 335 404 473 550 621 693 774 
850 970 1123 1292 1528 1785 2013 2230 2424 2595 2755 2891 3020 3153 3300 3458 3648 3848 4046 4236 4428 4592 4758 4916 5012 5086 5163 5234 5295 5319 5300 5262 5197 5133 5071 4982 4867 4730 4575 4418 4241 4051 3862 3674 3451 3229 2992 2747 2496 2240 1978 1703 1411 1105 791 472 153 -151 -449 -739 -998 -1220 -1427 -1631 -1825 -1985 -2118 -2228 -2325 -2401 -2509 -2579 -2640 -2681 -2692 -2692 -2661 -2605 -2512 -2387 -2232 -2054 -1857 -1672 -1492 -1333 -1172 -1020 -882 -757 -642 -530 -418 -307 -186 -75 37 129 214 269 
318 369 393 410 415 417 419 421 419 419 411 407 403 397 387 370 358 335 309 270 232 195 158 118 89 55 25 -12 -48 -82 -128 -159 -190 -222 -248 -280 -313 -345 -365 -390 -408 -420 -433 -448 -461 -471 -478 -479 -484 -483 -477 -475 -470 -463 -462 -459 -460 -449 -436 -417 -393 -378 -357 -341 -324 -298 -278 -257 -233 -212 -186 -157 -131 -110 -85 -61 -36 -11 9 32 54 72 92 108 129 148 154 167 179 198 199 211 215 222 226 225 225 227 225 227 
220 225 223 215 202 194 187 177 162 155 142 131 114 94 76 59 38 18 0 -16 -40 -51 -68 -79 -93 -103 -115 -131 -144 -152 -160 -172 -180 -186 -190 -188 -187 -188 -192 -191 -185 -184 -183 -176 -175 -171 -160 -159 -143 -143 -128 -122 -109 -101 -87 -83 -67 -61 -45 -42 -28 -16 -8 2 8 16 23 28 32 36 43 45 55 54 62 64 59 56 53 49 46 43 41 37 28 26 30 19 19 5 2 1 -12 -16 -19 -25 -30 -30 -36 -40 
-43 -45 -47 -47 -52 -52 -55 -52 -54 -53 -54 -55 -53 -51 -47 -43 -47 -41 -37 -34 -32 -29 -23 -23 -21 -13 -13 -4 -2 0 0 3 7 5 6 7 6 0 5 3 6 2 2 1 -1 0 -2 -7 -12 -13 -17 -14 -23 -23 -27 -26 -26 -32 -32 -29 -30 -33 -35 -34 -33 -31 -29 -30 -32 -28 -30 -28 -34 -27 -25 -22 -27 -24 -19 -23 -21 -22 -22 -24 -26 -27 -32 -34 -30 -31 -30 -30 -27 -26 -25 -31 -29 -31 -32 -29 
-31 -39 -33 -35 -37 -35 -32 -30 -32 -29 -28 -35 -34 -38 -37 -34 -34 -37 -30 -31 -27 -29 -25 -25 -24 -21 -31 -22 -24 -23 -21 -18 -16 -15 -10 -12 -10 -4 -6 -8 -8 -12 -9 -11 -11 -5 -7 -6 -8 -10 -12 -11 -14 -16 -17 -17 -15 -13 -15 -19 -16 -21 -16 -18 -19 -19 -17 -17 -19 -11 -13 -8 -10 -12 -12 -11 -9 -8 -8 -9 -15 -11 -11 -9 -15 -10 -16 -9 -11 -10 -14 -13 -11 -13 -17 -14 -16 -10 -13 -16 
-16 -16 -16 -14 -16 -19 -15 -21 -25 -21 -23 -21 -21 -22 -21 -24 -27 -23 -24 -23 -22 -21 -17 -17 -18 -20 -18 -16 -16 -19 -17 -20 -21 -14 -13 -14 -12 -11 -6 -6 -10 -11 -10 -11 -13 -11 -18 -14 -13 -11 -15 -15 -15 -16 -13 -16 -20 -20 -20 -14 -14 -13 -17 -16 -18 -12 -22 -16 -14 -16 -12 -14 -14 -12 -12 -14 -13 -12 -16 -12 -14 -13 -12 -10 -15 -15 -15 -16 -14 -18 -15 -15 -17 -14 -17 -18 -18 -15 -18 -16 
-18 -17 -18 -13 -11 -13 -15 -15 -15 -13 -9 -12 -16 -16 -14 -16 -16 -16 -14 -15 -13 -18 -10 -15 -19 -15 -16 -17 -15 -12 -18 -17 -16 -16 -18 -16 -17 -12 -16 -11 -17 -14 -16 -15 -14 -18 -17 -16 -13 -16 -16 -14 -8 -18 -15 -11 -17 -16 -15 -14 -16 -11 -12 -12 -13 -8 -12 -12 -15 -14 -12 -11 -10 -13 -7 -16 -10 -11 -12 -13 -16 -14 -13 -18 -16 -13 -15 -12 -9 -13 -11 -10 -8 -13 -12 -12 -9 -10 -8 -11 
-9 -12 -14 -4 -12 -11 -10 -12 -14 -13 -15 -15 -14 -14 -14 -17 -15 -19 -19 -18 -21 -15 -15 -18 -16 -18 -19 -19 -18 -22 -17 -19 -16 -18 -20 -14 -13 -13 -10 -10 -10 -11 -12 -15 -15 -12 -15 -7 -9 -7 -13 -10 -9 -5 -12 -5 -12 -17 -11 -14 -11 -13 -11 -17 -15 -15 -16 -12 -13 -12 -17 -16 -15 -14 -16 -14 -12 -14 -12 -14 -11 -15 -18 -15 -15 -18 -13 -14 -16 -15 -18 -12 -11 -18 -19 -22 -19 -16 -15 -17 
-12 -12 -13 -10 -14 -15 -11 -16 -18 -20 -21 -15 -19 -16 -24 -21 -19 -21 -24 -18 -16 -18 -17 -19 -14 -13 -11 -16 -14 -13 -7 -8 -9 -8 -7 -8 -6 -7 -6 -10 -9 -4 -10 -15 -16 -13 -16 -17 -14 -13 -12 -15 -23 -25 -22 -23 -22 -27 -26 -27 -27 -26 -26 -26 -19 -23 -21 -18 -20 -14 -18 -19 -14 -12 -12 -10 -13 -10 -7 -13 -6 -6 -9 -8 -12 -15 -13 -11 -14 -9 -10 -9 -9 -1 -9 -14 -14 -10 -15 -15 
-13 -7 -13 -22 -16 -21 -21 -15 -22 -18 -13 -15 -13 -13 -17 -15 -16 -17 -10 -13 -6 9 19 37 44 59 87 127 179 232 292 350 407 470 526 583 625 668 702 720 727 782 896 1046 1249 1464 1658 1843 1997 2142 2279 2410 2530 2668 2827 3001 3174 3365 3566 3765 3962 4145 4312 4454 4582 4697 4793 4887 4990 5076 5162 5242 5331 5363 5334 5262 5143 4987 4793 4588 4379 4166 3986 3788 3555 3315 3072 2807 2543 2276 2008 1728 1440 1141 849 559 267 -30 -315 -582 
-843 -1082 -1299 -1501 -1668 -1816 -1954 -2076 -2203 -2318 -2431 -2536 -2629 -2677 -2721 -2734 -2724 -2688 -2618 -2528 -2427 -2325 -2217 -2101 -1987 -1858 -1726 -1592 -1466 -1339 -1215 -1078 -946 -821 -691 -563 -434 -309 -188 -73 35 134 223 299 371 432 490 536 581 627 666 704 744 771 793 808 816 820 818 803 795 778 761 741 711 688 652 618 581 543 501 455 412 362 317 268 219 171 117 60 2 -52 -104 -160 -214 -266 -315 -360 -409 -450 -494 -534 -570 -607 -641 -670 -696 -718 -740 -762 
-776 -783 -799 -802 -800 -798 -790 -776 -759 -743 -725 -707 -686 -662 -637 -613 -581 -546 -509 -469 -430 -384 -345 -298 -259 -214 -176 -138 -92 -53 -14 35 71 113 155 187 225 257 291 321 347 372 393 413 430 446 460 467 478 481 488 486 485 481 473 462 446 430 415 394 373 351 320 294 279 254 236 215 187 164 136 104 80 55 22 -1 -26 -46 -68 -80 -102 -122 -131 -152 -166 -179 -196 -209 -219 -230 -234 -233 -237 -240 -240 -238 -242 -240 -234 -241 
-240 -233 -228 -223 -210 -206 -192 -182 -166 -161 -143 -135 -119 -107 -100 -88 -75 -67 -51 -37 -22 -14 -4 8 21 30 40 50 62 63 71 76 85 92 96 99 100 102 105 104 104 98 104 95 97 89 87 84 77 73 67 61 56 45 41 35 31 24 13 6 2 -9 -12 -17 -20 -31 -36 -41 -44 -46 -47 -60 -67 -63 -67 -70 -71 -71 -74 -67 -71 -68 -59 -63 -61 -57 -50 -51 -49 -39 -37 -37 -35 -22 -22 -15 -14 -7 -7 -3 
1 5 6 5 11 16 20 16 17 16 16 16 15 14 13 14 6 2 3 1 -2 -9 -7 -13 -17 -13 -19 -23 -28 -30 -31 -29 -33 -34 -41 -38 -34 -34 -36 -34 -35 -39 -36 -38 -33 -32 -30 -28 -27 -24 -20 -22 -18 -16 -11 -8 -8 -9 -4 -1 -5 0 0 2 -2 2 2 -1 1 1 6 -5 1 -6 -9 -6 -8 -11 -10 -17 -19 -20 -26 -22 -22 -22 -24 -23 -21 -25 -21 -25 -29 -28 -24 -22 -24 -23 -21 -17 
-17 -15 -11 -19 -14 -16 -8 -8 -9 -14 -7 -12 -7 -7 -3 -8 -10 -14 -15 -15 -16 -19 -20 -21 -21 -20 -24 -23 -25 -29 -26 -28 -25 -29 -23 -24 -23 -20 -21 -15 -21 -17 -18 -14 -15 -13 -13 -9 -15 -13 -6 -8 -8 -9 -5 -9 -9 -5 -5 -10 -7 -8 -11 -10 -10 -7 -13 -10 -11 -15 -17 -13 -19 -18 -18 -19 -16 -16 -22 -18 -19 -18 -26 -17 -20 -19 -19 -18 -15 -13 -17 -16 -15 -14 -14 -10 -14 -9 -14 -7 
-13 -6 -12 -12 -10 -11 -13 -16 -12 -18 -13 -15 -15 -12 -16 -13 -13 -18 -21 -18 -17 -23 -20 -18 -20 -18 -16 -14 -22 -15 -19 -19 -14 -17 -15 -14 -14 -10 -11 -12 -8 -10 -11 -12 -9 -6 -4 -10 -10 -15 -16 -13 -14 -19 -10 -13 -13 -15 -17 -14 -16 -15 -18 -15 -13 -12 -17 -15 -17 -18 -17 -20 -14 -21 -16 -16 -20 -19 -17 -17 -17 -20 -12 -16 -11 -8 -10 -11 -16 -12 -16 -17 -12 -18 -16 -15 -16 -17 -14 -15 
-15 -14 -17 -16 -14 -19 -18 -16 -18 -14 -15 -20 -15 -19 -15 -12 -11 -14 -12 -17 -15 -17 -10 -13 -14 -13 -17 -16 -14 -11 -13 -16 -14 -12 -14 -12 -18 -14 -15 -15 -14 -16 -14 -16 -13 -15 -12 -15 -14 -12 -10 -10 -11 -12 -13 -14 -15 -13 -10 -15 -13 -14 -19 -12 -18 -18 -17 -16 -17 -17 -14 -20 -16 -19 -19 -16 -17 -20 -18 -17 -16 -18 -14 -19 -13 -18 -12 -18 -14 -12 -14 -14 -16 -21 -15 -14 -13 -13 -14 -12 
-15 -15 -13 -15 -13 -12 -16 -14 -9 -11 -9 -14 -8 -11 -12 -13 -13 -10 -14 -11 -13 -16 -15 -17 -16 -16 -14 -18 -20 -19 -17 -20 -19 -15 -21 -17 -20 -16 -14 -15 -17 -17 -14 -16 -15 -18 -15 -11 -12 -12 -12 -10 -6 -13 -14 -12 -12 -13 -11 -11 -11 -14 -14 -12 -15 -15 -15 -15 -19 -23 -18 -18 -16 -18 -16 -15 -17 -16 -20 -18 -21 -20 -14 -14 -17 -16 -13 -11 -9 -12 -12 -13 -16 -12 -15 -13 -17 -14 -17 -13 
-17 -15 -18 -18 -14 -15 -23 -13 -17 -14 -14 -15 -18 -16 -19 -16 -18 -18 -11 -19 -13 -11 -15 -10 -16 -14 -11 -13 -15 -16 -15 -14 -14 -15 -13 -17 -16 -14 -15 -12 -14 -17 -15 -17 -19 -15 -15 -15 -14 -13 -18 -16 -13 -22 -24 -15 -13 -16 -15 -16 -19 -23 -14 -13 -15 -17 -15 -16 -20 -16 -15 -21 -15 -17 -16 -13 -17 -12 -17 -9 -13 -8 -8 -6 -66 -70 -66 -67 -59 -63 -65 -59 -45 -34 -34 -34 -41 -42 -41 -30 
-20 -13 -15 -8 -2 4 0 -1 1 -1 3 2 0 4 13 3 1 1 -3 -11 -11 -5 -9 -8 -11 -9 -9 -11 -17 -15 -9 -7 -11 -6 -1 3 3 7 7 1 4 16 16 14 18 19 17 27 27 30 27 31 32 28 31 33 33 38 52 88 124 180 251 322 379 447 511 562 618 675 732 797 895 1023 1204 1431 1668 1878 2081 2254 2415 2557 2680 2802 2938 3097 3266 3463 3662 3852 4046 4241 4422 4537 4640 4710 4785 4825 4826 4828 
4828 4794 4755 4702 4632 4520 4360 4177 4001 3804 3613 3423 3235 3045 2862 2670 2474 2256 2032 1796 1560 1317 1082 853 633 416 206 -5 -199 -381 -565 -729 -876 -1005 -1123 -1227 -1326 -1415 -1508 -1586 -1661 -1721 -1774 -1823 -1861 -1875 -1860 -1828 -1765 -1695 -1613 -1524 -1427 -1330 -1237 -1147 -1058 -970 -882 -781 -694 -605 -503 -410 -312 -220 -124 -27 52 126 194 257 307 347 385 421 447 474 501 525 541 552 547 547 538 533 525 504 484 465 445 426 403 382 363 335 299 264 232 187 
153 117 80 40 0 -32 -72 -112 -142 -178 -210 -240 -267 -292 -318 -340 -358 -375 -395 -416 -428 -449 -460 -463 -468 -470 -473 -466 -457 -448 -437 -421 -404 -395 -376 -363 -345 -327 -313 -299 -275 -259 -234 -211 -185 -161 -135 -108 -82 -56 -31 -8 19 38 58 77 95 115 133 147 160 177 186 196 201 199 204 206 206 198 189 181 179 176 172 171 164 156 143 137 127 122 112 103 89 85 73 55 42 31 15 -3 -17 -28 -40 -52 -65 -75 -88 -99 
-107 -115 -124 -133 -135 -144 -148 -155 -153 -155 -155 -154 -149 -143 -141 -141 -139 -134 -130 -122 -121 -118 -114 -110 -107 -105 -96 -90 -86 -74 -69 -61 -51 -45 -35 -26 -22 -16 -6 2 14 21 25 32 34 41 44 48 53 53 56 61 55 63 60 59 55 51 53 42 36 32 33 28 23 20 16 5 4 -3 -14 -16 -21 -27 -33 -29 -38 -40 -42 -47 -49 -50 -49 -50 -50 -51 -58 -55 -53 -50 -44 -47 -40 -43 -38 -39 -32 -31 -27 -22 
-17 -19 -16 -12 -5 -2 0 2 1 8 7 13 13 8 15 11 10 8 14 9 8 5 -2 -2 -5 -11 -8 -10 -14 -18 -20 -21 -24 -26 -28 -25 -30 -33 -30 -30 -32 -31 -27 -26 -26 -25 -29 -32 -31 -29 -33 -34 -33 -31 -36 -33 -32 -25 -26 -30 -28 -25 -27 -24 -23 -18 -22 -17 -13 -10 -6 -7 -9 -2 -4 -5 2 6 -6 1 3 5 3 2 -2 0 -1 -6 -13 -8 -13 -13 -16 -15 -20 -21 -22 -23 -24 -25 
-22 -30 -32 -31 -25 -23 -23 -24 -26 -20 -15 -23 -20 -19 -18 -18 -10 -12 -12 -17 -9 -6 -10 -6 -5 -5 -5 -5 -8 -7 -5 -9 -7 -11 -6 -13 -14 -9 -14 -14 -14 -15 -15 -18 -21 -19 -19 -22 -23 -24 -16 -23 -19 -20 -18 -22 -17 -20 -13 -14 -20 -19 -19 -18 -16 -16 -19 -12 -14 -14 -14 -14 -15 -11 -12 -17 -17 -15 -16 -11 -13 -15 -17 -18 -17 -18 -20 -19 -12 -16 -13 -10 -16 -14 -18 -15 -18 -17 -16 -18 
-22 -20 -11 -14 -12 -17 -11 -17 -13 -9 -12 -15 -16 -15 -12 -12 -16 -17 -14 -15 -16 -16 -14 -13 -14 -18 -14 -18 -13 -12 -15 -14 -16 -16 -17 -12 -17 -17 -19 -19 -21 -19 -19 -20 -15 -21 -17 -16 -17 -15 -15 -17 -15 -14 -13 -13 -14 -15 -10 -9 -12 -10 -14 -13 -9 -11 -12 -13 -10 -13 -17 -12 -16 -14 -16 -16 -18 -16 -19 -18 -16 -20 -19 -18 -17 -20 -18 -12 -18 -16 -14 -16 -14 -13 -18 -15 -18 -18 -11 -12 
-12 -10 -10 -13 -15 -13 -12 -14 -13 -17 -16 -13 -17 -17 -14 -18 -13 -15 -17 -16 -15 -15 -20 -18 -13 -12 -14 -14 -18 -18 -13 -13 -8 -14 -16 -16 -17 -15 -13 -14 -14 -15 -13 -13 -14 -15 -15 -13 -14 -18 -16 -16 -17 -17 -15 -17 -20 -23 -18 -19 -19 -23 -21 -19 -15 -18 -18 -19 -14 -14 -12 -14 -10 -12 -11 -9 -8 -12 -12 -9 -13 -11 -11 -18 -22 -25 -20 -23 -25 -25 -26 -29 -27 -28 -33 -29 -32 -25 -31 -30 
-24 -24 -20 -15 -12 -16 -9 -12 -7 -8 -9 -6 2 2 3 3 2 2 -1 -4 -7 -3 -3 -3 -10 -8 -14 -10 -12 -14 -19 -20 -21 -21 -26 -23 -25 -27 -23 -22 -20 -26 -23 -21 -21 -23 -21 -18 -19 -17 -18 -11 -12 -12 -15 -10 -12 -10 -7 -10 -9 -8 -4 -7 -9 -12 -12 -14 -11 -8 -12 -9 -13 -18 -14 -19 -19 -17 -20 -24 -21 -21 -21 -21 -22 -20 -22 -20 -20 -17 -17 -16 -19 -17 -13 -10 -12 -11 -13 -13 
-14 -9 -9 -11 -17 -12 -14 -7 -9 -11 -9 -14 -12 -14 -12 -13 -15 -18 -16 -13 -15 -19 -20 -25 -22 -24 -22 -21 -22 -21 -23 -20 -19 -16 -18 -16 -17 -18 -17 -18 -15 -15 -13 -11 -6 -10 -12 -7 -11 -9 -9 -10 -10 -12 -9 -8 -10 -11 -16 -17 -14 -16 -12 -16 -20 -15 -21 -16 -22 -18 -20 -20 -19 -18 -19 -23 -20 -19 -19 -16 -14 -16 -16 -11 -14 -13 -8 -2 -1 -1 -1 0 5 -3 -2 -3 1 -5 -6 -6 
1 -6 -9 -13 -13 -18 -21 -23 -23 -25 -27 -23 -26 -22 -16 -20 -19 -16 -20 -24 -18 -18 -17 -20 -22 -26 -24 -20 -20 -15 -20 -27 -26 -29 -31 -32 -32 -22 -20 -22 -18 -21 -16 -15 -11 -18 -14 -18 -18 -16 -10 -16 -9 -4 -6 2 3 5 11 11 19 32 57 87 131 189 277 366 461 574 703 790 853 892 945 1003 1051 1136 1283 1490 1756 2006 2246 2452 2623 2760 2882 3002 3139 3288 3469 3645 3828 4012 4181 4341 4492 4630 4760 4880 
4996 5093 5209 5300 5364 5358 5298 5188 5070 4936 4813 4677 4537 4388 4225 4074 3860 3635 3400 3157 2907 2666 2404 2139 1870 1587 1295 994 679 363 57 -244 -536 -814 -1074 -1329 -1574 -1789 -1990 -2178 -2353 -2508 -2639 -2744 -2829 -2887 -2947 -3032 -3067 -3109 -3149 -3172 -3182 -3160 -3111 -3028 -2929 -2823 -2711 -2598 -2463 -2319 -2184 -2065 -1951 -1835 -1705 -1568 -1434 -1290 -1148 -1015 -870 -735 -610 -490 -356 -217 -78 47 177 306 428 533 638 734 829 912 988 1063 1136 1208 1276 1330 1368 1397 1414 1414 1411 1384 
1361 1338 1306 1272 1240 1203 1171 1133 1093 1055 1008 961 898 843 784 723 670 614 559 502 449 391 333 276 218 159 101 44 -10 -63 -115 -170 -220 -271 -313 -352 -395 -431 -468 -501 -536 -563 -584 -608 -633 -654 -669 -677 -688 -694 -700 -703 -702 -703 -698 -698 -686 -671 -658 -641 -620 -596 -574 -553 -530 -501 -471 -441 -405 -373 -338 -308 -272 -232 -195 -154 -115 -80 -48 -6 28 64 100 131 166 202 230 258 286 311 331 360 378 397 412 420 441 451 464 468 
471 475 476 474 471 461 450 446 430 419 401 382 366 349 323 302 284 253 228 204 181 157 130 109 84 57 33 7 -26 -42 -65 -91 -114 -133 -157 -173 -195 -209 -222 -236 -246 -255 -262 -276 -284 -287 -295 -296 -293 -293 -294 -291 -286 -286 -286 -278 -270 -260 -251 -242 -231 -219 -213 -198 -184 -170 -160 -140 -124 -115 -97 -85 -66 -56 -39 -21 -6 11 26 40 50 60 73 81 93 103 107 120 126 131 134 139 143 145 147 149 141 142 141 133 
137 133 131 123 119 112 108 105 92 86 79 76 61 56 50 38 30 24 6 11 -1 -11 -19 -29 -35 -44 -49 -55 -58 -67 -71 -82 -85 -85 -90 -92 -93 -94 -91 -93 -93 -94 -88 -88 -86 -77 -76 -74 -73 -68 -63 -57 -52 -46 -41 -36 -30 -26 -20 -20 -11 -11 -2 2 3 5 12 16 16 17 21 22 23 27 24 29 25 28 21 24 22 15 19 12 13 11 7 4 1 -2 -2 -9 -18 -18 -22 -23 -28 -29 -33 -35 
-36 -36 -39 -38 -39 -38 -40 -41 -39 -41 -38 -38 -32 -32 -34 -30 -27 -28 -21 -20 -21 -18 -16 -8 -5 -5 -9 -4 -4 -2 2 1 -2 2 -3 0 0 -4 -4 -1 -10 -1 -8 -10 -12 -10 -16 -17 -12 -15 -17 -16 -22 -24 -22 -25 -23 -23 -20 -23 -23 -24 -21 -21 -21 -24 -21 -19 -21 -19 -16 -14 -15 -13 -12 -9 -10 -5 -10 -7 -7 -7 -5 -7 -7 -9 -6 -7 -11 -16 -11 -12 -12 -14 -16 -10 -17 -16 -17 -16 
-20 -17 -24 -26 -20 -20 -24 -23 -20 -21 -17 -23 -16 -15 -16 -21 -16 -19 -16 -12 -16 -15 -12 -9 -10 -9 -10 -9 -14 -12 -11 -13 -11 -14 -13 -10 -15 -13 -11 -12 -13 -16 -18 -17 -20 -16 -24 -16 -18 -17 -17 -17 -14 -11 -17 -18 -17 -17 -12 -15 -10 -7 -10 -12 -12 -12 -14 -14 -15 -16 -16 -19 -14 -14 -17 -16 -15 -18 -16 -15 -14 -12 -11 -16 -15 -11 -15 -14 -14 -13 -14 -14 -11 -12 -13 -14 -10 -12 -14 -11 
-10 -12 -13 -17 -9 -16 -14 -14 -17 -16 -13 -15 -17 -11 -15 -16 -16 -13 -18 -12 -12 -13 -11 -15 -13 -13 -17 -14 -13 -16 -11 -14 -20 -15 -16 -16 -18 -15 -21 -17 -14 -15 -16 -14 -15 -19 -15 -11 -16 -16 -13 -10 -16 -15 -16 -11 -12 -11 -13 -11 -15 -16 -17 -15 -15 -15 -15 -18 -14 -17 -14 -16 -14 -16 -16 -14 -15 -15 -10 -12 -9 -10 -8 -16 -14 -14 -10 -10 -8 -10 -12 -14 -10 -16 -12 -12 -19 -13 -17 -18 
-15 -17 -17 -21 -17 -20 -19 -15 -19 -18 -17 -15 -14 -13 -16 -11 -16 -13 -16 -13 -18 -13 -13 -12 -12 -8 -11 -9 -10 -16 -16 -13 -13 -15 -16 -12 -15 -14 -16 -15 -14 -15 -13 -17 -17 -17 -14 -13 -17 -21 -14 -18 -18 -12 -14 -15 -15 -16 -16 -17 -18 -22 -20 -18 -18 -17 -16 -13 -11 -17 -12 -15 -12 -17 -10 -13 -14 -15 -9 -11 -10 -9 -11 -16 -14 -14 -9 -12 -10 -12 -16 -15 -17 -15 -19 -19 -17 -19 -16 -16 
-14 -17 -14 -16 -18 -19 -14 -14 -14 -10 -15 -15 -15 -18 -18 -14 -12 -17 -14 -8 -16 -11 -14 -14 -17 -15 -14 -16 -15 -18 -21 -15 -18 -18 -18 -16 -16 -15 -14 -15 -16 -18 -13 -18 -15 -16 -17 -15 -15 -17 -18 -17 -17 -16 -17 -13 -19 -14 -15 -15 -15 -12 -15 -13 -11 -14 -13 -13 -11 -11 -9 -12 -13 -13 -13 -12 -14 -13 -17 -13 -17 -16 