-6492 -6464 -6498 -6486 -6524 -6588 -6552 -6534 -6544 -6522 -6464 -6424 -6432 -6478 -6430 -6366 -6414 -6438 -6414 -6490 -6438 -6454 -6484 -6568 -6574 -6464 -6512 -6574 -6484 -6408 -6292 -6138 -5934 -5692 -5588 -5348 -4980 -4532 -4314 -3992 -3728 -3466 -3390 -3546 -3290 -2870 -2006 -1046 -562 -184 488 846 1240 1488 1754 1876 1970 2110 2246 2414 2634 2818 2828 2932 2730 2716 2740 2856 3024 3138 3322 3380 3476 2836 2036 1316 822 478 432 426 498 730 684 458 220 -224 -602 -296 -1540 -1722 -1922 -2264 -2606 -2948 -3256 -3516 -3582 -3482 -3274 -2928 
-2496 -2130 -1682 -1314 -910 -580 -242 184 602 1002 1316 1582 1844 1988 2338 2470 2388 2734 2952 3190 3538 3558 3776 3984 4400 4752 5032 5128 5300 5404 5510 5576 5782 5722 5886 5730 5622 5494 5244 5108 4802 4550 4270 4018 3734 3586 3380 3332 3186 3026 2866 2744 2572 2394 2244 2050 1874 1688 1366 1128 844 686 496 390 276 158 -54 32 16 -32 -82 -88 -84 -114 -134 -146 -116 -102 -138 -140 -98 -114 -94 -130 -30 -44 4 16 110 210 192 362 332 500 518 604 646 742 816 870 
960 974 1038 1020 1100 1160 1242 1240 1252 1294 1310 1350 1386 1422 1508 1484 1550 1572 1584 1504 1586 1658 1602 1682 1650 1672 1720 1672 1730 1640 1664 1718 1718 1688 1676 1704 1734 1790 1790 1720 1710 1666 1712 1750 1690 1692 1654 1606 1604 1590 1584 1522 1500 1474 1460 1436 1408 1404 1426 1422 1316 1360 1290 1376 1302 1370 1344 1244 1260 1314 1238 1250 1272 1218 1266 1282 1278 1224 1226 1206 1156 1220 1180 1122 1158 1190 1192 1154 1210 1146 1216 1156 1158 1178 1168 1192 1224 1262 1216 1272 
1338 1308 1384 1324 1416 1394 1460 1428 1460 1480 1428 1486 1530 1544 1552 1566 1590 1574 1586 1568 1646 1584 1612 1558 1630 1650 1642 1632 1624 1654 1660 1668 1656 1614 1602 1638 1602 1664 1636 1640 1632 1584 1618 1644 1634 1562 1584 1574 1492 1518 1520 1486 1472 1476 1440 1444 1456 1380 1340 1300 1342 1338 1358 1340 1300 1332 1306 1290 1320 1344 1266 1280 1270 1302 1266 1316 1268 1304 1266 1252 1234 1238 1258 1266 1338 1308 1360 1320 1344 1358 1316 1346 1404 1352 1354 1426 1430 1410 1430 1450 
1482 1492 1452 1488 1464 1466 1464 1494 1486 1538 1510 1536 1626 1522 1568 1572 1584 1526 1530 1548 1586 1566 1512 1530 1556 1510 1522 1512 1482 1460 1480 1468 1492 1478 1432 1460 1476 1444 1406 1422 1452 1464 1358 1386 1390 1410 1304 1408 1374 1360 1338 1310 1340 1400 1396 1384 1380 1412 1352 1350 1328 1408 1392 1398 1436 1382 1396 1432 1480 1416 1458 1420 1468 1444 1466 1504 1482 1452 1484 1564 1492 1546 1480 1502 1492 1484 1482 1448 1442 1450 1498 1456 1456 1434 1454 1422 1436 1460 1426 1418 
1444 1398 1402 1374 1426 1414 1406 1394 1400 1384 1430 1430 1384 1398 1416 1436 1400 1384 1436 1424 1456 1430 1446 1452 1450 1470 1414 1432 1494 1436 1470 1466 1488 1446 1492 1464 1418 1418 1464 1488 1476 1438 1430 1408 1476 1428 1438 1408 1442 1422 1450 1438 1406 1458 1370 1406 1434 1420 1418 1418 1394 1344 1366 1352 1438 1364 1408 1426 1408 1382 1488 1456 1454 1438 1464 1458 1488 1376 1440 1452 1418 1456 1478 1486 1496 1484 1462 1460 1436 1488 1432 1420 1440 1480 1472 1452 1458 1422 1376 1474 
1474 1428 1390 1412 1318 1386 1410 1434 1412 1454 1350 1430 1386 1434 1432 1454 1430 1460 1474 1454 1470 1446 1464 1442 1484 1492 1514 1478 1480 1470 1442 1468 1452 1462 1446 1500 1464 1448 1418 1426 1428 1366 1386 1404 1438 1414 1422 1362 1406 1396 1404 1432 1390 1422 1362 1370 1404 1418 1370 1454 1454 1454 1440 1480 1514 1452 1410 1484 1510 1454 1460 1462 1500 1502 1440 1450 1510 1492 1422 1464 1460 1460 1456 1392 1444 1448 1382 1396 1404 1376 1430 1444 1404 1402 1428 1400 1406 1432 1408 1388 
1382 1412 1436 1398 1452 1416 1484 1470 1440 1456 1424 1488 1462 1452 1412 1484 1464 1438 1460 1490 1432 1430 1382 1448 1438 1434 1436 1392 1428 1412 1428 1464 1452 1428 1428 1410 1436 1436 1414 1456 1436 1450 1436 1454 1388 1440 1468 1450 1420 1410 1382 1430 1426 1430 1390 1448 1446 1428 1414 1450 1460 1420 1462 1488 1454 1452 1400 1444 1452 1454 1440 1476 1430 1438 1396 1430 1438 1444 1412 1404 1446 1450 1444 1466 1418 1384 1368 1440 1402 1406 1410 1458 1394 1400 1432 1424 1460 1412 1498 1424 
1450 1460 1448 1476 1452 1450 1442 1444 1448 1434 1434 1446 1494 1418 1450 1404 1408 1392 1460 1416 1456 1448 1448 1428 1422 1414 1382 1436 1392 1396 1366 1304 1316 1324 1376 1386 1416 1380 1430 1392 1360 1412 1390 1390 1412 1428 1430 1414 1414 1394 1456 1498 1470 1428 1386 1352 1340 1300 1392 1410 1374 1382 1382 1386 1410 1422 1370 1402 1394 1376 1332 1428 1424 1404 1412 1368 1402 1418 1366 1444 1360 1364 1368 1392 1378 1394 1404 1394 1418 1370 1380 1362 1368 1344 1346 1352 1342 1364 1338 1338 
1342 1338 1340 1326 1274 1326 1360 1384 1390 1312 1364 1314 1354 1308 1406 1328 1376 1370 1424 1416 1424 1416 1402 1398 1362 1360 1424 1394 1464 1458 1440 1432 1444 1440 1418 1428 1362 1348 1418 1376 1402 1426 1374 1370 1386 1370 1324 1330 1334 1344 1378 1326 1344 1288 1332 1318 1282 1346 1280 1336 1362 1304 1340 1352 1382 1400 1406 1396 1416 1410 1362 1394 1372 1426 1430 1450 1450 1414 1442 1382 1472 1454 1392 1414 1408 1428 1472 1444 1432 1388 1388 1420 1472 1438 1448 1448 1384 1376 1370 -6622 
-6658 -6598 -6566 -6584 -6570 -6578 -6536 -6554 -6488 -6432 -6408 -6434 -6432 -6472 -6500 -6526 -6478 -6466 -6426 -6432 -6474 -6448 -6450 -6498 -6488 -6550 -6626 -6500 -6508 -6474 -6432 -6478 -6464 -6564 -6538 -6486 -6550 -6524 -6462 -6486 -6512 -6514 -6506 -6556 -6562 -6530 -6562 -6498 -6492 -6502 -6452 -6434 -6416 -6442 -6480 -6524 -6476 -6414 -6356 -6372 -6362 -6308 -6294 -6246 -6220 -6182 -5962 -5862 -5730 -5474 -5092 -4680 -4170 -3772 -3300 -3034 -2886 -2932 -2474 -2290 -1626 -716 242 1576 2072 2092 1822 1806 1844 1760 1894 2154 2320 2620 2780 2880 2882 3088 2890 2852 
2778 2516 1844 686 -420 -1640 -2248 -2094 -2126 -1768 -1070 -436 -158 -682 -810 -2368 -2496 -2670 -2848 -2992 -3166 -3298 -3200 -3064 -2946 -2872 -2798 -2718 -2706 -2606 -2380 -2226 -2002 -1730 -1384 -1036 -706 -292 20 302 526 714 864 1052 1328 1430 1578 1750 1968 2106 1970 2336 2510 2542 2740 2834 3058 3152 3372 3576 3628 3652 3652 3664 3704 3678 3634 3518 3518 3438 3274 3196 3128 3096 3002 2888 2848 2740 2706 2642 2556 2416 2340 2198 2120 1966 1886 1748 1646 1614 1520 1498 1342 1174 988 754 672 618 522 456 
492 446 432 528 590 612 670 706 702 700 676 658 616 644 610 644 654 648 754 748 774 782 772 816 798 836 846 816 870 874 854 880 868 866 892 906 904 1010 978 1064 1092 1156 1124 1212 1250 1272 1332 1340 1406 1338 1426 1438 1510 1536 1492 1572 1630 1594 1648 1656 1718 1700 1714 1766 1812 1862 1894 1870 1852 1858 1856 1906 1926 1900 1898 1972 1922 1936 1934 1960 1956 2014 1930 1940 2010 1896 1936 1894 1856 1834 1794 1784 1728 1652 1660 1642 1646 1542 1606 1580 
1512 1524 1486 1448 1434 1458 1372 1436 1436 1366 1346 1332 1330 1328 1328 1258 1236 1206 1232 1220 1188 1172 1146 1150 1158 1170 1152 1148 1084 1128 1062 1106 1108 1052 1098 1090 1088 1078 1134 1128 1100 1184 1184 1196 1224 1312 1326 1340 1336 1396 1402 1420 1474 1482 1496 1548 1524 1500 1568 1616 1602 1574 1670 1646 1650 1658 1718 1700 1712 1692 1724 1736 1762 1780 1762 1824 1840 1794 1810 1828 1810 1792 1812 1800 1816 1766 1720 1766 1772 1732 1672 1702 1674 1668 1572 1580 1518 1540 1512 1444 
1424 1354 1376 1352 1310 1290 1238 1262 1168 1138 1082 1132 1160 1100 1112 1076 1072 1086 1048 1032 1082 1042 1022 1054 1036 1064 1048 1070 1148 1132 1152 1156 1190 1222 1218 1260 1234 1258 1322 1352 1366 1346 1408 1376 1448 1486 1490 1534 1512 1506 1550 1538 1558 1534 1564 1620 1576 1580 1614 1624 1620 1628 1610 1616 1638 1646 1632 1628 1648 1648 1580 1584 1542 1626 1564 1526 1582 1522 1496 1502 1460 1436 1440 1372 1422 1444 1336 1366 1312 1380 1366 1350 1358 1298 1284 1392 1328 1350 1392 1324 
1376 1298 1314 1262 1310 1322 1342 1330 1354 1354 1354 1386 1392 1372 1434 1404 1402 1454 1488 1418 1494 1454 1486 1468 1522 1480 1520 1532 1510 1528 1552 1512 1556 1588 1544 1602 1580 1526 1608 1538 1550 1592 1536 1468 1514 1502 1482 1506 1438 1488 1452 1412 1402 1436 1482 1420 1412 1394 1364 1374 1406 1330 1322 1364 1420 1386 1418 1398 1426 1408 1414 1382 1418 1382 1458 1378 1436 1414 1444 1452 1472 1434 1458 1502 1492 1476 1436 1514 1466 1476 1488 1506 1456 1482 1494 1462 1432 1456 1484 1474 
1512 1448 1430 1422 1420 1458 1446 1508 1436 1440 1456 1406 1432 1356 1418 1450 1408 1398 1440 1416 1438 1410 1422 1430 1452 1426 1384 1440 1424 1482 1484 1460 1468 1500 1502 1444 1468 1456 1478 1466 1464 1540 1506 1448 1492 1514 1478 1488 1512 1426 1448 1432 1496 1462 1462 1438 1424 1444 1462 1428 1414 1398 1382 1414 1424 1408 1428 1376 1410 1434 1458 1414 1476 1418 1466 1448 1456 1428 1456 1508 1432 1502 1480 1440 1456 1486 1484 1504 1398 1508 1486 1444 1470 1444 1508 1482 1468 1468 1476 1528 
1434 1404 1472 1460 1498 1450 1462 1428 1442 1412 1446 1488 1426 1458 1426 1474 1388 1434 1394 1450 1450 1422 1398 1454 1436 1440 1480 1452 1486 1422 1480 1458 1504 1522 1474 1436 1478 1476 1424 1438 1482 1452 1412 1474 1410 1422 1438 1470 1466 1484 1428 1470 1436 1472 1366 1468 1448 1444 1430 1424 1420 1466 1428 1458 1464 1432 1480 1462 1492 1472 1450 1478 1474 1480 1470 1496 1502 1490 1490 1468 1460 1450 1434 1486 1480 1486 1396 1432 1412 1448 1414 1432 1416 1408 1448 1416 1426 1482 1436 1460 
1424 1454 1460 1446 1444 1462 1438 1442 1492 1488 1506 1496 1482 1506 1456 1526 1494 1464 1428 1422 1432 1488 1450 1440 1412 1412 1458 1466 1470 1406 1454 1370 1478 1412 1402 1494 1446 1438 1502 1490 1494 1456 1458 1430 1476 1442 1486 1460 1462 1450 1500 1488 1476 1486 1436 1462 1496 1454 1426 1456 1498 1420 1466 1378 1488 1444 1418 1386 1428 1436 1402 1440 1422 1456 1458 1482 1486 1452 1412 1458 1434 1440 1494 1478 1482 1468 1480 1462 1482 1452 1460 1486 1474 1484 1442 1452 1460 1488 1470 1506 
1450 1456 1476 1436 1458 1368 1424 1452 1438 1444 1440 1474 1426 1460 1482 1478 1416 1482 1460 1484 1442 1430 1490 1452 1460 1430 1458 1446 1480 1456 1416 1456 1484 1456 1466 1538 1490 1428 1436 1488 1404 1482 1494 1444 1466 1428 1440 1402 1426 1500 1450 1460 1520 1422 1460 1460 1430 1424 1410 1424 1444 1442 1472 1428 1502 1434 1478 1448 1448 1446 1454 1486 1500 1518 1456 1460 1488 1466 1472 1486 1510 1490 1426 1492 1430 1500 1444 1466 1460 1500 1456 1440 1408 1438 1442 1420 1436 1412 -6598 -6572 
-6564 -6554 -6458 -6534 -6458 -6504 -6546 -6538 -6430 -6506 -6562 -6522 -6486 -6582 -6600 -6632 -6546 -6542 -6534 -6586 -6616 -6596 -6560 -6542 -6596 -6580 -6546 -6492 -6442 -6550 -6472 -6444 -6454 -6474 -6438 -6488 -6436 -6398 -6404 -6460 -6504 -6434 -6480 -6502 -6530 -6464 -6488 -6490 -6426 -6416 -6478 -6478 -6382 -6414 -6368 -6362 -6492 -6554 -6474 -6500 -6648 -6658 -6570 -6534 -6468 -6488 -6496 -6496 -6434 -6356 -6230 -6232 -6176 -6218 -6200 -6148 -6162 -6174 -6056 -5962 -5956 -5902 -5750 -5588 -5272 -4978 -4598 -4254 -4006 -3714 -3608 -3352 -3104 -2698 -2158 -1332 14 1202 2148 2230 
2388 2450 2138 2316 2360 2320 2640 2868 2962 3116 3304 3492 3332 3272 3158 2784 1936 1122 832 134 -258 -176 -208 -224 330 974 1400 1650 1708 1404 1070 794 664 230 112 -132 -392 -538 -766 -1016 -1244 -1390 -1584 -1774 -1902 -1880 -1978 -1888 -1788 -1666 -1456 -1196 -916 -594 -384 -74 200 472 778 1084 1500 1944 2178 2468 3046 3534 2922 2952 3194 2928 3106 2890 2904 3414 4018 4662 5106 5678 6160 6404 6558 6488 6120 5790 5544 5404 5096 4798 4516 4248 4066 3764 3696 3558 3488 3450 3400 3256 3200 3146 
3066 2946 2834 2720 2618 2440 2310 2208 2158 2122 2058 2030 2032 1970 1964 1984 1958 1910 1808 1800 1678 1690 1636 1520 1476 1412 1378 1332 1324 1220 1278 1214 1182 1162 1088 1090 998 962 930 886 812 844 742 766 734 694 712 706 700 698 756 836 816 812 898 916 946 1052 1092 1146 1222 1308 1346 1372 1440 1490 1550 1566 1600 1692 1720 1754 1752 1886 1920 1898 2000 2096 2082 2064 2094 2186 2180 2216 2262 2270 2256 2286 2330 2348 2310 2430 2332 2366 2422 2398 2396 2372 2318 2374 
2342 2330 2324 2300 2240 2222 2192 2194 2086 2046 1992 2020 1940 1854 1806 1654 1572 1316 1084 832 678 568 460 428 404 204 380 400 430 442 512 506 452 480 448 394 372 396 336 370 406 450 504 544 612 684 706 754 816 862 896 976 1004 1084 1102 1124 1218 1252 1282 1278 1364 1388 1418 1478 1460 1478 1486 1548 1594 1598 1612 1622 1668 1670 1714 1696 1738 1740 1706 1710 1756 1768 1748 1778 1756 1764 1768 1738 1744 1758 1746 1762 1846 1768 1736 1760 1746 1710 1688 1714 
1684 1708 1662 1664 1648 1596 1568 1572 1516 1564 1490 1520 1540 1496 1516 1460 1412 1404 1468 1426 1418 1428 1398 1426 1428 1374 1360 1346 1386 1410 1388 1364 1348 1378 1332 1398 1362 1362 1352 1328 1316 1362 1358 1406 1434 1440 1402 1410 1442 1446 1434 1506 1482 1574 1544 1584 1616 1616 1610 1634 1620 1662 1658 1634 1668 1656 1676 1740 1676 1732 1726 1706 1706 1664 1692 1762 1730 1720 1732 1666 1724 1656 1732 1698 1684 1722 1700 1692 1644 1636 1622 1656 1590 1548 1566 1570 1540 1566 1566 1508 
1520 1556 1508 1424 1460 1466 1468 1470 1458 1460 1474 1470 1452 1450 1430 1474 1464 1474 1422 1478 1490 1466 1470 1530 1546 1562 1532 1482 1508 1524 1566 1572 1610 1606 1586 1556 1576 1650 1604 1634 1680 1596 1604 1620 1622 1662 1590 1636 1602 1620 1590 1644 1566 1586 1596 1560 1544 1522 1566 1540 1492 1528 1562 1562 1510 1578 1542 1542 1550 1518 1532 1510 1536 1524 1542 1486 1552 1482 1482 1536 1534 1514 1546 1520 1564 1532 1576 1520 1588 1572 1580 1564 1608 1530 1540 1572 1576 1584 1600 1534 
1584 1552 1614 1582 1578 1610 1554 1602 1592 1550 1572 1542 1580 1588 1600 1542 1550 1554 1560 1546 1592 1516 1526 1546 1494 1536 1554 1532 1552 1572 1534 1540 1544 1558 1548 1544 1574 1564 1534 1560 1548 1570 1526 1520 1592 1576 1614 1556 1568 1570 1560 1538 1566 1570 1562 1612 1570 1562 1568 1608 1550 1586 1560 1560 1578 1548 1568 1530 1512 1542 1570 1542 1594 1504 1596 1498 1530 1576 1546 1496 1546 1550 1530 1568 1574 1574 1544 1548 1572 1514 1600 1556 1600 1602 1544 1612 1526 1554 1558 1588 
1578 1590 1586 1594 1576 1554 1576 1560 1572 1550 1576 1508 1538 1544 1550 1514 1514 1582 1530 1540 1520 1550 1524 1534 1508 1536 1544 1552 1574 1514 1540 1536 1570 1548 1542 1544 1560 1584 1588 1560 1530 1594 1538 1558 1560 1542 1492 1574 1562 1544 1578 1612 1596 1592 1540 1612 1494 1572 1572 1562 1522 1566 1502 1530 1502 1558 1562 1608 1626 1616 1534 1590 1500 1564 1584 1520 1528 1570 1570 1556 1554 1540 1552 1554 1520 1610 1576 1560 1580 1550 1532 1572 1550 1528 1574 1530 1586 1546 1548 1562 
1546 1566 1564 1538 1566 1546 1590 1538 1584 1552 1548 1520 1604 1568 1570 1608 1546 1578 1530 1532 1548 1552 1604 1552 1590 1580 1478 1546 1550 1538 1528 1540 1576 1538 1544 1552 1544 1552 1550 1558 1586 1590 1538 1592 1552 1560 1554 1594 1604 1492 1608 1614 1594 1570 1542 1508 1556 1572 1640 1566 1606 1550 1512 1538 1520 1570 1568 1526 1472 1576 1596 1538 1560 1550 1610 1546 1566 1524 1532 1548 1514 1602 1584 1542 1568 1560 1536 1542 1518 1578 1536 1568 1568 1550 1560 1556 1588 1576 1556 1552 
1550 1568 1592 1552 1570 1538 1542 1528 1508 1572 1576 1618 1578 1544 1554 1534 1518 1530 1520 1504 1570 1588 1556 1614 1524 1572 1612 1530 1512 1570 1612 1612 1552 1556 1564 1520 1574 1528 1514 1566 1590 1510 1562 1582 1546 1538 1562 1590 1584 1534 1572 1536 1584 1574 1570 1574 1590 1564 1578 1542 1552 1574 1566 1584 1586 1540 1576 1548 1536 1544 1540 1526 1520 1564 1588 1538 1508 1594 1562 1540 1544 1570 1492 1518 1558 1588 1584 1572 1546 1572 1566 1564 1604 1568 1572 1532 1552 -6608 -6678 -6710 
-6706 -6714 -6642 -6578 -6570 -6546 -6536 -6614 -6566 -6546 -6490 -6504 -6460 -6400 -6396 -6436 -6362 -6402 -6326 -6390 -6494 -6568 -6574 -6568 -6532 -6568 -6668 -6598 -6706 -6740 -6840 -6842 -6814 -6800 -6786 -6702 -6588 -6596 -6690 -6680 -6510 -6498 -6446 -6502 -6468 -6480 -6464 -6486 -6538 -6504 -6388 -6376 -6408 -6506 -6426 -6330 -6288 -6234 -6242 -6162 -6090 -6076 -5884 -5784 -5576 -5312 -5094 -4970 -4830 -4778 -4566 -4442 -4244 -4260 -4052 -4262 -3950 -4094 -3598 -2900 -2166 -1294 -774 -150 166 520 864 1260 1498 1548 1710 1882 2038 2236 2342 2402 2490 2342 2276 1956 
1610 1246 590 132 -482 -924 -664 -264 56 460 958 1466 1736 1628 1300 896 612 428 258 196 112 -92 -304 -362 -526 -702 -838 -796 -1044 -1190 -1222 -1312 -1416 -1384 -1336 -1274 -1176 -964 -634 -382 -58 222 494 740 1042 1276 1520 1668 1880 2116 2310 2568 2526 2576 2926 3118 3162 3388 3620 3926 4334 4696 4968 5118 5182 5228 5274 5360 5248 5230 5146 5056 4848 4512 4168 3900 3698 3522 3486 3402 3426 3354 3350 3254 3176 3078 2952 2896 2772 2720 2624 2552 2422 2322 2140 2092 1992 1954 1866 1862 
1850 1788 1762 1756 1704 1704 1638 1608 1534 1608 1474 1456 1394 1410 1350 1354 1258 1314 1154 1162 1194 1122 1086 1066 1056 1016 1024 978 956 952 900 898 922 922 880 898 854 868 916 902 938 944 968 1058 1026 1142 1182 1210 1264 1274 1258 1266 1374 1406 1470 1430 1508 1512 1596 1658 1582 1734 1704 1798 1820 1828 1802 1932 1928 1932 1936 1994 1962 2042 2022 2040 2006 2048 2062 2112 2124 2140 2092 2068 2112 2126 2074 2080 2076 2116 2096 2026 2018 2056 1922 1832 1846 1752 1734 1632 
1604 1476 1380 1278 1234 1106 972 930 802 740 668 654 580 494 488 526 420 466 470 480 472 524 516 444 508 550 558 610 536 612 626 690 658 784 764 856 858 942 960 1034 1044 1080 1106 1168 1176 1242 1284 1318 1308 1374 1406 1394 1440 1450 1478 1492 1494 1522 1518 1580 1546 1574 1588 1558 1556 1612 1522 1550 1562 1530 1550 1566 1530 1486 1554 1488 1510 1454 1474 1452 1486 1466 1412 1422 1390 1392 1370 1392 1312 1372 1308 1322 1356 1350 1318 1358 1342 1322 1348 1332 
1310 1320 1324 1314 1324 1308 1334 1314 1342 1356 1326 1352 1300 1336 1346 1332 1338 1310 1270 1312 1304 1314 1298 1372 1300 1310 1310 1360 1350 1318 1374 1382 1366 1408 1426 1400 1402 1408 1408 1460 1512 1532 1476 1532 1520 1532 1522 1556 1606 1568 1576 1550 1548 1572 1604 1556 1542 1612 1542 1576 1514 1528 1514 1506 1476 1468 1468 1434 1470 1454 1392 1428 1390 1408 1376 1358 1374 1340 1312 1362 1378 1348 1350 1326 1376 1328 1318 1336 1294 1338 1330 1354 1310 1332 1346 1294 1304 1366 1336 1382 
1300 1348 1350 1310 1332 1322 1270 1330 1310 1370 1368 1404 1394 1378 1412 1486 1446 1428 1480 1444 1492 1510 1520 1510 1540 1572 1544 1538 1586 1562 1536 1602 1598 1514 1522 1578 1546 1532 1498 1494 1520 1466 1480 1434 1402 1446 1386 1436 1404 1386 1426 1340 1344 1388 1368 1368 1350 1390 1328 1286 1292 1306 1288 1324 1346 1282 1348 1344 1326 1306 1320 1324 1398 1332 1382 1366 1376 1442 1388 1382 1442 1434 1474 1430 1402 1468 1464 1510 1516 1482 1554 1568 1520 1550 1486 1538 1582 1540 1508 1534 
1516 1552 1498 1494 1528 1506 1454 1468 1454 1432 1444 1442 1470 1418 1430 1400 1362 1410 1402 1400 1422 1438 1400 1428 1392 1396 1412 1396 1400 1418 1418 1424 1398 1384 1402 1428 1422 1394 1428 1446 1440 1450 1520 1480 1486 1490 1460 1452 1524 1478 1518 1494 1504 1484 1480 1484 1478 1510 1526 1442 1438 1472 1470 1518 1462 1458 1464 1456 1488 1420 1412 1408 1468 1418 1414 1422 1446 1428 1430 1406 1440 1424 1454 1444 1484 1430 1494 1460 1442 1424 1436 1444 1434 1492 1504 1486 1464 1478 1472 1470 
1508 1476 1490 1450 1428 1444 1484 1464 1424 1488 1436 1426 1428 1364 1492 1488 1428 1442 1460 1474 1464 1496 1420 1394 1446 1436 1432 1456 1474 1458 1426 1398 1454 1494 1458 1430 1400 1440 1478 1444 1456 1460 1500 1416 1452 1438 1400 1452 1528 1468 1474 1516 1436 1488 1460 1488 1414 1446 1434 1478 1432 1442 1402 1424 1440 1478 1484 1466 1476 1420 1410 1418 1390 1448 1426 1394 1432 1422 1428 1406 1464 1358 1446 1426 1438 1456 1440 1446 1434 1346 1436 1532 1488 1426 1506 1468 1444 1468 1436 1484 
1452 1470 1472 1442 1476 1450 1456 1454 1442 1462 1462 1478 1408 1442 1420 1418 1402 1458 1442 1450 1472 1442 1462 1504 1420 1456 1454 1448 1474 1446 1512 1488 1494 1494 1462 1470 1458 1510 1502 1460 1422 1450 1470 1434 1474 1436 1444 1432 1444 1456 1448 1420 1458 1468 1432 1450 1450 1420 1444 1444 1418 1448 1482 1470 1510 1496 1488 1434 1522 1492 1484 1452 1498 1454 1516 1458 1496 1450 1440 1500 1458 1416 1424 1514 1436 1452 1424 1446 1450 1416 1450 1404 1388 1436 1458 1490 1458 1462 1420 1488 
1470 1426 1474 1492 1464 1500 1476 1500 1464 1480 1472 1466 1480 1446 1490 1434 1502 1480 1442 1458 1462 1482 1456 1430 1470 1462 1468 1448 1460 1490 1510 1478 1458 1430 1422 1478 1452 1502 1450 1456 1486 1456 1466 1462 1466 1400 1460 1456 1456 1440 1468 1442 1478 1468 1496 1430 1474 1460 1450 1502 1446 1476 1466 1478 1450 1470 1468 1482 1448 1474 1430 1482 1422 1478 1448 1472 1440 1458 1428 1448 1450 1462 1474 1466 1460 1464 1472 1440 1442 1422 1476 1402 1428 1434 1442 1400 -6560 -6496 -6500 -6492 
-6506 -6474 -6472 -6406 -6424 -6476 -6476 -6466 -6476 -6420 -6538 -6504 -6466 -6440 -6522 -6612 -6638 -6600 -6574 -6522 -6492 -6584 -6668 -6588 -6590 -6580 -6614 -6626 -6522 -6620 -6694 -6604 -6556 -6480 -6522 -6486 -6432 -6470 -6504 -6530 -6548 -6522 -6440 -6530 -6562 -6476 -6380 -6360 -6376 -6456 -6406 -6408 -6276 -6242 -6222 -6276 -6272 -6170 -6158 -6086 -6098 -5962 -5882 -5616 -5324 -4920 -4400 -4026 -3952 -4016 -4118 -4210 -4276 -4132 -3970 -4178 -4124 -3922 -3974 -3488 -2582 -1506 -698 54 514 656 910 958 1034 1132 1326 1482 1692 1864 2020 2038 2186 2326 2076 1870 
1350 602 -132 -90 -690 -1154 -1042 -912 -476 282 904 1322 1484 1428 1156 774 520 326 160 122 24 -92 -202 -356 -512 -706 -910 -1050 -1170 -1274 -1342 -1344 -1344 -1268 -1210 -1072 -986 -858 -596 -442 -218 48 196 430 720 1020 1318 1594 1862 2096 2482 2376 2302 2628 2190 2874 2904 3072 3234 3524 3866 4344 4686 5052 5254 5440 5544 5518 5476 5316 5142 5126 4968 4852 4552 4344 4088 3854 3624 3530 3338 3238 3164 3140 3058 2998 2942 2852 2732 2642 2542 2428 2298 2178 2100 1922 1860 1724 1670 1604 
1516 1512 1444 1462 1418 1424 1350 1356 1334 1308 1106 1048 1000 910 824 742 770 752 750 754 762 736 732 766 758 720 716 670 686 672 758 696 762 784 762 814 842 892 946 942 1030 1052 1152 1108 1246 1194 1256 1310 1358 1402 1432 1424 1522 1550 1570 1564 1618 1624 1722 1708 1784 1726 1822 1812 1862 1822 1858 1886 1860 1884 1904 1934 1898 1948 1904 1952 1972 1944 1954 1968 1916 1922 1926 1874 1918 1878 1896 1850 1836 1822 1782 1762 1720 1684 1648 1586 1546 1580 1566 1546 
1546 1452 1452 1460 1384 1400 1374 1388 1358 1342 1284 1314 1326 1236 1204 1158 1102 1128 1036 1110 1150 1158 1092 1070 1046 1008 1064 1052 1048 1062 974 1016 922 992 1018 966 986 1014 1002 996 1068 1108 1174 1224 1236 1242 1264 1378 1340 1402 1422 1374 1422 1412 1424 1474 1472 1494 1546 1562 1596 1616 1626 1646 1662 1678 1686 1708 1720 1696 1734 1716 1716 1738 1722 1718 1762 1752 1800 1752 1772 1758 1782 1766 1794 1796 1734 1750 1758 1724 1686 1686 1644 1700 1584 1614 1592 1598 1558 1564 
1516 1540 1454 1386 1384 1412 1366 1350 1372 1340 1322 1308 1390 1328 1310 1320 1298 1308 1280 1300 1258 1242 1238 1238 1252 1242 1192 1226 1188 1240 1304 1218 1228 1188 1220 1214 1202 1254 1220 1226 1210 1318 1264 1302 1300 1338 1334 1408 1418 1430 1478 1486 1462 1530 1528 1510 1546 1574 1544 1592 1592 1530 1588 1582 1614 1650 1604 1602 1630 1660 1630 1662 1662 1622 1652 1644 1630 1652 1626 1662 1682 1678 1664 1594 1568 1656 1542 1586 1588 1588 1524 1608 1586 1568 1506 1482 1488 1448 1460 1452 
1438 1440 1384 1400 1372 1356 1358 1332 1318 1336 1338 1376 1288 1382 1388 1312 1282 1318 1308 1278 1316 1332 1334 1338 1348 1324 1344 1366 1328 1372 1410 1382 1364 1380 1462 1422 1430 1490 1422 1478 1500 1526 1522 1512 1522 1506 1526 1540 1520 1536 1568 1520 1552 1528 1610 1552 1554 1594 1516 1568 1556 1538 1576 1532 1558 1524 1484 1548 1518 1496 1526 1486 1450 1440 1438 1394 1490 1398 1436 1430 1430 1446 1358 1412 1430 1410 1402 1364 1370 1424 1438 1434 1424 1422 1454 1380 1450 1436 1408 1458 
1464 1428 1478 1458 1450 1474 1540 1486 1506 1468 1514 1478 1530 1480 1446 1518 1494 1472 1532 1540 1522 1522 1524 1498 1494 1426 1488 1476 1504 1448 1468 1486 1464 1408 1484 1426 1480 1432 1416 1420 1430 1412 1486 1400 1440 1448 1374 1464 1468 1436 1436 1436 1492 1494 1510 1478 1452 1450 1510 1474 1524 1452 1476 1470 1432 1448 1470 1480 1468 1514 1526 1382 1474 1452 1462 1416 1430 1478 1442 1434 1496 1442 1428 1460 1428 1454 1464 1426 1458 1412 1404 1464 1490 1472 1458 1520 1488 1462 1478 1468 
1480 1428 1482 1480 1474 1440 1456 1516 1474 1448 1454 1486 1498 1486 1452 1452 1422 1464 1446 1470 1484 1458 1442 1500 1462 1478 1402 1478 1486 1498 1518 1500 1400 1408 1474 1474 1464 1442 1484 1508 1476 1498 1462 1424 1492 1452 1496 1488 1444 1486 1400 1456 1516 1514 1504 1464 1412 1468 1452 1498 1478 1510 1434 1400 1470 1400 1452 1484 1434 1410 1432 1420 1492 1464 1488 1470 1488 1484 1454 1468 1496 1506 1492 1462 1506 1478 1464 1476 1568 1454 1478 1516 1472 1486 1462 1484 1450 1480 1490 1466 
1444 1430 1436 1464 1464 1436 1454 1442 1390 1430 1498 1444 1430 1480 1434 1426 1488 1456 1440 1432 1420 1442 1474 1432 1478 1498 1466 1504 1470 1430 1476 1502 1464 1478 1546 1488 1492 1484 1522 1434 1486 1464 1414 1494 1450 1454 1506 1476 1478 1470 1462 1486 1466 1436 1482 1500 1480 1432 1456 1514 1474 1482 1488 1494 1488 1426 1492 1506 1498 1452 1476 1440 1492 1466 1486 1500 1470 1496 1440 1428 1454 1432 1448 1480 1492 1508 1518 1474 1390 1484 1438 1442 1474 1488 1470 1480 1448 1472 1466 1396 
1486 1496 1456 1492 1472 1432 1446 1470 1456 1472 1480 1484 1466 1436 1472 1450 1408 1404 1448 1484 1448 1460 1412 1430 1406 1466 1476 1492 1488 1476 1466 1454 1450 1476 1498 1490 1452 1452 1478 1462 1464 1404 1440 1454 1516 1510 1450 1502 1456 1462 1478 1460 1474 1470 1470 1480 1500 1492 1482 1456 1418 1490 1420 1418 1450 1468 1436 1468 1418 1458 1412 1446 1440 1468 1468 1428 1444 1436 1412 1446 1464 1450 1474 1466 1430 1472 1484 1538 1498 1470 1486 1504 1448 1474 1506 -6616 -6574 -6494 -6434 -6508 
-6474 -6436 -6430 -6452 -6510 -6558 -6538 -6608 -6556 -6530 -6484 -6516 -6506 -6476 -6526 -6480 -6544 -6538 -6494 -6570 -6588 -6546 -6550 -6516 -6540 -6454 -6552 -6530 -6522 -6550 -6480 -6476 -6502 -6456 -6424 -6452 -6460 -6450 -6420 -6490 -6514 -6578 -6516 -6466 -6482 -6568 -6532 -6472 -6522 -6530 -6512 -6482 -6430 -6446 -6450 -6418 -6328 -6278 -6422 -6316 -6208 -5990 -5878 -5752 -5564 -5088 -4726 -4586 -4494 -4246 -4024 -3924 -3940 -3850 -3378 -3214 -3104 -3688 -3640 -3206 -2652 -1566 -728 92 496 802 960 1130 1300 1416 1536 1774 1984 2226 2484 2576 2872 2854 2844 2772 
2804 2906 2852 2866 2724 2280 1428 546 30 -210 -358 -336 2 312 634 910 884 710 984 80 -198 -354 -608 -848 -980 -1196 -1346 -1608 -1732 -1886 -2038 -2008 -1930 -1750 -1624 -1360 -1004 -670 -256 88 412 846 1234 1578 1954 2274 2572 3038 3046 2972 3322 3618 3754 4008 4212 4496 4788 5112 5582 5848 5994 6034 6050 6056 6116 6098 5940 5826 5762 5640 5546 5382 5252 5042 4746 4568 4346 4090 3786 3572 3442 3196 3166 3086 3154 3138 3070 2974 2806 2654 2520 2334 2218 2132 2012 1936 1850 1840 1746 1726 
1632 1672 1594 1638 1522 1528 1534 1462 1422 1312 1260 1220 1166 1112 1136 1082 1078 1052 1050 998 1018 1062 1038 1100 1034 1024 980 1068 1062 1082 1090 1060 1130 1160 1232 1238 1270 1316 1274 1330 1434 1420 1426 1480 1500 1548 1558 1576 1628 1624 1644 1690 1650 1766 1748 1766 1720 1774 1806 1756 1812 1854 1834 1838 1874 1886 1850 1894 1856 1870 1878 1832 1896 1818 1836 1840 1876 1858 1838 1804 1782 1770 1738 1684 1692 1662 1614 1600 1530 1474 1516 1490 1450 1386 1428 1398 1418 1384 1392 1362 
1332 1322 1316 1324 1296 1298 1310 1266 1238 1206 1188 1232 1248 1238 1196 1194 1160 1192 1206 1154 1094 1148 1128 1108 1112 1132 1154 1092 1100 1110 1126 1170 1150 1152 1232 1146 1202 1272 1260 1316 1322 1370 1352 1434 1392 1434 1470 1460 1492 1528 1558 1598 1606 1638 1634 1682 1646 1652 1620 1668 1740 1806 1790 1842 1808 1790 1716 1732 1766 1764 1768 1764 1804 1822 1784 1780 1824 1812 1828 1812 1808 1806 1770 1798 1770 1824 1802 1796 1816 1786 1806 1834 1722 1744 1718 1722 1710 1692 1706 1722 
1674 1664 1660 1614 1616 1610 1564 1564 1546 1536 1520 1462 1472 1450 1472 1446 1546 1516 1536 1506 1448 1396 1414 1384 1448 1462 1444 1420 1384 1404 1458 1504 1524 1604 1586 1568 1648 1596 1644 1624 1640 1714 1672 1680 1718 1728 1756 1820 1862 1832 1904 1892 1856 1868 1914 1890 1936 1938 1928 1908 1916 1928 1946 1946 1960 1966 1946 1952 1966 1882 1908 1966 1898 1948 1864 1942 1944 1904 1832 1856 1796 1856 1788 1788 1748 1778 1748 1738 1672 1698 1634 1620 1686 1660 1620 1636 1620 1586 1608 1614 
1576 1636 1562 1614 1564 1600 1544 1560 1574 1586 1544 1568 1580 1574 1552 1546 1568 1602 1638 1612 1548 1626 1630 1698 1664 1746 1696 1752 1664 1754 1706 1786 1782 1830 1804 1796 1796 1780 1792 1878 1846 1858 1874 1850 1858 1838 1886 1890 1832 1844 1854 1836 1932 1880 1850 1752 1838 1836 1798 1804 1774 1828 1756 1724 1786 1760 1750 1712 1754 1724 1740 1640 1706 1670 1648 1642 1672 1596 1648 1688 1656 1676 1642 1628 1628 1600 1636 1582 1630 1578 1644 1738 1726 1710 1702 1692 1678 1666 1738 1786 
1744 1794 1678 1750 1780 1766 1766 1804 1744 1694 1702 1688 1784 1740 1776 1782 1764 1704 1788 1750 1734 1734 1716 1762 1768 1732 1720 1698 1776 1704 1736 1714 1688 1696 1708 1728 1774 1710 1780 1736 1724 1730 1722 1722 1686 1762 1724 1696 1722 1670 1768 1726 1684 1734 1750 1698 1748 1762 1710 1772 1798 1762 1794 1764 1776 1794 1730 1752 1738 1710 1662 1694 1678 1702 1686 1682 1664 1696 1642 1670 1684 1678 1652 1708 1706 1768 1720 1722 1710 1724 1746 1736 1812 1796 1760 1784 1746 1778 1732 1738 
1794 1746 1782 1812 1754 1722 1768 1750 1716 1748 1736 1722 1748 1672 1724 1726 1688 1710 1670 1656 1648 1706 1710 1696 1732 1758 1712 1724 1720 1692 1678 1694 1724 1774 1764 1734 1794 1760 1780 1822 1744 1792 1746 1798 1844 1820 1840 1794 1826 1776 1778 1802 1854 1800 1756 1758 1764 1714 1732 1756 1688 1698 1702 1690 1750 1754 1670 1706 1720 1668 1716 1716 1670 1698 1646 1728 1730 1678 1752 1734 1722 1792 1780 1794 1826 1780 1760 1766 1844 1796 1770 1780 1756 1790 1756 1778 1720 1774 1792 1808 
1802 1764 1752 1780 1738 1732 1702 1686 1660 1670 1708 1702 1694 1722 1712 1740 1716 1716 1772 1734 1762 1808 1780 1742 1762 1702 1748 1792 1736 1774 1736 1768 1746 1748 1784 1718 1766 1758 1778 1710 1736 1808 1762 1748 1728 1680 1758 1716 1692 1696 1690 1776 1724 1720 1706 1766 1706 1714 1796 1772 1794 1738 1754 1792 1806 1766 1818 1818 1790 1724 1766 1772 1760 1780 1778 1802 1762 1788 1814 1762 1762 1738 1718 1724 1714 1690 1668 1656 1628 1636 1650 1674 1634 1700 1702 1728 1718 1654 1772 1744 
1744 1794 1762 1784 1800 1762 1770 1838 1826 1900 1864 1798 1824 1822 1832 1812 1776 1806 1744 1758 1712 1742 1660 1704 1696 1710 1752 1766 1742 1748 1732 1680 1674 1682 1680 1704 1692 1702 1682 1688 1726 1710 1724 1694 1732 1714 1748 1814 1770 1760 1766 1732 1774 1752 1724 1718 1730 1730 1720 1778 1782 1752 1734 1792 1766 1754 1762 1688 1760 1700 1736 1778 1774 1742 1796 1702 1726 1704 1730 1700 1694 1746 1740 1746 1774 1730 1682 1710 1754 1692 1636 1686 1722 1706 -6510 -6460 -6462 -6468 -6458 -6516 
-6458 -6478 -6434 -6456 -6448 -6512 -6486 -6560 -6520 -6496 -6542 -6474 -6522 -6538 -6534 -6560 -6648 -6510 -6564 -6528 -6522 -6490 -6500 -6554 -6462 -6486 -6452 -6524 -6514 -6462 -6448 -6490 -6478 -6446 -6456 -6444 -6354 -6328 -6274 -6262 -6320 -6404 -6382 -6242 -6268 -6320 -6262 -6338 -6346 -6296 -6364 -6414 -6416 -6476 -6448 -6386 -6320 -6294 -6266 -6140 -6052 -5884 -5700 -5606 -5522 -5456 -5192 -4962 -4744 -4374 -3164 -2710 -1500 -470 480 1006 1008 810 886 1038 1510 1736 2022 2138 2182 2252 2342 2432 2516 2484 2156 1636 1256 764 -360 -20 -150 -592 -756 -842 
-888 -524 -40 336 520 586 638 618 434 292 138 52 -168 -264 -414 -512 -576 -702 -754 -784 -982 -1014 -1104 -1098 -1024 -988 -910 -792 -620 -286 -54 114 462 648 896 1194 1526 1780 2058 2420 2710 3062 2718 3474 3634 3762 3962 4270 4522 4844 5162 5434 5838 6074 6254 6300 6362 6250 6038 5918 5698 5570 5390 5224 4948 4766 4610 4414 4244 4066 3898 3690 3402 3294 3122 3036 2994 2932 2894 2812 2714 2680 2594 2522 2424 2386 2276 2228 2192 2208 2200 2192 2236 2178 2158 2072 2092 2078 2080 2134 
2116 2060 2056 1988 2060 2018 2022 2044 2008 1980 1994 1976 1940 1968 1904 1916 1864 1866 1868 1840 1814 1652 1566 1388 1246 1096 932 620 340 108 14 -164 90 134 224 382 454 558 732 756 792 818 872 916 966 1066 1086 1176 1046 1282 1296 1296 1416 1452 1618 1692 1716 1748 1874 1842 1876 1932 1866 1750 1684 1686 1636 1710 1696 1648 1658 1518 1550 1480 1436 1386 1348 1282 1258 1238 1214 1192 1148 1134 1108 1036 1070 1064 1112 940 892 832 844 718 678 558 580 544 598 618 
594 646 620 640 642 690 718 754 758 826 846 930 946 998 988 1068 1038 1096 1222 1202 1202 1260 1246 1264 1296 1328 1342 1356 1376 1410 1478 1486 1532 1506 1520 1498 1526 1474 1462 1442 1466 1466 1568 1592 1638 1602 1660 1640 1660 1700 1718 1710 1676 1736 1744 1786 1788 1802 1788 1810 1798 1820 1804 1832 1830 1798 1832 1816 1778 1794 1794 1760 1744 1734 1712 1676 1640 1624 1734 1664 1622 1618 1572 1594 1582 1644 1630 1604 1594 1584 1616 1610 1608 1558 1620 1600 1636 1584 1638 1670 
1628 1604 1670 1628 1766 1768 1724 1758 1786 1852 1802 1820 1896 1878 1798 1772 1804 1792 1774 1816 1772 1776 1824 1796 1774 1748 1782 1722 1754 1794 1784 1760 1762 1730 1760 1730 1758 1724 1710 1672 1688 1706 1678 1686 1716 1750 1716 1740 1748 1686 1642 1678 1654 1650 1644 1616 1600 1542 1586 1588 1618 1654 1648 1614 1590 1634 1622 1652 1614 1622 1686 1630 1670 1620 1604 1638 1622 1626 1650 1592 1670 1588 1588 1556 1558 1566 1534 1578 1556 1572 1518 1612 1602 1574 1556 1552 1548 1580 1580 1564 
1538 1550 1620 1624 1588 1622 1664 1628 1650 1678 1608 1672 1722 1640 1686 1660 1670 1730 1702 1688 1738 1740 1720 1730 1752 1770 1700 1736 1726 1724 1704 1722 1652 1680 1688 1718 1624 1726 1690 1684 1672 1672 1612 1632 1668 1660 1654 1640 1650 1616 1624 1584 1672 1636 1662 1592 1680 1612 1664 1610 1674 1614 1668 1628 1626 1690 1632 1672 1672 1668 1634 1612 1650 1634 1694 1672 1644 1630 1666 1666 1650 1710 1682 1696 1674 1642 1660 1650 1614 1618 1662 1654 1674 1644 1656 1644 1668 1658 1662 1634 
1634 1694 1688 1694 1646 1692 1716 1676 1672 1708 1634 1686 1624 1676 1664 1650 1664 1646 1632 1602 1632 1644 1660 1662 1652 1684 1672 1684 1638 1616 1668 1670 1582 1688 1686 1686 1702 1676 1660 1636 1630 1708 1668 1676 1628 1664 1664 1662 1670 1642 1656 1664 1632 1640 1662 1652 1694 1670 1658 1660 1680 1700 1680 1636 1636 1652 1612 1674 1660 1672 1678 1652 1654 1652 1724 1608 1710 1690 1652 1702 1660 1668 1676 1656 1694 1666 1660 1668 1638 1638 1718 1646 1688 1640 1632 1636 1634 1638 1682 1670 
1652 1642 1620 1628 1654 1634 1626 1654 1662 1702 1672 1658 1672 1644 1678 1734 1698 1704 1692 1672 1720 1668 1680 1656 1692 1686 1716 1636 1626 1736 1690 1736 1674 1656 1672 1676 1662 1672 1702 1648 1720 1670 1664 1644 1672 1648 1666 1706 1660 1636 1656 1652 1680 1630 1676 1708 1660 1662 1600 1698 1690 1660 1678 1660 1696 1684 1680 1698 1674 1652 1706 1696 1634 1708 1688 1684 1684 1686 1660 1630 1660 1658 1682 1670 1648 1676 1700 1638 1676 1672 1680 1650 1676 1658 1666 1666 1642 1650 1640 1636 
1684 1684 1676 1686 1618 1648 1616 1636 1612 1684 1682 1684 1648 1742 1696 1626 1668 1604 1644 1690 1668 1648 1700 1688 1664 1674 1668 1718 1714 1702 1644 1734 1710 1698 1722 1676 1660 1698 1652 1666 1684 1658 1652 1692 1668 1676 1672 1668 1704 1730 1658 1636 1644 1644 1660 1634 1664 1654 1656 1652 1664 1620 1644 1658 1714 1704 1650 1672 1642 1690 1690 1676 1664 1712 1678 1694 1738 1682 1714 1700 1684 1696 1644 1632 1670 1638 1632 1668 1642 1696 1652 1668 1686 1672 1618 1664 1692 1674 1658 1670 
1670 1662 1696 1690 1678 1678 1690 1648 1678 1652 1678 1654 1692 1672 1672 1620 1658 1636 1640 1644 1628 1694 1686 1728 1640 1662 1634 1674 1642 1670 1700 1644 1676 1678 1712 1662 1660 1696 1676 1672 1682 1728 1680 1668 1666 1718 1722 1680 1656 1654 1644 1648 1656 1672 1636 1670 1640 1698 1666 1664 1684 1646 1684 1660 1704 1654 1682 1654 1692 1660 1648 1646 1658 1692 1682 1640 1678 1642 1654 1682 1638 1646 1676 1646 1610 1648 1698 1654 1696 1674 1666 1638 1686 -6646 -6574 -6614 -6552 -6552 -6634 -6604 
-6568 -6560 -6556 -6548 -6478 -6402 -6346 -6400 -6446 -6430 -6344 -6436 -6394 -6388 -6456 -6438 -6408 -6358 -6398 -6388 -6512 -6444 -6348 -6412 -6516 -6472 -6548 -6488 -6460 -6536 -6586 -6508 -6498 -6470 -6510 -6466 -6456 -6492 -6494 -6514 -6506 -6466 -6422 -6446 -6486 -6540 -6392 -6438 -6394 -6522 -6470 -6436 -6396 -6436 -6548 -6526 -6556 -6538 -6466 -6478 -6510 -6446 -6406 -6362 -6354 -6414 -6334 -6344 -6214 -6124 -6090 -6090 -5896 -5542 -5020 -4490 -4208 -4050 -3790 -3466 -3446 -3386 -3502 -3904 -3620 -3362 -3208 -3342 -3328 -3126 -2538 -1486 -318 656 1042 1248 1408 1554 1814 1926 
2178 2428 2768 3134 3330 3440 3538 3614 3394 3256 3128 3042 2688 2576 2162 1446 886 616 466 340 410 526 728 642 528 312 30 -82 -486 -740 -740 -770 -944 -1108 -1292 -1536 -1708 -1830 -1954 -2034 -1956 -1772 -1700 -1510 -1266 -836 -404 60 468 902 1242 1532 1856 2144 2440 2924 2880 2426 3272 3610 3868 4162 4370 4878 5384 5874 6190 6436 6594 6642 6628 6600 6540 6488 6184 6006 5722 5394 5108 4784 4504 4388 4206 4136 4062 3888 3758 3626 3454 3282 3094 2866 2664 2540 2444 2364 2244 2200 2206 2132 
2198 2152 2050 2120 2132 2178 2134 2088 1986 1844 1778 1652 1606 1592 1556 1588 1636 1586 1674 1616 1620 1606 1604 1570 1498 1496 1382 1324 1306 1288 1268 1270 1266 1238 1246 1232 1230 1220 1174 1206 1154 1148 1138 1174 1218 1250 1278 1312 1298 1376 1398 1474 1412 1488 1472 1540 1512 1572 1602 1604 1664 1650 1670 1680 1692 1740 1746 1804 1780 1834 1882 1860 1864 1868 1992 1932 1934 1948 1960 1960 1974 2002 1986 1992 2060 2008 2028 1970 1996 1994 1984 2000 1994 1936 1902 1960 1924 1860 1854 1828 
1854 1782 1706 1702 1688 1688 1676 1632 1610 1590 1594 1508 1570 1512 1498 1428 1460 1394 1420 1434 1368 1410 1378 1348 1396 1402 1382 1376 1348 1330 1350 1334 1354 1334 1318 1262 1308 1358 1330 1306 1306 1340 1316 1332 1388 1372 1398 1392 1412 1372 1344 1284 1168 1182 1186 1152 1138 1064 1046 990 986 1038 1048 1092 1130 1156 1136 1216 1240 1298 1302 1350 1368 1484 1454 1512 1526 1572 1634 1616 1680 1688 1726 1698 1700 1652 1546 1530 1562 1488 1448 1494 1494 1452 1458 1416 1378 1314 1276 1250 
1200 1182 1080 1066 1032 990 936 916 844 822 822 774 756 724 750 668 668 702 642 630 600 592 582 616 666 692 696 672 724 666 752 762 836 880 850 924 956 940 1024 1068 1068 1108 1176 1134 1216 1206 1246 1262 1222 1222 1208 1202 1212 1252 1236 1184 1166 1140 1100 1050 1052 1102 1032 974 972 1014 956 962 872 856 882 872 896 878 952 924 976 1024 1004 1032 1052 1036 1152 1120 1074 1204 1182 1236 1236 1252 1280 1314 1308 1392 1364 1352 1416 1364 1408 1332 
1340 1382 1398 1438 1370 1382 1350 1320 1294 1298 1308 1214 1244 1236 1204 1252 1170 1140 1170 1170 1098 1142 1172 1138 1216 1174 1178 1236 1246 1232 1220 1276 1270 1326 1332 1330 1308 1300 1340 1266 1368 1396 1402 1344 1288 1322 1384 1388 1354 1304 1348 1314 1396 1328 1316 1370 1374 1380 1352 1360 1380 1380 1414 1384 1346 1404 1428 1422 1414 1408 1432 1420 1452 1404 1464 1474 1440 1464 1458 1456 1440 1466 1448 1402 1422 1468 1462 1458 1376 1430 1382 1428 1440 1440 1414 1416 1460 1420 1426 1414 
1456 1466 1440 1452 1428 1462 1474 1458 1470 1492 1452 1502 1472 1456 1472 1458 1490 1542 1502 1488 1480 1482 1440 1498 1462 1480 1512 1536 1504 1450 1464 1556 1460 1438 1462 1514 1476 1430 1474 1482 1474 1430 1472 1432 1468 1492 1504 1452 1468 1480 1442 1470 1514 1500 1422 1506 1466 1456 1454 1504 1468 1434 1466 1538 1538 1422 1454 1482 1440 1520 1472 1516 1472 1458 1450 1488 1456 1466 1506 1454 1488 1530 1456 1500 1472 1462 1526 1428 1468 1504 1470 1462 1446 1472 1488 1480 1510 1500 1488 1466 
1476 1470 1464 1472 1486 1526 1480 1506 1462 1530 1480 1550 1476 1452 1472 1456 1504 1494 1492 1464 1542 1524 1496 1466 1418 1476 1482 1492 1442 1468 1440 1452 1436 1468 1444 1482 1500 1520 1502 1494 1476 1468 1518 1472 1508 1492 1510 1440 1566 1524 1488 1526 1474 1450 1488 1466 1500 1470 1462 1420 1528 1442 1460 1424 1446 1434 1426 1498 1384 1480 1454 1464 1502 1496 1476 1496 1488 1482 1454 1526 1500 1482 1452 1562 1478 1456 1460 1560 1492 1512 1540 1540 1468 1492 1524 1484 1492 1478 1446 1426 
1440 1502 1516 1458 1474 1442 1452 1418 1456 1442 1404 1410 1442 1458 1482 1454 1462 1474 1510 1512 1476 1492 1460 1522 1478 1484 1474 1450 1522 1558 1514 1514 1474 1500 1494 1440 1508 1452 1454 1422 1510 1444 1486 1364 1456 1502 1434 1482 1440 1422 1454 1414 1454 1480 1458 1472 1506 1516 1476 1524 1460 1518 1512 1504 1490 1482 1542 1544 1534 1522 1504 1526 1490 1500 1506 1490 1476 1458 1472 1488 1476 1480 1502 1470 1436 1504 1446 1446 1434 1422 1460 1458 1428 1466 1458 1480 1456 1438 1456 1490 
1488 1476 1492 1458 1442 1506 1492 1434 1500 1496 1472 1520 1454 1518 1524 1484 1486 1492 1502 1468 1460 1542 1540 1504 1486 1460 1472 1504 1498 1450 1442 1494 1450 1458 1470 1472 1464 1472 1462 1470 1492 1466 1476 1454 1466 1472 1484 1514 1496 1464 1530 1478 1498 1470 1482 1486 1442 1512 1494 1458 1488 1488 1472 1494 1446 1456 1504 1482 1472 1472 1464 1472 1464 1426 1436 1518 1502 1444 1472 1488 1490 1472 1448 1488 1472 1458 1528 1530 1460 1494 1524 1460 -6530 -6524 -6488 -6432 -6422 -6468 -6454 -6490 
-6458 -6504 -6480 -6448 -6440 -6454 -6440 -6474 -6434 -6412 -6348 -6390 -6464 -6448 -6450 -6446 -6516 -6546 -6494 -6530 -6610 -6600 -6620 -6644 -6534 -6576 -6502 -6496 -6452 -6428 -6470 -6566 -6524 -6576 -6518 -6560 -6552 -6530 -6544 -6496 -6526 -6510 -6450 -6546 -6468 -6494 -6464 -6552 -6726 -6728 -6658 -6696 -6638 -6564 -6358 -6206 -6156 -6194 -6254 -6240 -6156 -6194 -6142 -6284 -6362 -6480 -6438 -6350 -6304 -6380 -6488 -6524 -6590 -6394 -6300 -6218 -6018 -5640 -5050 -4622 -4118 -3848 -3652 -3310 -3070 -2946 -2912 -3200 -3098 -3298 -3814 -4350 -4338 -3896 -2966 -1546 -464 838 1214 1138 
1126 1078 1148 1282 1574 2012 2438 2824 3154 3344 3656 3684 3686 3614 3584 3066 1902 176 -698 -1406 -1558 -1450 -1316 -730 174 826 1128 844 628 -14 -294 -562 -800 -1004 -1016 -1016 -1060 -1154 -1230 -1342 -1420 -1524 -1622 -1682 -1722 -1640 -1544 -1356 -982 -702 -444 -140 174 516 740 1052 1252 1548 1716 1976 2082 2230 2502 2324 2604 2446 2912 3068 3274 3462 3660 4018 4430 4730 4986 5148 5242 5208 5094 4982 4878 4700 4576 4318 4190 4064 3982 3948 3916 3878 3910 3872 3774 3644 3510 3404 3244 3148 3050 2922 
2832 2778 2678 2600 2536 2370 2332 2320 2232 2150 2074 2054 1990 1900 1886 1778 1678 1546 1436 1342 1260 1172 1078 1046 916 842 850 792 676 724 730 720 734 760 744 752 760 688 732 668 690 692 690 730 826 880 904 966 1012 1034 1086 1198 1270 1316 1352 1456 1452 1544 1524 1624 1608 1668 1702 1724 1782 1786 1848 1906 1932 1958 1934 2008 1996 2050 2034 2032 2086 2134 2156 2186 2158 2160 2188 2220 2178 2214 2214 2240 2228 2208 2204 2198 2212 2184 2170 2144 2216 2106 2068 2002 
1946 1864 1802 1734 1648 1628 1512 1498 1440 1380 1402 1290 1234 1180 1158 1124 1036 1088 1038 1000 944 998 1056 972 988 960 982 934 936 954 966 972 1002 932 930 946 984 930 952 944 1026 1042 1044 1040 1094 1126 1182 1182 1266 1318 1316 1404 1372 1382 1442 1482 1506 1554 1608 1574 1678 1672 1720 1712 1740 1658 1716 1800 1794 1804 1792 1830 1854 1850 1790 1818 1848 1806 1808 1800 1814 1848 1846 1818 1798 1810 1784 1778 1810 1768 1760 1726 1758 1670 1672 1636 1610 1640 1584 1592 
1606 1596 1540 1558 1512 1474 1552 1508 1438 1504 1458 1536 1486 1502 1480 1416 1454 1426 1434 1464 1414 1414 1448 1440 1436 1426 1472 1424 1456 1528 1468 1456 1482 1580 1502 1500 1516 1556 1564 1636 1586 1632 1654 1680 1636 1656 1654 1664 1668 1710 1658 1708 1692 1746 1684 1706 1718 1728 1702 1740 1738 1714 1748 1700 1782 1730 1702 1704 1684 1668 1720 1716 1670 1694 1676 1610 1640 1620 1630 1530 1532 1548 1490 1522 1480 1484 1482 1502 1478 1480 1478 1462 1508 1472 1444 1530 1414 1460 1490 1494 
1506 1496 1578 1536 1548 1528 1586 1570 1514 1566 1564 1594 1620 1624 1640 1660 1648 1600 1606 1624 1624 1624 1626 1648 1610 1632 1586 1612 1588 1594 1600 1556 1590 1548 1614 1576 1586 1580 1596 1524 1572 1552 1524 1562 1560 1544 1546 1544 1526 1508 1516 1544 1528 1544 1508 1500 1572 1552 1536 1576 1594 1540 1550 1562 1542 1554 1582 1552 1564 1584 1586 1604 1600 1638 1606 1618 1598 1596 1602 1622 1644 1604 1614 1550 1620 1602 1586 1608 1552 1572 1596 1654 1624 1612 1612 1590 1576 1588 1592 1630 
1544 1562 1590 1626 1586 1530 1558 1578 1588 1586 1576 1578 1572 1590 1542 1560 1592 1576 1606 1596 1582 1640 1598 1634 1620 1582 1580 1682 1618 1622 1678 1630 1648 1626 1632 1618 1648 1596 1588 1596 1598 1600 1560 1558 1600 1508 1554 1632 1592 1556 1628 1562 1614 1578 1618 1592 1566 1610 1566 1564 1562 1640 1640 1596 1612 1648 1566 1584 1588 1626 1626 1582 1626 1596 1628 1582 1630 1584 1540 1620 1584 1566 1632 1572 1578 1568 1562 1594 1610 1622 1594 1534 1592 1606 1578 1606 1584 1626 1616 1570 
1646 1628 1584 1568 1552 1554 1612 1594 1592 1640 1608 1594 1592 1652 1610 1586 1628 1610 1580 1598 1562 1584 1598 1620 1620 1626 1656 1578 1580 1546 1606 1556 1632 1568 1560 1594 1566 1566 1584 1614 1598 1600 1560 1608 1618 1606 1604 1586 1594 1594 1610 1624 1614 1574 1604 1622 1602 1586 1624 1624 1574 1658 1648 1654 1602 1588 1586 1580 1596 1636 1610 1586 1594 1590 1610 1580 1574 1594 1600 1594 1566 1612 1570 1610 1598 1556 1582 1596 1576 1566 1558 1582 1600 1588 1618 1640 1586 1628 1592 1630 
1646 1640 1602 1620 1650 1592 1580 1584 1630 1550 1592 1610 1590 1572 1544 1626 1604 1572 1598 1590 1562 1574 1578 1546 1518 1550 1526 1548 1584 1578 1582 1576 1612 1546 1556 1574 1482 1494 1510 1512 1438 1452 1402 1382 1356 1318 1314 1370 1346 1404 1380 1390 1434 1406 1440 1468 1544 1516 1522 1584 1594 1616 1598 1636 1582 1606 1602 1550 1660 1618 1632 1578 1588 1570 1538 1558 1540 1504 1504 1418 1464 1454 1448 1412 1410 1404 1392 1424 1404 1398 1416 1354 1398 1362 1422 1448 1410 1406 1378 1398 
1368 1394 1436 1430 1430 1450 1428 1400 1404 1412 1442 1404 1394 1400 1428 1390 1396 1396 1408 1414 1426 1390 1376 1376 1410 1396 1424 1418 1436 1456 1386 1472 1454 1442 1456 1438 1466 1490 1442 1442 1466 1500 1474 1416 1432 1438 1424 1366 1430 1438 1366 1368 1358 1384 1394 1344 1338 1386 1428 1408 1438 1426 1428 1432 1426 1482 1446 1468 1412 1454 1490 1452 1470 1462 1492 1462 1446 1486 1420 1454 1466 1428 1444 1436 1408 1478 1364 1478 1396 1414 1450 -6634 -6576 -6660 -6710 -6648 -6584 -6646 -6584 -6608 
-6602 -6580 -6606 -6586 -6696 -6670 -6648 -6626 -6596 -6556 -6628 -6674 -6684 -6666 -6706 -6636 -6676 -6540 -6564 -6484 -6520 -6508 -6502 -6434 -6352 -6340 -6320 -6208 -5968 -5874 -5736 -5708 -5492 -5192 -4840 -4396 -3968 -3844 -3804 -4050 -3800 -3630 -2726 -2738 -1654 -2558 -4386 -5476 -5862 -5722 -5422 -4712 -3492 -2228 -1266 -448 48 500 808 968 1122 1358 1638 2224 2670 3158 3556 4018 4044 4212 4276 4314 4402 4434 4468 4452 4848 4614 4840 4814 4670 4544 4350 3974 3536 3294 2962 2702 2266 1756 1284 706 40 -846 -1838 -2836 -3060 -4982 -5560 -5904 
-5840 -5440 -4734 -3938 -2980 -2084 -1530 -1320 -1412 -1220 -956 -502 -118 258 636 946 1054 1404 1918 2112 1276 1560 2280 2432 2504 2682 2888 2946 3150 3534 3932 4290 4516 4716 4854 4962 4994 4946 4804 4708 4532 4412 4332 4118 4072 3980 3768 3722 3628 3502 3436 3378 3346 3264 3220 3242 3254 3274 3238 3242 3260 3190 3192 3190 3090 3062 2894 2662 2334 1956 1698 1662 1352 758 224 -380 -904 -1042 -652 -926 -1290 -1160 -1668 -1830 -1924 -2402 -2606 -2788 -2622 -2330 -2176 -2010 -1948 -1982 -2004 -2078 -2086 -2026 -1804 -1696 
-1556 -1376 -1252 -1120 -900 -822 -700 -602 -458 -314 -142 52 216 340 516 622 726 822 1008 1130 1196 1310 1384 1538 1626 1698 1738 1770 1808 1834 1842 1920 1886 1962 1956 1926 1906 1928 1942 1936 1940 1952 2052 2018 1960 1994 2046 1990 1984 1938 1946 1906 1924 1848 1864 1888 1788 1798 1724 1752 1684 1648 1582 1598 1576 1586 1552 1526 1470 1432 1372 1330 1276 1224 1066 1048 978 924 866 782 790 712 630 628 590 630 608 634 632 622 630 584 652 576 618 608 618 674 684 680 
746 820 830 836 878 1004 1000 1144 1178 1198 1162 1226 1292 1288 1330 1352 1372 1416 1448 1462 1496 1492 1546 1576 1584 1606 1680 1648 1650 1670 1648 1666 1690 1712 1704 1720 1722 1706 1710 1700 1674 1694 1714 1636 1648 1594 1614 1566 1592 1472 1424 1350 1336 1272 1266 1250 1212 1118 1140 1054 1036 1026 972 936 902 896 854 812 862 774 828 818 824 824 826 778 848 834 894 900 870 912 966 924 1036 1042 1014 1076 1068 1148 1134 1168 1202 1242 1244 1286 1258 1326 1298 1312 
1334 1340 1326 1362 1410 1378 1382 1384 1370 1328 1364 1358 1366 1362 1338 1336 1320 1358 1356 1360 1334 1368 1284 1336 1326 1334 1276 1270 1314 1360 1300 1324 1328 1310 1290 1306 1346 1314 1292 1252 1274 1310 1258 1304 1268 1284 1230 1288 1266 1244 1260 1278 1258 1268 1274 1276 1322 1278 1312 1306 1322 1350 1338 1340 1392 1398 1410 1406 1442 1438 1436 1410 1470 1506 1478 1464 1442 1448 1498 1454 1470 1534 1508 1528 1450 1546 1506 1554 1458 1518 1448 1500 1448 1468 1458 1432 1416 1414 1374 1444 
1414 1428 1318 1374 1394 1388 1368 1300 1322 1360 1354 1340 1330 1338 1350 1292 1316 1316 1322 1378 1332 1356 1428 1352 1426 1402 1446 1422 1430 1388 1426 1446 1478 1486 1458 1462 1448 1386 1466 1478 1440 1494 1448 1476 1444 1432 1424 1420 1480 1422 1398 1370 1410 1456 1438 1436 1466 1392 1360 1420 1368 1400 1424 1388 1402 1402 1396 1404 1362 1384 1388 1370 1430 1364 1334 1352 1376 1400 1350 1410 1370 1382 1420 1448 1410 1424 1432 1458 1484 1412 1426 1402 1418 1436 1440 1392 1430 1426 1428 1466 
1376 1420 1412 1350 1442 1434 1408 1408 1478 1400 1380 1438 1424 1380 1432 1422 1396 1404 1374 1404 1430 1376 1404 1366 1402 1428 1386 1386 1416 1400 1426 1368 1396 1382 1398 1406 1412 1402 1402 1440 1354 1402 1386 1386 1412 1440 1406 1370 1398 1412 1384 1430 1450 1426 1366 1426 1412 1384 1458 1430 1474 1424 1438 1392 1416 1420 1408 1360 1446 1422 1404 1366 1360 1426 1384 1446 1390 1372 1416 1432 1436 1420 1386 1410 1412 1366 1388 1398 1400 1388 1372 1398 1412 1422 1450 1408 1430 1450 1434 1404 
1442 1418 1450 1436 1426 1446 1414 1424 1442 1444 1396 1390 1362 1378 1424 1418 1392 1370 1388 1416 1350 1432 1442 1394 1424 1400 1384 1436 1398 1458 1442 1406 1394 1442 1476 1446 1400 1422 1428 1460 1444 1396 1454 1426 1384 1426 1402 1414 1420 1426 1392 1400 1406 1404 1420 1398 1432 1426 1428 1362 1442 1408 1444 1454 1454 1436 1430 1428 1410 1336 1442 1402 1392 1450 1392 1462 1424 1372 1448 1430 1414 1386 1404 1422 1450 1468 1398 1472 1430 1438 1454 1424 1458 1384 1440 1428 1442 1424 1464 1404 
1440 1436 1392 1410 1424 1480 1388 1432 1420 1418 1354 1386 1382 1420 1406 1396 1412 1476 1372 1424 1390 1428 1378 1436 1428 1434 1422 1434 1408 1396 1478 1412 1422 1432 1400 1402 1436 1426 1416 1408 1444 1440 1426 1420 1406 1424 1412 1410 1414 1356 1364 1396 1388 1428 1412 1418 1444 1442 1412 1458 1408 1380 1460 1438 1446 1474 1464 1442 1460 1416 1384 1410 1514 1446 1464 1368 1406 1440 1444 1470 1406 1430 1426 1424 1426 1410 1430 1418 1414 1350 1370 1440 1436 1386 1394 1404 1372 1410 1434 1408 
1438 1380 1372 1406 1414 1452 1402 1426 1390 1374 1394 1382 1420 1408 1436 1452 1432 1418 1440 1426 1412 1430 1448 1422 1420 1418 1348 1432 1394 1452 1446 1386 1410 1450 1444 1426 1430 1450 1416 1454 1454 1450 1432 1440 1424 1434 1464 1452 1446 1428 1454 1474 1450 1410 1428 1398 1414 1418 1392 1382 1420 1408 1432 1392 1430 1394 1376 1406 1416 1434 1408 1434 1438 1420 1466 1452 1422 1428 1422 1454 1444 1420 1420 1428 1464 1436 1428 1396 1444 1450 -6742 -6674 -6570 -6634 -6602 -6526 -6662 -6598 -6500 -6510 
-6576 -6662 -6664 -6604 -6556 -6570 -6638 -6580 -6522 -6538 -6584 -6592 -6564 -6562 -6598 -6578 -6614 -6624 -6584 -6624 -6650 -6618 -6584 -6542 -6550 -6630 -6692 -6674 -6578 -6516 -6614 -6654 -6596 -6524 -6580 -6618 -6552 -6536 -6518 -6486 -6478 -6428 -6380 -6268 -6246 -6044 -5870 -5778 -5700 -5580 -5288 -4818 -4438 -3816 -3190 -2840 -2806 -2778 -2960 -3280 -3544 -2842 -1138 -276 440 556 726 1126 1492 1648 1730 1778 1938 2210 2540 2848 3112 3448 3406 3308 3288 3286 3382 3656 3660 4016 3990 4140 4102 3962 3840 3746 3514 3382 3232 2964 2718 2428 1962 1502 
952 184 -662 -1464 -2490 -3290 -3372 -5046 -5320 -5270 -4986 -4372 -3782 -3154 -2628 -2120 -1852 -1734 -1528 -1136 -620 -168 206 642 934 1576 1934 3096 2692 1844 2760 2350 3534 3618 3700 4148 4612 5180 5702 6426 7378 8066 8534 8494 8020 7406 6662 6256 5988 6198 6264 6162 6072 5942 5632 5384 5026 4760 4316 3900 3600 3340 3078 2926 2766 2638 2506 2454 2316 2212 2146 2172 2098 2088 2096 2110 2046 2014 1974 1908 1840 1872 1782 1722 1594 1592 1524 1472 1382 1298 1354 1302 1248 1184 1158 1072 1008 938 910 870 
846 802 660 630 594 486 512 548 540 498 524 530 532 642 702 744 832 850 974 1004 1098 1138 1192 1310 1360 1418 1434 1556 1608 1702 1768 1800 1892 1920 1918 2004 2044 2016 2094 2166 2162 2190 2290 2282 2250 2268 2322 2292 2322 2424 2374 2408 2392 2418 2388 2382 2452 2426 2388 2364 2342 2304 2270 2270 2272 2236 2226 2164 2142 2082 2038 1998 1934 1864 1872 1848 1826 1802 1792 1798 1722 1694 1670 1620 1662 1562 1492 1512 1474 1424 1388 1314 1258 1204 1176 1054 1042 938 864 838 
774 682 692 700 662 658 624 644 666 666 668 658 652 650 712 740 826 830 908 982 1014 1104 1166 1246 1276 1306 1358 1392 1422 1524 1526 1612 1614 1724 1724 1810 1854 1852 1900 1954 1932 1984 2036 2000 2008 2064 2086 2098 2122 2148 2178 2126 2176 2102 2122 2102 2122 2102 2114 2166 2130 2042 2060 2058 2076 2008 2014 1966 1892 1930 1938 1818 1806 1776 1740 1700 1676 1606 1552 1538 1470 1398 1272 1226 1124 1074 1102 966 914 880 900 850 830 810 898 810 798 778 832 836 
852 862 880 816 896 936 952 922 972 1050 1036 1074 1038 1108 1138 1252 1208 1270 1284 1336 1352 1344 1430 1432 1502 1452 1514 1570 1568 1572 1558 1602 1612 1616 1624 1626 1688 1710 1616 1740 1738 1720 1674 1742 1750 1778 1732 1738 1782 1806 1758 1764 1772 1778 1800 1778 1714 1732 1710 1644 1682 1734 1688 1666 1636 1630 1652 1552 1558 1570 1526 1534 1530 1498 1512 1484 1496 1398 1382 1472 1444 1406 1400 1420 1372 1370 1396 1372 1364 1336 1358 1382 1348 1338 1348 1344 1358 1324 1380 1400 
1368 1408 1376 1360 1364 1342 1384 1412 1428 1454 1490 1458 1514 1510 1548 1510 1588 1584 1584 1576 1638 1594 1618 1620 1630 1608 1646 1638 1690 1638 1646 1704 1670 1660 1678 1672 1640 1656 1658 1714 1652 1690 1688 1612 1688 1620 1668 1612 1580 1610 1592 1578 1576 1588 1600 1556 1586 1496 1520 1532 1516 1492 1462 1416 1460 1454 1448 1446 1422 1430 1418 1462 1458 1396 1446 1428 1470 1436 1446 1530 1490 1492 1484 1490 1532 1508 1516 1556 1596 1552 1566 1544 1570 1520 1558 1574 1656 1584 1638 1624 
1620 1616 1648 1622 1590 1632 1546 1604 1638 1590 1586 1580 1586 1544 1552 1568 1578 1518 1526 1510 1536 1482 1486 1496 1508 1492 1504 1532 1466 1504 1506 1530 1462 1438 1512 1522 1584 1536 1490 1518 1566 1488 1558 1626 1560 1558 1588 1548 1550 1594 1602 1584 1612 1606 1632 1590 1630 1562 1578 1510 1552 1514 1608 1556 1552 1558 1522 1506 1520 1530 1540 1522 1488 1506 1532 1604 1508 1524 1580 1540 1536 1534 1556 1500 1510 1570 1524 1542 1556 1538 1590 1544 1596 1570 1528 1570 1544 1554 1552 1586 
1560 1566 1572 1542 1522 1550 1512 1530 1580 1532 1522 1564 1540 1546 1592 1532 1544 1584 1524 1522 1550 1528 1522 1542 1550 1566 1532 1514 1550 1524 1564 1538 1558 1566 1524 1570 1534 1560 1494 1560 1578 1516 1520 1562 1524 1532 1570 1568 1554 1584 1542 1504 1546 1478 1536 1578 1552 1540 1498 1546 1530 1526 1540 1554 1526 1496 1550 1540 1570 1514 1518 1528 1530 1520 1502 1584 1536 1546 1544 1552 1550 1576 1486 1540 1546 1556 1516 1522 1560 1548 1516 1514 1560 1562 1526 1546 1578 1490 1560 1592 
1534 1508 1604 1564 1596 1552 1542 1536 1532 1512 1572 1504 1528 1538 1530 1510 1510 1554 1522 1538 1596 1534 1572 1546 1536 1542 1510 1530 1560 1596 1484 1488 1546 1520 1538 1558 1564 1552 1504 1548 1528 1508 1588 1574 1566 1542 1542 1520 1568 1494 1482 1490 1584 1550 1484 1554 1542 1564 1552 1438 1558 1542 1510 1530 1582 1514 1546 1538 1526 1510 1550 1530 1570 1594 1538 1542 1510 1560 1536 1554 1582 1544 1522 1570 1560 1542 1554 1600 1486 1564 1564 1524 1528 1534 1564 1544 1544 1524 1548 1536 
1562 1594 1492 1510 1566 1538 1554 1514 1502 1506 1546 1590 1558 1542 1560 1564 1568 1494 1544 1590 1560 1580 1568 1582 1560 1532 1564 1522 1536 1626 1534 1516 1514 1502 1514 1552 1532 1588 1572 1522 1608 1534 1544 1534 1490 1528 1542 1518 1532 1574 1538 1564 1544 1472 1540 1602 1502 1578 1546 1582 1536 1546 1566 1544 1548 1556 1560 1514 1594 1568 1530 1564 1532 1498 1548 1556 1530 1552 1558 1502 1558 1502 1546 1510 1550 1572 1582 1532 1494 -6676 -6686 -6634 -6640 -6702 -6682 -6668 -6746 -6674 -6628 -6584 
-6598 -6528 -6604 -6534 -6568 -6544 -6560 -6530 -6534 -6506 -6522 -6454 -6480 -6582 -6604 -6562 -6510 -6498 -6550 -6542 -6610 -6652 -6614 -6588 -6598 -6618 -6634 -6616 -6660 -6672 -6696 -6572 -6550 -6472 -6488 -6480 -6438 -6406 -6462 -6406 -6458 -6480 -6432 -6436 -6468 -6626 -6666 -6640 -6620 -6570 -6602 -6620 -6652 -6656 -6710 -6738 -6706 -6730 -6646 -6718 -6766 -6700 -6698 -6674 -6648 -6688 -6692 -6570 -6440 -6432 -6374 -6356 -6406 -6382 -6398 -6430 -6380 -6368 -6406 -6430 -6434 -6464 -6468 -6442 -6292 -6262 -6286 -6302 -6278 -6264 -6266 -6204 -6042 -5964 -5866 -5704 -5392 -5122 -4898 -4504 
-4202 -3964 -3780 -3638 -3422 -3234 -3350 -3506 -3022 -2704 -2420 -2110 -1394 -694 -68 580 986 1236 1528 1546 1628 1884 2150 2422 2564 2706 2894 3124 3050 3068 3052 3148 3180 3348 3524 3668 3576 3492 3450 3372 3322 3076 2944 2754 2572 2354 2146 1888 1450 882 290 -386 -1070 -1948 -2758 -2734 -4256 -4734 -4848 -4736 -4388 -3736 -3014 -2382 -1798 -1430 -1082 -828 -432 -174 282 746 1196 1830 2294 2744 3578 3130 3146 2560 4068 4256 4400 4646 4902 5466 6250 7066 7886 8630 8944 8788 8412 8084 7796 7772 7622 7518 7318 7112 
6982 6624 6344 5956 5740 5426 5016 4538 4064 3652 3184 2884 2662 2476 2390 2368 2378 2310 2280 2258 2176 2112 1992 1832 1794 1654 1488 1462 1356 1330 1340 1284 1346 1278 1360 1340 1302 1250 1210 1148 1080 1102 984 1026 928 958 992 1054 1024 1044 1098 1080 1132 1104 1188 1156 1190 1266 1346 1286 1308 1414 1376 1460 1442 1552 1592 1620 1600 1644 1700 1764 1754 1798 1846 1830 1844 1886 1928 1930 1910 2028 1998 2026 1982 2056 2000 2058 2086 2078 2086 2104 2148 2062 2110 2072 2086 2100 2044 2046 
2026 2072 2064 1986 1960 1918 1924 1920 1882 1852 1834 1802 1766 1758 1718 1630 1612 1600 1552 1478 1450 1438 1428 1380 1358 1328 1302 1254 1248 1192 1108 1136 1092 1104 1108 1066 1094 1116 1102 1042 1050 1078 1102 1054 1068 1078 1088 1050 1062 1080 1100 1120 1104 1128 1166 1228 1206 1214 1260 1292 1344 1352 1402 1524 1470 1460 1550 1516 1554 1570 1566 1638 1626 1652 1674 1640 1732 1740 1678 1736 1730 1726 1804 1768 1762 1796 1778 1812 1882 1822 1804 1860 1802 1832 1832 1838 1862 1858 1890 1844 
1804 1826 1830 1822 1860 1772 1758 1720 1700 1718 1634 1644 1682 1626 1588 1558 1552 1534 1494 1544 1444 1526 1534 1450 1398 1444 1450 1464 1422 1418 1412 1408 1414 1388 1412 1400 1378 1386 1358 1396 1374 1382 1350 1402 1418 1342 1280 1380 1336 1338 1310 1358 1368 1374 1436 1394 1460 1424 1410 1506 1470 1550 1568 1544 1570 1670 1618 1642 1656 1630 1620 1658 1632 1656 1678 1670 1676 1724 1684 1678 1750 1776 1712 1736 1762 1736 1686 1742 1748 1758 1724 1744 1754 1772 1710 1678 1692 1688 1706 1720 
1702 1656 1700 1664 1664 1616 1622 1634 1580 1590 1596 1584 1550 1514 1494 1482 1520 1504 1470 1448 1424 1474 1428 1476 1450 1440 1468 1440 1406 1416 1436 1408 1402 1448 1450 1408 1408 1432 1454 1468 1482 1460 1438 1470 1554 1474 1562 1538 1520 1610 1594 1580 1594 1570 1614 1634 1684 1664 1670 1620 1644 1606 1646 1636 1718 1690 1662 1662 1668 1644 1648 1660 1620 1642 1630 1592 1588 1638 1618 1576 1606 1578 1616 1548 1538 1588 1580 1472 1544 1516 1552 1524 1508 1486 1518 1486 1502 1516 1518 1504 
1506 1478 1490 1544 1578 1596 1522 1582 1548 1594 1548 1534 1584 1562 1644 1618 1606 1542 1622 1576 1602 1616 1642 1632 1564 1566 1566 1588 1600 1630 1600 1590 1638 1622 1560 1574 1602 1554 1590 1578 1570 1554 1542 1524 1548 1612 1566 1526 1546 1566 1550 1554 1474 1516 1542 1542 1524 1598 1488 1534 1550 1534 1592 1572 1572 1490 1576 1570 1558 1566 1582 1604 1566 1574 1594 1556 1630 1604 1562 1558 1598 1606 1612 1532 1564 1548 1560 1532 1578 1600 1560 1566 1580 1536 1576 1540 1524 1522 1576 1568 
1554 1584 1554 1602 1600 1564 1560 1596 1554 1596 1580 1534 1564 1598 1586 1596 1620 1584 1620 1608 1644 1574 1564 1566 1624 1570 1590 1520 1592 1590 1550 1550 1520 1518 1554 1556 1528 1562 1556 1594 1530 1558 1560 1554 1594 1576 1552 1594 1586 1552 1578 1640 1590 1590 1580 1564 1578 1544 1582 1610 1652 1620 1586 1520 1586 1576 1568 1556 1576 1586 1566 1588 1630 1488 1568 1556 1518 1462 1592 1522 1566 1538 1564 1582 1562 1624 1566 1588 1618 1620 1568 1626 1612 1576 1548 1554 1578 1584 1546 1568 
1600 1586 1630 1554 1584 1554 1584 1532 1590 1616 1550 1574 1556 1518 1560 1540 1594 1540 1568 1580 1594 1518 1582 1620 1612 1542 1592 1574 1616 1586 1584 1560 1590 1602 1544 1596 1620 1590 1596 1554 1552 1584 1526 1584 1554 1562 1598 1624 1572 1572 1534 1576 1560 1616 1568 1580 1536 1554 1600 1570 1628 1516 1572 1560 1564 1568 1584 1554 1618 1548 1514 1578 1600 1554 1606 1562 1548 1590 1586 1626 1534 1578 1580 1554 1588 1540 1558 1566 1556 1580 1574 1632 1536 1576 1586 1612 1576 1608 1548 1518 
1504 1536 1514 1562 1546 1560 1574 1554 1586 1542 1574 1588 1550 1576 1578 1570 1568 1496 1620 1604 1572 1610 1556 1548 1578 1570 1602 1572 1586 1574 1544 1560 1604 1590 1588 1574 1598 1550 1556 1568 1576 1554 1516 1540 1562 1542 1542 1566 1542 1584 1532 1576 1554 1584 1558 1512 1518 1582 1622 1556 1576 1562 1598 1590 1602 1586 1644 1600 1584 1636 1592 1568 1566 1534 1556 1558 1538 1588 1560 1604 1532 1580 1584 1582 1538 1584 1566 1578 -6794 -6704 -6554 -6572 -6574 -6630 -6510 -6556 -6604 -6616 -6652 -6602 
-6500 -6402 -6504 -6568 -6578 -6606 -6550 -6576 -6630 -6636 -6638 -6594 -6592 -6674 -6658 -6630 -6572 -6564 -6590 -6554 -6538 -6572 -6540 -6508 -6502 -6522 -6482 -6510 -6542 -6508 -6478 -6548 -6632 -6596 -6528 -6422 -6390 -6470 -6520 -6464 -6550 -6538 -6512 -6584 -6634 -6592 -6520 -6504 -6464 -6480 -6416 -6446 -6460 -6374 -6350 -6290 -6266 -6168 -5982 -5812 -5682 -5482 -5180 -4750 -4400 -4188 -4262 -4276 -4302 -4166 -3844 -4122 -4106 -3900 -4262 -4798 -5112 -4680 -4070 -2996 -1554 -724 122 646 892 1152 1354 1614 1770 2034 2224 2594 2842 3156 3300 3522 3200 3202 3230 3244 
3304 3424 3462 3622 3780 3808 3698 3598 3132 2162 1192 306 -242 -432 -316 -4 52 46 -48 680 -934 -1222 -1430 -1812 -2304 -2686 -2962 -3148 -3326 -3286 -3114 -2962 -2498 -2066 -1614 -1188 -770 -204 318 880 1222 1722 2068 2544 3322 3352 3276 3264 3986 4284 4338 4612 4910 5268 6048 6524 7114 7518 7892 8244 8174 7924 7500 7140 6908 6746 6710 6552 6410 6098 5802 5500 5142 4788 4472 4106 3730 3394 3140 2872 2652 2496 2406 2412 2356 2410 2330 2344 2218 2146 2000 1808 1720 1646 1616 1544 1538 1594 1572 1578 
1554 1526 1486 1458 1466 1368 1240 1282 1218 1276 1242 1250 1242 1244 1276 1252 1286 1248 1308 1274 1264 1262 1260 1274 1320 1358 1408 1442 1512 1538 1552 1588 1614 1598 1668 1652 1742 1752 1752 1786 1808 1880 1906 1888 1932 1922 1946 1906 1984 2026 1976 2016 2054 2052 2068 2074 2094 2070 2094 2082 2092 2080 2148 2098 2070 2048 2106 2060 2076 2100 2078 2080 2006 1990 2030 1924 1908 1878 1848 1784 1812 1804 1738 1706 1750 1638 1510 1580 1544 1430 1428 1396 1368 1350 1268 1334 1276 1266 1256 1280 
1266 1238 1258 1254 1216 1288 1278 1262 1300 1218 1246 1296 1288 1274 1332 1316 1330 1372 1356 1348 1316 1380 1416 1460 1448 1478 1530 1578 1572 1626 1612 1612 1662 1632 1636 1684 1730 1768 1810 1760 1758 1688 1820 1780 1838 1770 1830 1850 1868 1860 1850 1868 1866 1890 1880 1824 1878 1864 1900 1864 1840 1866 1876 1846 1864 1850 1878 1822 1780 1772 1826 1826 1732 1744 1710 1688 1684 1682 1666 1668 1628 1678 1596 1560 1548 1590 1566 1520 1522 1558 1510 1536 1518 1520 1516 1512 1546 1514 1518 1504 
1470 1454 1544 1508 1506 1538 1510 1540 1546 1546 1564 1598 1494 1562 1516 1550 1586 1566 1596 1588 1658 1624 1666 1650 1680 1688 1680 1724 1732 1696 1730 1800 1762 1732 1758 1758 1736 1802 1838 1828 1764 1860 1782 1780 1778 1814 1776 1754 1700 1762 1710 1764 1712 1694 1714 1704 1686 1696 1650 1622 1632 1670 1662 1668 1602 1622 1608 1554 1594 1606 1578 1548 1590 1600 1552 1576 1614 1588 1580 1616 1654 1598 1626 1606 1638 1586 1666 1646 1642 1662 1684 1674 1718 1700 1690 1726 1666 1660 1684 1734 
1788 1708 1678 1716 1726 1714 1690 1748 1720 1682 1690 1676 1724 1724 1682 1724 1664 1622 1674 1660 1670 1594 1656 1624 1648 1664 1626 1644 1642 1624 1584 1618 1592 1642 1594 1558 1598 1576 1626 1600 1606 1632 1628 1636 1634 1654 1666 1632 1660 1696 1712 1654 1728 1690 1714 1626 1712 1682 1750 1732 1726 1740 1738 1708 1704 1722 1708 1700 1680 1662 1648 1706 1650 1650 1656 1670 1668 1684 1680 1620 1620 1616 1642 1698 1670 1636 1596 1638 1614 1684 1680 1644 1676 1678 1608 1712 1664 1716 1712 1666 
1722 1736 1688 1686 1670 1668 1678 1684 1702 1726 1718 1684 1654 1702 1716 1738 1660 1692 1626 1652 1640 1662 1686 1658 1674 1660 1660 1662 1672 1714 1688 1662 1670 1662 1742 1678 1642 1644 1666 1690 1688 1686 1678 1668 1656 1670 1666 1696 1636 1608 1658 1584 1664 1710 1714 1688 1618 1668 1656 1658 1642 1634 1696 1666 1724 1686 1730 1696 1652 1622 1624 1706 1636 1666 1696 1652 1676 1642 1684 1646 1708 1670 1698 1712 1670 1702 1620 1662 1692 1672 1682 1680 1728 1708 1636 1666 1680 1690 1676 1672 
1644 1654 1706 1684 1704 1698 1638 1664 1692 1656 1698 1636 1652 1634 1650 1680 1662 1690 1674 1642 1702 1620 1636 1628 1626 1704 1672 1720 1646 1654 1654 1624 1694 1664 1712 1674 1692 1616 1680 1644 1688 1700 1674 1674 1680 1718 1696 1648 1704 1682 1696 1700 1684 1670 1694 1670 1662 1634 1700 1710 1672 1670 1662 1652 1650 1636 1614 1680 1644 1664 1648 1660 1664 1702 1688 1634 1618 1678 1636 1648 1608 1632 1678 1658 1636 1668 1684 1694 1672 1710 1686 1636 1692 1694 1652 1650 1652 1656 1702 1678 
1646 1680 1640 1650 1646 1644 1628 1628 1688 1708 1710 1650 1652 1640 1622 1680 1654 1674 1676 1642 1684 1614 1678 1626 1648 1690 1614 1682 1634 1680 1696 1712 1630 1650 1642 1688 1694 1696 1754 1650 1684 1732 1716 1720 1660 1674 1632 1660 1690 1748 1692 1706 1712 1608 1630 1606 1612 1630 1654 1668 1718 1634 1658 1662 1700 1638 1604 1660 1690 1674 1700 1674 1614 1658 1696 1678 1648 1722 1664 1672 1674 1686 1636 1666 1670 1708 1686 1670 1670 1708 1634 1718 1688 1702 1692 1682 1608 1656 1680 1658 
1686 1630 1686 1594 1634 1704 1674 1680 1662 1646 1596 1676 1662 1666 1636 1704 1688 1642 1654 1702 1640 1654 1700 1742 1692 1664 1682 1686 1676 1672 1722 1676 1694 1698 1732 1680 1660 1686 1696 1696 1686 1692 1724 1628 1706 1648 1688 1696 1710 1636 1640 1626 1640 1694 1680 1666 1642 1650 1678 1656 1672 1662 1728 1700 1714 1738 1702 1698 1728 1638 1708 1674 1734 1698 1682 1650 1642 1710 1666 1658 1652 1620 1652 1670 1594 1626 1640 -6766 -6748 -6716 -6736 -6694 -6756 -6734 -6752 -6724 -6628 -6650 -6526 -6512 
-6430 -6324 -6298 -6338 -6270 -6266 -6324 -6310 -6166 -6046 -5946 -5788 -5594 -5306 -4922 -4492 -4198 -4082 -4092 -4178 -4148 -4162 -3872 -3784 -3078 -2274 -1862 -1278 -414 220 480 666 906 1248 1510 1794 2104 2330 2624 2804 2994 3162 3306 3500 3370 3378 3426 3512 3512 3566 3550 3714 3360 2468 1458 672 150 -150 -226 -12 314 684 796 694 382 214 -540 -1048 -1180 -1462 -1714 -2088 -2360 -2720 -2986 -3262 -3266 -3148 -2878 -2560 -2194 -1676 -1186 -746 -150 328 820 1466 1990 2416 2910 3294 3648 3922 2890 3756 4148 4276 4532 4808 
5344 6070 6574 7030 7258 7310 7408 7292 6944 6606 6348 6168 5932 5662 5546 5424 5376 5180 4890 4596 4086 3678 3290 2902 2652 2496 2448 2480 2420 2518 2490 2472 2434 2388 2260 2234 2092 1962 1898 1736 1716 1706 1722 1678 1678 1748 1684 1652 1588 1542 1522 1454 1444 1374 1410 1386 1392 1372 1336 1362 1352 1366 1334 1300 1288 1298 1262 1254 1264 1146 1248 1276 1194 1282 1316 1332 1304 1332 1312 1350 1408 1426 1522 1528 1582 1548 1612 1556 1582 1654 1642 1686 1718 1688 1742 1742 1700 1820 1832 1852 
1806 1808 1838 1860 1836 1830 1882 1888 1908 1880 1878 1922 1848 1942 1966 1926 1918 1896 1898 1874 1944 1894 1896 1882 1878 1860 1842 1828 1816 1820 1798 1732 1678 1700 1666 1624 1680 1624 1590 1578 1584 1564 1512 1600 1480 1504 1534 1534 1496 1464 1500 1460 1510 1416 1434 1416 1454 1446 1412 1380 1398 1418 1410 1366 1318 1410 1360 1312 1392 1320 1290 1252 1222 1200 1216 1164 1086 1042 1048 898 860 810 866 792 822 826 892 936 852 924 938 984 1030 1074 1116 1144 1156 1208 1232 1324 
1282 1370 1414 1480 1536 1552 1622 1642 1680 1704 1776 1768 1776 1836 1848 1828 1872 1880 1842 1892 1892 1888 1842 1824 1834 1788 1762 1826 1726 1752 1742 1680 1650 1682 1664 1608 1522 1610 1574 1536 1558 1514 1496 1484 1426 1414 1424 1372 1324 1328 1320 1326 1266 1284 1258 1274 1288 1224 1226 1194 1202 1162 1268 1202 1258 1190 1150 1170 1194 1214 1240 1304 1304 1352 1354 1334 1458 1424 1494 1494 1486 1484 1578 1518 1608 1604 1568 1616 1642 1684 1654 1688 1766 1764 1794 1758 1790 1760 1832 1830 
1888 1812 1864 1834 1832 1822 1850 1844 1882 1882 1882 1816 1836 1788 1850 1800 1840 1850 1782 1776 1714 1738 1748 1756 1684 1688 1644 1568 1574 1544 1534 1468 1448 1370 1394 1324 1308 1262 1206 1266 1292 1222 1174 1132 1102 1086 1008 1012 1038 992 1010 1090 1042 1014 1054 1032 1054 1030 1090 1182 1122 1164 1176 1218 1240 1296 1286 1340 1386 1396 1382 1376 1410 1474 1470 1456 1524 1534 1526 1530 1558 1576 1564 1550 1528 1576 1560 1534 1514 1518 1534 1462 1520 1454 1434 1454 1458 1440 1460 1378 
1410 1386 1378 1358 1390 1304 1350 1378 1324 1326 1300 1274 1244 1244 1260 1286 1290 1314 1264 1274 1318 1254 1300 1296 1320 1356 1310 1356 1384 1362 1370 1430 1436 1460 1396 1462 1434 1498 1474 1480 1474 1506 1500 1542 1520 1480 1448 1416 1468 1416 1472 1498 1458 1424 1374 1432 1408 1422 1422 1390 1378 1402 1362 1378 1324 1350 1402 1372 1352 1364 1342 1348 1384 1374 1364 1312 1352 1378 1352 1376 1352 1388 1372 1410 1424 1422 1484 1422 1484 1484 1474 1480 1444 1508 1484 1460 1436 1482 1458 1494 
1476 1434 1440 1416 1448 1496 1450 1456 1416 1410 1434 1422 1408 1418 1412 1402 1368 1440 1384 1432 1422 1448 1446 1398 1450 1502 1382 1410 1462 1446 1360 1444 1434 1452 1446 1462 1508 1502 1494 1486 1436 1472 1414 1424 1412 1456 1418 1440 1518 1442 1440 1490 1470 1460 1398 1410 1398 1376 1384 1416 1430 1448 1424 1446 1400 1406 1392 1436 1394 1388 1398 1408 1408 1408 1412 1426 1400 1462 1454 1472 1464 1456 1390 1464 1442 1486 1428 1498 1482 1438 1454 1426 1482 1382 1412 1424 1444 1412 1456 1368 
1464 1400 1400 1452 1394 1416 1396 1422 1462 1414 1434 1492 1424 1394 1426 1482 1432 1396 1430 1452 1420 1416 1410 1456 1408 1420 1430 1422 1374 1434 1430 1396 1414 1404 1442 1358 1388 1382 1402 1420 1420 1446 1474 1426 1448 1416 1390 1422 1438 1404 1470 1424 1424 1420 1420 1448 1468 1410 1392 1428 1442 1440 1460 1486 1428 1452 1410 1448 1398 1414 1408 1404 1430 1416 1446 1408 1440 1460 1398 1378 1378 1398 1422 1380 1390 1378 1466 1378 1366 1382 1432 1408 1412 1444 1424 1418 1406 1388 1410 1390 
1430 1400 1382 1412 1438 1384 1400 1398 1368 1420 1422 1452 1404 1414 1390 1424 1446 1426 1398 1408 1404 1394 1372 1388 1474 1402 1406 1464 1404 1448 1448 1398 1418 1384 1450 1410 1324 1412 1364 1446 1390 1364 1382 1424 1406 1414 1396 1452 1424 1360 1444 1408 1384 1420 1428 1436 1482 1410 1408 1440 1476 1372 1416 1426 1382 1382 1380 1398 1416 1366 1420 1414 1382 1396 1408 1394 1308 1408 1382 1424 1396 1376 1356 1398 1410 1396 1396 1422 1414 1430 1442 1422 1430 1428 1422 1434 1370 1414 1398 1392 
1478 1424 1408 1456 1430 1410 1448 1458 1442 1422 1366 1448 1386 1350 1328 1380 1394 1352 1342 1342 1394 1384 1422 1396 1386 1394 1356 1438 1386 1364 1426 1376 1378 1384 1412 1386 1432 1390 1460 1428 1376 1418 1430 1366 1394 1400 1398 1434 1454 1456 1426 1440 1410 1418 1406 1416 1416 1438 1390 1414 1434 1354 1444 1376 1408 1408 1384 1386 1368 1428 1384 1376 1390 1404 1400 1410 1372 1440 1434 1390 1394 1428 1426 1422 1362 1372 -6712 -6732 -6654 -6642 -6594 -6616 -6572 -6546 -6538 -6548 -6518 -6478 -6456 -6472 
-6432 -6440 -6498 -6524 -6572 -6606 -6532 -6562 -6542 -6582 -6516 -6392 -6492 -6574 -6612 -6594 -6578 -6586 -6552 -6580 -6594 -6618 -6540 -6512 -6578 -6516 -6574 -6546 -6502 -6512 -6494 -6464 -6452 -6518 -6576 -6582 -6584 -6644 -6550 -6536 -6564 -6576 -6520 -6434 -6472 -6602 -6648 -6622 -6620 -6576 -6592 -6636 -6634 -6554 -6540 -6550 -6472 -6448 -6534 -6486 -6430 -6408 -6438 -6422 -6428 -6432 -6464 -6440 -6488 -6502 -6568 -6566 -6536 -6482 -6630 -6722 -6636 -6510 -6472 -6440 -6406 -6274 -6192 -6074 -6100 -5924 -5606 -5394 -5118 -4856 -4572 -4432 -4376 -4304 -4142 -4102 -4158 -4168 -4106 -4058 
-3430 -2286 -1380 -504 288 376 642 952 1344 1690 1938 2174 2268 2334 2542 2622 2862 2956 3100 3114 2990 2996 2968 2744 2168 2186 2062 1650 1076 558 206 200 410 782 1072 1192 1108 996 802 530 230 -60 -278 -536 -1056 -1262 -1464 -1684 -1920 -2206 -2344 -2512 -2552 -2572 -2308 -2012 -1712 -1308 -858 -452 142 618 1078 1578 2026 2554 3066 3434 3750 3584 3790 4132 4326 4628 5016 5290 5822 6466 7080 7746 8290 8510 8604 8396 8040 7774 7524 7276 7060 6780 6698 6542 6320 6184 5878 5540 5170 4796 4422 4056 
3904 3666 3430 3226 3118 3004 2914 2790 2764 2624 2542 2438 2430 2300 2218 2188 2066 1988 1926 1908 1844 1888 1964 1976 1940 1942 1996 1958 1922 1994 1986 1998 2042 2012 2090 2016 2176 2198 2318 2318 2326 2310 2332 2372 2358 2362 2412 2476 2480 2458 2504 2496 2522 2480 2494 2546 2580 2568 2692 2690 2692 2618 2616 2604 2620 2624 2640 2626 2600 2662 2656 2654 2660 2650 2624 2644 2658 2594 2576 2532 2486 2464 2438 2452 2330 2364 2312 2324 2332 2290 2228 2174 2220 2146 2158 2164 2100 2096 2064 2024 
1994 1954 1960 1964 1944 1970 1938 1938 1898 1944 1916 1910 1800 1828 1854 1834 1780 1872 1810 1878 1916 1910 1968 1958 1900 1886 1898 1956 1990 2000 2100 2064 2054 2114 2182 2170 2174 2192 2172 2244 2242 2204 2218 2298 2316 2258 2316 2294 2336 2302 2364 2296 2340 2322 2296 2348 2330 2280 2268 2324 2290 2270 2268 2230 2214 2144 2160 2160 2108 2120 2164 2112 2118 2074 2052 2034 1994 1948 1942 1976 1928 1972 2038 1982 1938 1982 1924 1894 1920 1952 1964 1920 1898 2018 1956 1928 1958 1938 1950 1976 
1986 1990 2002 1986 2016 1978 1990 2052 2036 2024 2090 2098 2088 2082 2092 2082 2144 2132 2154 2124 2140 2128 2174 2118 2132 2130 2094 2120 2126 2106 2104 2062 2082 2072 2042 2038 2060 2112 2062 2060 2036 1990 1986 1982 2012 1938 1976 1990 1988 1988 2006 1968 2000 2000 1996 1998 1990 1968 2010 2092 2086 2082 2080 2014 2016 2070 2026 2080 2050 2060 2060 2050 2040 2052 2060 2078 2058 2034 2076 2006 2040 1984 2030 2046 1972 2014 1986 1920 2010 1994 1964 1998 1998 1996 1952 1948 1928 2026 2026 1974 
1988 2046 2028 1982 2006 2030 2000 2020 1962 2036 1978 2030 1986 2000 2028 1976 1970 2016 1982 2002 2006 1922 2018 1968 1988 1956 1974 2034 2026 2014 2018 2066 2000 2026 1960 1964 2008 1990 1960 1976 1940 1990 2020 1988 1952 1996 1942 1930 1938 1954 1964 1910 1944 2014 1944 1968 1950 1960 1908 1988 1992 1994 1958 1954 1974 1958 1972 1970 1984 1994 1998 1940 1994 1992 2004 2018 2020 2022 1948 1956 1970 1982 1938 2014 1934 1930 1980 1956 1950 1986 1960 1922 1966 1970 2028 1936 1978 1974 1980 1974 
1918 1982 1952 1974 1944 1914 1924 1964 1952 1996 2004 1962 1976 1928 1930 1962 1944 1996 2008 1966 1990 2010 2046 1972 2000 1966 1966 2006 1990 2000 1994 2006 1980 2044 1968 1974 1976 2028 1986 1960 1966 1990 1976 1972 1936 1954 1946 1970 1924 1968 1978 1974 1958 1910 1906 1950 1962 1956 1928 1998 1968 1960 1986 1976 2002 1952 1988 1968 1978 1970 1974 1990 1994 1956 1998 2028 1974 1976 1988 1960 1990 1970 1958 1956 1914 1974 1960 1928 1964 1986 1966 1928 1892 1986 1974 1958 1954 2016 1962 2028 
1960 1962 1968 1950 1932 1972 1956 1950 1960 2008 1988 1936 2010 2012 1956 1996 1988 1938 1996 1972 1948 1956 2036 1954 1970 1960 1994 2000 1968 1946 1926 1958 1992 1962 2000 2010 1976 1990 1974 1990 1936 1984 1972 1972 1990 1986 1966 2008 1958 1978 1934 1958 1956 1978 1992 2006 1930 1972 1962 2000 2000 1972 1978 1914 1940 1944 1946 1954 1992 2026 1992 1940 1950 1930 1950 1948 1950 1988 1954 2006 1974 1966 1982 1956 1986 1990 2010 1976 1966 1944 1972 2000 2000 1936 1992 1976 2008 1998 1962 2028 
1994 2058 1992 1976 1934 2016 1962 1996 1958 1968 1982 2036 1968 1986 1966 1968 1948 1966 2006 1948 2020 1942 1952 1930 2014 1972 1934 1928 2018 1974 1992 2008 1970 2008 1976 1976 2030 1978 1986 2022 2002 1984 1942 1990 2008 1968 2004 1992 1986 2004 1958 1960 2000 1972 1982 1956 2006 1982 1936 2032 1980 1970 2030 1960 2004 2000 1972 1960 2008 2004 1960 1994 1986 2036 1996 2004 1992 2000 1998 1978 2008 1992 2026 1962 2010 2006 1982 2002 1968 1970 1998 1966 1964 2000 2026 1990 2022 2018 2000 2018 
1988 1986 1992 1958 1986 1992 1976 1936 1958 1970 1980 1974 1968 1946 1984 1986 1976 1976 1970 1944 2050 2006 2014 1994 1946 2006 2018 2024 2004 1960 1992 2010 2024 2000 2006 2010 1994 1998 1982 2048 1998 1948 2004 1960 2002 2012 1968 1978 1978 1954 1934 1924 1946 1934 1996 1940 1984 2018 1950 1948 1970 1968 1956 1978 1956 2010 1944 2004 2038 2020 2036 1978 2022 2052 1992 2012 2034 2014 1996 1980 1974 1984 2012 1934 1952 -6522 -6548 -6576 -6498 -6552 -6568 -6562 -6512 -6554 -6524 -6564 -6518 -6550 -6536 -6550 
-6524 -6578 -6540 -6600 -6544 -6534 -6492 -6510 -6564 -6512 -6436 -6480 -6558 -6512 -6450 -6378 -6360 -6372 -6440 -6238 -6172 -6026 -5978 -5906 -5848 -5650 -5300 -4910 -4692 -4350 -4166 -4110 -4080 -4174 -4426 -4774 -5152 -5214 -4874 -5000 -5084 -4734 -3900 -2882 -1656 -1000 -252 128 412 694 956 1036 1318 1610 1806 2050 2266 2452 2544 2608 2928 2698 2706 2658 2734 2830 2954 3008 3368 3288 3234 2890 2080 1006 -6 -696 -1316 -1728 -1668 -1402 -1114 -798 588 -942 -1146 -1338 -1652 -2096 -2310 -2478 -2628 -2568 -2572 -2478 -2350 -2242 -2204 -2096 -1748 -1414 
-906 -412 94 656 1294 1722 2006 2296 2558 2566 2828 3182 3476 3748 3940 4214 4618 5138 5670 5974 6166 6388 6502 6490 6434 6516 6416 6280 6068 5952 5932 5956 5832 5740 5648 5352 5052 4746 4460 4122 3840 3620 3364 3222 3106 2984 2918 2838 2748 2668 2648 2540 2474 2330 2234 2168 2070 1952 1866 1822 1780 1718 1626 1576 1494 1478 1440 1464 1418 1406 1374 1416 1382 1302 1288 1284 1280 1232 1206 1202 1252 1242 1214 1304 1360 1316 1354 1386 1452 1472 1516 1506 1568 1604 1564 1640 1672 1684 1732 1762 
1724 1766 1816 1898 1920 1960 2004 2044 2106 2092 2126 2118 2126 2176 2176 2204 2210 2212 2298 2258 2316 2270 2300 2298 2320 2284 2234 2218 2202 2172 2190 2136 2096 2088 2046 2002 1952 1908 1866 1842 1822 1756 1720 1700 1756 1650 1564 1562 1496 1494 1426 1376 1300 1224 1244 1226 1216 1202 1178 1166 1148 1182 1194 1186 1200 1238 1220 1170 1158 1200 1156 1262 1218 1280 1228 1280 1374 1432 1372 1410 1428 1438 1450 1474 1522 1550 1602 1602 1670 1698 1724 1774 1748 1772 1808 1788 1802 1828 1840 1874 
1870 1864 1886 1854 1888 1890 1858 1866 1858 1852 1898 1864 1834 1930 1942 1896 1894 1858 1848 1878 1870 1858 1846 1826 1826 1788 1792 1746 1708 1746 1706 1718 1700 1724 1646 1678 1612 1644 1648 1606 1584 1560 1604 1556 1554 1564 1546 1506 1544 1554 1520 1560 1578 1492 1562 1522 1506 1592 1508 1514 1502 1582 1542 1528 1586 1594 1614 1610 1542 1590 1606 1634 1592 1650 1628 1670 1698 1712 1732 1718 1740 1756 1746 1722 1750 1794 1762 1764 1782 1780 1766 1786 1768 1796 1798 1786 1774 1772 1770 1736 
1788 1746 1776 1752 1722 1758 1732 1688 1700 1656 1666 1718 1644 1608 1630 1642 1658 1612 1652 1660 1608 1592 1614 1618 1628 1644 1582 1596 1636 1642 1652 1624 1662 1646 1664 1690 1678 1648 1730 1676 1690 1758 1722 1774 1700 1718 1706 1746 1708 1730 1746 1734 1744 1744 1692 1736 1712 1768 1712 1734 1700 1696 1682 1730 1728 1728 1680 1638 1710 1698 1658 1654 1648 1666 1628 1636 1622 1618 1636 1602 1682 1634 1668 1658 1658 1638 1654 1632 1716 1696 1712 1710 1726 1692 1756 1736 1740 1718 1766 1722 
1684 1720 1706 1736 1730 1718 1736 1688 1682 1660 1646 1694 1684 1676 1694 1620 1692 1608 1614 1672 1706 1622 1618 1638 1608 1640 1628 1672 1634 1684 1688 1698 1630 1696 1742 1704 1698 1748 1732 1684 1710 1676 1666 1714 1692 1746 1722 1742 1734 1708 1674 1660 1626 1644 1702 1634 1662 1662 1640 1658 1674 1630 1674 1692 1676 1648 1660 1666 1652 1640 1666 1672 1690 1652 1666 1646 1672 1666 1678 1672 1732 1682 1680 1700 1704 1662 1724 1678 1686 1680 1702 1714 1674 1714 1750 1666 1668 1688 1704 1642 
1662 1738 1690 1644 1682 1682 1682 1674 1666 1686 1678 1640 1648 1656 1656 1622 1708 1680 1650 1700 1628 1636 1652 1696 1664 1696 1708 1726 1710 1692 1698 1656 1728 1662 1694 1712 1704 1646 1664 1668 1708 1692 1680 1702 1694 1692 1648 1708 1666 1674 1660 1710 1660 1686 1654 1652 1694 1694 1692 1692 1672 1612 1698 1692 1720 1618 1634 1670 1690 1672 1712 1682 1700 1716 1718 1728 1694 1714 1712 1666 1686 1664 1684 1670 1684 1666 1748 1676 1658 1700 1644 1698 1684 1652 1662 1614 1656 1666 1708 1688 
1676 1662 1708 1654 1708 1658 1646 1614 1676 1682 1686 1680 1706 1676 1716 1698 1680 1680 1684 1672 1654 1692 1668 1656 1638 1678 1686 1686 1670 1678 1666 1670 1742 1686 1696 1646 1654 1666 1718 1660 1636 1656 1658 1702 1606 1734 1712 1692 1724 1692 1644 1736 1682 1678 1668 1638 1696 1676 1674 1720 1694 1692 1688 1702 1642 1642 1694 1634 1688 1588 1698 1702 1692 1670 1692 1668 1708 1658 1658 1634 1662 1678 1646 1634 1656 1724 1630 1704 1742 1696 1680 1706 1638 1678 1674 1694 1704 1684 1656 1684 
1706 1658 1672 1650 1696 1692 1694 1732 1630 1674 1700 1674 1712 1670 1676 1692 1694 1628 1638 1624 1666 1714 1622 1666 1654 1682 1660 1658 1684 1694 1660 1652 1702 1674 1706 1714 1700 1716 1700 1706 1672 1712 1698 1666 1730 1700 1730 1680 1676 1664 1682 1712 1700 1668 1704 1694 1674 1656 1676 1652 1676 1650 1658 1728 1696 1686 1662 1644 1648 1648 1648 1662 1678 1698 1698 1662 1696 1680 1712 1694 1662 1652 1700 1756 1728 1692 1702 1718 1706 1690 1672 1704 1664 1718 1686 1668 1666 1714 1632 1650 
1668 1658 1714 1656 1646 1666 1668 1670 1700 1704 1702 1646 1672 1668 1664 1712 1648 1696 1708 1672 1656 1690 1720 1734 1708 1702 1664 1682 1700 1760 1706 1672 1650 1710 1662 1638 1662 1728 1694 1702 1666 1660 1712 1662 1670 1672 1674 1656 1646 1626 1726 1716 1704 1648 1668 1668 1672 1662 1656 1678 1690 1704 1692 1612 1708 1676 1700 1704 1690 1748 1692 1634 1614 1700 1720 1720 1684 1674 1654 1700 1698 1686 1704 1666 -6480 -6478 -6490 -6446 -6514 -6552 -6652 -6514 -6312 -6396 -6416 -6488 -6554 -6412 -6392 -6358 
-6490 -6588 -6528 -6354 -6378 -6520 -6528 -6464 -6506 -6494 -6508 -6540 -6572 -6522 -6552 -6632 -6610 -6592 -6556 -6604 -6592 -6562 -6614 -6626 -6592 -6596 -6626 -6564 -6522 -6450 -6434 -6556 -6500 -6464 -6434 -6400 -6448 -6474 -6436 -6506 -6442 -6462 -6532 -6492 -6460 -6428 -6420 -6466 -6454 -6520 -6462 -6426 -6528 -6524 -6378 -6262 -6184 -6022 -5694 -5398 -5100 -4754 -4320 -4266 -4218 -4006 -4164 -4168 -4208 -4334 -4254 -4082 -2996 -2154 -1158 -424 178 474 776 1070 1380 1612 1724 1834 2000 2150 2278 2414 2474 2586 2734 2360 1916 1324 586 -298 -236 -670 -848 -564 
-568 -504 -266 -232 -688 -1202 -1712 -1906 -1798 -2034 -1752 -1776 -1770 -1804 -1842 -2000 -2162 -2198 -2250 -2222 -2144 -1976 -1802 -1664 -1494 -1326 -1146 -932 -596 -248 120 506 900 1244 1592 1770 2120 2250 2026 2514 2744 2864 2984 3200 3518 3936 4396 4874 5300 5614 5802 5974 6028 5868 5706 5624 5540 5500 5410 5390 5248 5218 5058 4940 4780 4562 4332 4066 3796 3578 3420 3212 3140 3086 3018 3020 2954 2876 2752 2652 2536 2460 2382 2262 2226 2112 2084 2022 1982 1998 1970 1976 1934 1926 1882 1824 1806 1790 1858 1830 
1860 1808 1858 1808 1830 1834 1892 1854 1964 1924 2060 2056 2076 2122 2180 2214 2268 2242 2248 2294 2354 2302 2370 2416 2384 2412 2486 2530 2552 2594 2612 2576 2632 2578 2646 2704 2672 2700 2690 2760 2692 2744 2730 2784 2738 2758 2752 2760 2704 2656 2600 2622 2552 2506 2502 2478 2440 2486 2446 2430 2372 2316 2300 2272 2236 2176 2168 2132 2104 2134 2106 2108 2146 2136 2136 2090 2034 2020 1940 1988 2006 2000 1972 1966 2008 1978 1984 1968 1956 1928 1970 1976 2040 1972 2016 1990 2042 2070 2020 2112 
2032 2090 2176 2128 2144 2148 2176 2208 2260 2218 2270 2244 2236 2276 2268 2218 2266 2346 2312 2244 2218 2302 2338 2338 2350 2356 2326 2342 2312 2306 2270 2288 2270 2320 2328 2324 2346 2336 2342 2252 2312 2312 2250 2270 2260 2152 2216 2182 2216 2204 2136 2138 2114 2128 2096 2034 2114 2052 2034 2046 2050 2076 2096 2036 2086 2024 2048 2008 1990 2050 2056 2050 2064 2058 2134 2046 2046 2064 2102 2090 2124 2114 2142 2140 2124 2148 2224 2196 2192 2186 2242 2210 2254 2240 2198 2242 2230 2270 2264 2232 
2238 2208 2236 2240 2196 2200 2214 2228 2226 2214 2190 2170 2210 2198 2116 2144 2170 2142 2134 2118 2112 2044 2126 2120 2056 2086 2090 2108 2126 2096 2126 2080 2114 2118 2064 2130 2136 2104 2168 2134 2210 2190 2120 2136 2158 2168 2144 2162 2086 2150 2164 2128 2220 2136 2142 2130 2138 2098 2210 2184 2188 2184 2162 2182 2172 2194 2210 2194 2194 2192 2230 2222 2156 2190 2144 2174 2140 2118 2150 2104 2122 2198 2136 2148 2070 2158 2088 2062 2092 2098 2054 2096 2114 2088 2112 2104 2076 2122 2066 2126 
2092 2134 2136 2140 2144 2168 2192 2160 2174 2172 2196 2126 2154 2182 2170 2206 2168 2174 2206 2148 2152 2244 2186 2162 2182 2152 2132 2082 2136 2124 2126 2130 2088 2112 2142 2164 2136 2128 2108 2116 2148 2130 2104 2084 2158 2130 2132 2136 2108 2180 2122 2110 2100 2128 2126 2140 2156 2136 2134 2150 2144 2134 2140 2152 2186 2196 2146 2174 2138 2138 2140 2086 2178 2156 2120 2140 2106 2152 2132 2096 2058 2134 2146 2144 2118 2156 2178 2168 2158 2112 2108 2144 2164 2228 2134 2142 2168 2150 2102 2142 
2068 2116 2130 2174 2148 2120 2128 2164 2152 2140 2158 2138 2120 2122 2130 2124 2140 2136 2148 2122 2082 2058 2116 2170 2150 2086 2162 2136 2140 2162 2088 2116 2096 2066 2130 2132 2126 2134 2094 2134 2178 2116 2158 2146 2180 2174 2162 2156 2178 2162 2104 2134 2150 2138 2084 2154 2094 2140 2156 2160 2202 2172 2164 2116 2170 2118 2118 2080 2108 2122 2122 2130 2162 2136 2134 2132 2182 2172 2104 2134 2156 2142 2132 2128 2128 2180 2128 2176 2160 2154 2166 2146 2116 2122 2156 2152 2148 2112 2172 2168 
2138 2144 2182 2104 2142 2092 2136 2076 2100 2098 2152 2106 2210 2176 2124 2146 2078 2098 2080 2136 2158 2138 2168 2128 2128 2154 2120 2164 2134 2156 2112 2124 2100 2104 2112 2126 2162 2132 2164 2162 2176 2140 2090 2128 2156 2118 2110 2088 2128 2128 2096 2200 2106 2120 2048 2156 2150 2146 2118 2102 2088 2152 2160 2166 2176 2172 2162 2178 2134 2216 2158 2166 2126 2186 2132 2148 2120 2082 2098 2090 2068 2118 2084 2070 2054 2134 2110 2118 2112 2088 2126 2086 2098 2008 2140 2188 2126 2196 2154 2214 
2180 2178 2172 2176 2150 2164 2160 2134 2198 2198 2190 2232 2150 2146 2152 2130 2080 2130 2066 2082 2102 2120 2126 2042 2116 2106 2082 2078 2066 2098 2100 2102 2132 2120 2070 2110 2114 2132 2134 2174 2148 2146 2152 2198 2110 2152 2164 2126 2154 2194 2150 2170 2130 2240 2132 2112 2146 2134 2130 2144 2154 2114 2112 2112 2092 2142 2110 2146 2132 2110 2128 2078 2050 2112 2126 2084 2134 2084 2112 2142 2164 2126 2128 2088 2150 2168 2144 2118 2190 2142 2200 2116 2090 2086 2176 2164 2166 2174 2120 2164 
2126 2128 2094 2128 2116 2110 2122 2128 2090 2108 2112 2110 2094 2090 2144 2114 2152 2044 2090 2090 2156 2096 2184 2128 2106 2074 2094 2070 2114 2192 2172 2120 2122 2124 2114 2136 2074 2172 2164 2134 2118 2114 2132 2120 2128 2108 2078 2144 2148 2154 2192 2116 2114 2110 2096 2116 2094 2106 2096 2082 2072 2108 2122 2142 2146 2150 2144 2176 2106 2108 2148 2094 2182 2142 2178 2178 2146 2164 2152 2164 2102 2108 2140 -6554 -6560 -6480 -6440 -6480 -6504 -6546 -6556 -6558 -6512 -6568 -6592 -6598 -6662 -6690 -6642 -6580 
-6624 -6694 -6744 -6656 -6700 -6726 -6580 -6520 -6630 -6680 -6610 -6564 -6594 -6536 -6506 -6528 -6574 -6570 -6594 -6476 -6540 -6526 -6568 -6590 -6524 -6578 -6508 -6520 -6548 -6650 -6672 -6676 -6648 -6676 -6620 -6628 -6596 -6504 -6526 -6514 -6484 -6524 -6546 -6574 -6570 -6582 -6510 -6438 -6512 -6592 -6580 -6536 -6472 -6430 -6424 -6410 -6300 -6256 -6302 -6090 -5992 -5770 -5460 -5154 -4694 -4094 -3478 -3178 -2966 -2826 -2838 -2964 -2920 -2852 -2716 -3384 -3982 -4162 -3254 -1954 -696 -10 720 1062 1232 1210 1286 1450 1688 1992 2404 2648 3004 3282 3196 3318 3378 3438 3476 3424 
3148 2954 3054 2262 1192 -82 -1118 -1542 -1666 -1452 -914 -456 6 94 10 276 -890 -1042 -1276 -1640 -1990 -2236 -2508 -2654 -2874 -2838 -2758 -2604 -2598 -2472 -2244 -1860 -1526 -1122 -748 -358 92 686 918 1212 1586 1888 2128 2400 2712 2688 2652 2184 2636 2658 2944 3158 3434 3830 4312 4622 4806 5004 5096 5120 5120 4926 4772 4516 4282 4134 4142 4112 4046 4016 3956 3922 3808 3648 3436 3558 3508 3446 3436 3258 3080 2956 2790 2606 2478 2314 2050 1942 1780 1680 1624 1522 1308 1094 890 730 526 412 286 20 
104 228 208 184 310 344 348 356 352 348 346 336 280 316 302 316 396 402 440 420 386 518 550 580 596 646 698 788 840 886 968 1002 1048 1070 1118 1212 1234 1240 1278 1272 1314 1348 1384 1426 1458 1434 1496 1532 1582 1578 1608 1624 1590 1668 1650 1702 1732 1738 1790 1790 1750 1740 1776 1796 1812 1844 1802 1802 1752 1756 1770 1836 1864 1798 1800 1776 1742 1742 1776 1764 1700 1702 1650 1698 1676 1614 1554 1548 1536 1548 1474 1448 1480 1446 1422 1412 1366 1348 1316 1318 
1288 1280 1248 1240 1170 1158 1086 1094 1086 1046 1098 1076 1086 1072 1102 1034 1000 1000 1002 1056 1054 1094 1058 1102 1038 1062 1076 1048 1054 1192 1204 1222 1216 1198 1256 1332 1338 1358 1366 1362 1348 1466 1416 1436 1442 1518 1538 1560 1540 1540 1588 1558 1586 1542 1604 1622 1654 1584 1666 1634 1666 1696 1622 1664 1708 1698 1682 1650 1704 1646 1602 1668 1608 1664 1640 1656 1642 1630 1604 1588 1518 1538 1524 1474 1472 1466 1480 1496 1468 1382 1406 1370 1344 1364 1314 1290 1336 1340 1264 1312 
1322 1336 1272 1284 1288 1276 1280 1264 1288 1280 1286 1276 1272 1262 1282 1304 1204 1254 1340 1314 1336 1268 1312 1366 1342 1340 1320 1366 1368 1394 1434 1412 1414 1448 1428 1486 1486 1478 1492 1466 1564 1514 1492 1528 1502 1530 1578 1562 1546 1574 1592 1528 1570 1562 1532 1500 1534 1572 1562 1578 1476 1582 1526 1516 1564 1562 1554 1496 1510 1482 1500 1466 1450 1452 1434 1446 1492 1384 1428 1380 1410 1380 1362 1364 1326 1400 1372 1318 1420 1368 1326 1400 1364 1352 1358 1370 1366 1356 1390 1404 
1372 1418 1392 1400 1448 1482 1454 1502 1462 1410 1478 1500 1502 1450 1486 1518 1450 1538 1520 1486 1502 1566 1522 1510 1478 1450 1480 1524 1466 1466 1438 1488 1454 1438 1422 1432 1408 1372 1360 1372 1388 1408 1382 1452 1424 1472 1406 1416 1420 1426 1402 1442 1418 1426 1408 1416 1422 1462 1464 1432 1466 1472 1452 1494 1444 1446 1434 1500 1462 1448 1512 1494 1506 1454 1476 1520 1440 1436 1508 1430 1476 1448 1438 1490 1416 1434 1390 1440 1468 1406 1462 1396 1412 1434 1402 1430 1454 1464 1436 1418 
1398 1400 1452 1398 1424 1410 1468 1458 1480 1468 1414 1454 1430 1494 1484 1468 1452 1456 1510 1480 1518 1426 1458 1420 1458 1450 1438 1442 1454 1430 1488 1508 1446 1444 1442 1394 1400 1408 1412 1402 1426 1442 1400 1462 1450 1416 1466 1474 1434 1482 1502 1448 1468 1446 1402 1466 1484 1434 1440 1472 1420 1438 1496 1436 1424 1436 1430 1414 1456 1426 1458 1454 1412 1404 1408 1438 1432 1442 1470 1452 1468 1458 1444 1464 1452 1438 1486 1478 1414 1468 1408 1472 1460 1420 1502 1422 1438 1378 1492 1424 
1452 1420 1470 1454 1400 1442 1430 1426 1450 1456 1486 1428 1476 1420 1476 1468 1420 1426 1450 1426 1426 1478 1466 1464 1458 1462 1420 1404 1412 1428 1452 1478 1432 1422 1450 1392 1448 1412 1434 1484 1482 1432 1400 1498 1418 1420 1414 1466 1442 1474 1454 1466 1452 1454 1482 1424 1432 1486 1444 1466 1464 1452 1440 1492 1390 1454 1462 1508 1412 1540 1468 1458 1486 1430 1472 1478 1472 1418 1448 1432 1418 1412 1450 1448 1434 1464 1466 1464 1462 1436 1448 1482 1462 1462 1420 1438 1462 1422 1424 1460 
1450 1434 1388 1514 1480 1496 1468 1440 1464 1462 1506 1414 1434 1454 1464 1426 1462 1480 1462 1474 1466 1406 1406 1404 1466 1442 1408 1450 1428 1462 1442 1432 1462 1424 1466 1394 1408 1434 1438 1480 1422 1442 1438 1410 1468 1456 1452 1412 1458 1436 1442 1454 1400 1440 1436 1436 1416 1408 1434 1422 1484 1476 1470 1484 1448 1496 1496 1424 1446 1462 1458 1500 1398 1488 1486 1422 1454 1488 1486 1440 1430 1440 1452 1422 1420 1468 1428 1440 1420 1458 1438 1452 1482 1452 1460 1388 1444 1490 1438 1422 
1408 1502 1474 1442 1512 1426 1434 1434 1480 1484 1450 1440 1490 1480 1496 1374 1456 1438 1392 1412 1428 1444 1412 1418 1410 1436 1434 1422 1410 1416 1432 1410 1432 1444 1410 1434 1450 1440 1470 1408 1468 1440 1470 1444 1468 1492 1448 1446 1434 1422 1436 1408 1428 1448 1424 1430 1508 1452 1464 1440 1468 1412 1440 1446 1444 1480 1474 1454 1460 1472 1490 1442 1430 1454 1436 1446 1412 1446 1454 1424 1422 1402 