13 12 17 13 12 12 14 11 6 5 8 17 15 11 3 3 4 8 7 11 11 11 14 6 8 5 7 1 -4 -4 -11 -10 -14 -8 -5 4 23 42 80 113 145 158 161 174 207 180 68 -72 -213 -216 -216 -145 -99 -54 -45 -37 -25 -8 6 3 -6 -2 2 23 54 71 98 128 156 193 243 297 348 398 397 406 438 460 494 495 451 383 319 259 188 125 59 -7 -14 -51 -86 -90 -97 -80 -58 -28 -1 25 44 56 
56 45 35 27 15 1 -13 -14 -24 -32 -41 -50 -47 -40 -30 -16 20 28 27 19 -3 -5 -1 3 9 -1 5 -12 -36 -55 -81 -96 -102 -99 -98 -107 -109 -117 -119 -123 -130 -124 -128 -119 -113 -105 -93 -85 -67 -57 -44 -30 -16 -7 20 29 41 58 58 62 66 68 70 74 83 84 82 81 83 91 92 90 93 88 91 83 88 91 93 94 95 92 89 94 90 92 90 91 87 83 81 76 65 56 48 33 24 8 -6 -14 
-25 -31 -46 -53 -61 -74 -82 -92 -99 -109 -115 -120 -125 -127 -131 -128 -132 -132 -128 -127 -128 -123 -124 -122 -120 -117 -111 -109 -95 -91 -77 -69 -63 -55 -47 -41 -35 -25 -18 -10 1 6 12 22 26 29 35 38 42 44 46 53 57 59 64 70 74 75 77 77 75 72 71 69 65 66 65 67 63 59 62 56 53 53 54 51 42 36 30 27 16 14 9 -2 -3 -8 -13 -13 -15 -16 -25 -29 -27 -28 -28 -22 -16 -17 -13 -14 
-8 -8 -11 -11 -5 -3 -1 2 -3 -1 -1 -2 -5 -3 -4 -6 -6 -4 -11 -10 -11 -10 -7 -5 -3 0 0 -5 -4 -5 -2 0 -3 -5 -4 -5 -4 -3 3 -4 -2 0 3 2 0 5 6 6 10 6 9 15 18 21 28 26 27 35 29 34 36 31 30 34 26 31 33 31 29 33 35 33 31 29 27 24 22 22 17 18 15 15 17 9 14 9 10 12 9 10 8 10 12 7 5 6 5 4 1 1 
-1 -3 -3 -5 -5 -6 0 -2 -3 2 1 -1 -3 1 3 3 1 2 4 6 6 12 8 11 14 15 20 16 16 18 20 18 19 20 18 21 22 18 25 23 24 20 19 14 17 18 17 17 14 12 9 8 12 14 10 12 16 10 12 6 6 9 8 6 8 4 5 3 5 9 4 10 14 16 9 16 12 12 11 12 9 9 9 8 10 5 2 8 3 3 7 0 5 8 7 12 16 14 14 14 
17 15 14 11 14 9 11 8 11 11 10 16 10 15 15 13 9 4 7 8 4 5 6 8 8 3 12 4 11 12 6 6 7 8 6 10 6 9 15 20 14 17 24 22 22 21 26 21 17 18 15 15 15 13 13 14 15 8 10 8 13 6 12 3 -1 7 7 6 4 6 9 17 20 23 31 33 32 31 33 30 28 26 29 22 22 23 20 15 18 18 14 12 14 9 11 5 -5 0 -3 -5 
-5 -5 -2 -3 2 3 2 -2 -1 2 4 -3 -1 4 5 6 11 10 16 14 16 20 17 15 13 15 11 15 17 13 11 17 14 12 15 13 10 11 10 9 7 12 10 8 10 7 9 6 4 6 7 6 7 10 9 9 10 13 8 13 9 12 13 11 14 10 12 11 14 13 13 9 15 15 11 9 13 12 14 9 6 9 10 14 8 10 12 13 12 15 13 14 11 12 11 13 13 10 13 8 
5 10 6 10 10 11 14 12 13 11 7 6 10 5 8 11 7 6 7 9 9 11 11 13 10 17 17 12 13 12 11 10 8 13 11 13 19 21 13 14 17 14 17 18 12 11 14 12 13 15 16 14 16 10 13 18 8 11 8 11 7 10 9 13 12 13 14 12 11 16 11 13 7 8 11 10 13 8 9 7 11 8 10 13 14 10 11 11 9 13 10 9 9 6 9 7 10 14 11 14 
10 11 16 12 15 18 16 18 17 20 19 16 16 17 15 12 11 15 13 10 16 14 13 11 14 11 16 15 13 16 17 18 21 22 22 17 17 18 16 22 19 23 25 28 30 34 32 36 37 38 37 42 37 36 34 36 31 29 28 27 20 18 22 15 15 13 13 14 10 14 18 15 20 24 23 23 24 21 25 23 18 18 16 11 17 18 9 10 11 15 10 19 19 16 19 21 19 21 13 15 
17 17 15 17 14 15 13 16 22 14 15 18 18 17 14 20 16 19 22 16 21 17 23 16 14 11 10 11 12 10 10 11 11 11 11 12 15 12 10 12 11 13 9 11 14 15 15 16 13 8 9 10 10 13 13 16 17 15 18 14 20 18 15 10 8 1 2 -6 -9 -9 -7 -11 -17 -9 -12 -14 -14 -4 -7 0 7 4 7 4 7 7 10 17 17 15 18 12 14 10 11 8 6 10 6 12 
11 9 12 10 11 9 7 8 13 9 11 10 10 9 5 14 6 14 15 17 18 17 16 11 13 2 6 3 6 9 13 13 15 9 10 9 1 4 3 3 10 14 17 18 18 7 9 7 2 4 10 11 16 14 13 11 10 13 11 11 12 14 20 20 17 8 5 -1 3 3 6 12 29 51 67 79 103 98 93 63 20 -9 -106 -225 -314 -314 -243 -146 -109 -21 16 21 29 24 11 -13 -36 -46 -32 -13 
16 36 73 101 119 165 235 298 372 383 374 342 296 255 165 145 76 -4 -87 -138 -164 -158 -135 -98 -78 -53 -35 -20 -2 23 44 65 75 73 77 69 50 30 8 -14 -46 -73 -91 -110 -125 -138 -142 -134 -135 -114 -106 -90 -86 -65 -49 -37 -41 -42 -47 -66 -86 -98 -122 -133 -143 -146 -155 -162 -168 -172 -172 -172 -164 -161 -152 -147 -136 -123 -104 -86 -70 -53 -31 -8 10 26 49 57 73 82 90 98 96 104 100 101 105 106 103 105 
104 96 98 87 86 80 75 66 65 60 58 54 53 52 49 46 48 42 38 38 37 32 36 29 28 27 26 25 18 9 6 -4 -10 -17 -21 -24 -30 -33 -39 -43 -42 -45 -48 -50 -60 -53 -59 -63 -62 -63 -61 -59 -58 -53 -56 -57 -50 -51 -50 -50 -52 -52 -49 -50 -47 -47 -47 -50 -48 -48 -48 -54 -52 -53 -53 -51 -50 -49 -46 -42 -40 -37 -30 -30 -25 -22 -21 -16 -17 -11 -8 -6 8 11 21 22 29 31 33 37 
43 43 55 56 58 62 65 65 71 70 78 80 83 82 81 85 83 77 81 75 80 79 68 68 67 65 63 60 58 55 50 48 48 42 36 30 25 17 9 0 -2 -8 -16 -19 -24 -26 -30 -30 -30 -38 -34 -37 -42 -39 -45 -49 -47 -52 -50 -51 -48 -48 -45 -43 -43 -39 -38 -35 -34 -26 -22 -17 -17 -17 -14 -15 -10 -8 -8 -7 -1 2 2 7 9 10 17 16 21 29 31 29 26 33 35 39 33 37 38 37 
42 41 45 46 47 46 46 44 46 47 49 43 42 44 40 39 38 36 37 36 32 31 30 32 27 23 23 24 21 15 15 12 10 5 5 0 -5 -3 -10 -13 -8 -12 -10 -10 -8 -14 -13 -8 -11 -12 -17 -9 -12 -10 -11 -13 -8 -8 -5 -6 -3 0 0 3 0 7 5 9 7 12 11 18 15 16 20 26 27 27 27 26 21 21 20 19 21 17 20 22 25 25 23 26 26 19 18 21 19 13 16 12 
9 9 12 14 14 2 6 0 6 6 4 3 4 3 8 7 2 3 4 7 4 9 7 10 10 9 7 10 5 5 11 8 10 9 12 8 8 12 13 12 15 14 12 12 16 12 12 14 13 15 18 16 17 19 15 15 17 12 13 14 14 19 15 20 17 17 17 14 16 16 17 12 7 10 8 6 4 6 3 8 3 8 12 5 4 9 7 7 7 5 7 6 10 9 13 14 12 20 13 17 
13 11 12 11 12 9 8 10 13 9 13 13 11 11 9 12 12 6 9 6 11 10 5 6 5 12 8 6 11 10 8 3 7 9 8 9 12 13 10 11 13 13 16 18 17 9 11 11 13 14 10 9 8 13 11 12 12 18 14 13 11 13 13 7 8 9 10 9 10 8 14 11 18 17 20 10 13 12 9 8 8 12 7 9 12 12 10 11 10 11 18 16 11 7 10 12 11 11 13 11 
15 16 13 14 15 16 16 16 11 10 15 12 9 9 11 9 14 11 7 5 7 6 6 6 9 8 10 14 16 16 16 12 16 16 16 15 7 13 15 11 16 20 14 17 17 18 15 10 9 9 11 6 6 7 1 4 3 3 5 5 7 7 9 9 12 12 13 11 13 13 16 19 16 19 18 22 15 19 13 14 9 9 7 6 12 9 9 9 8 6 7 5 2 4 8 11 7 15 10 15 
12 12 14 13 21 14 15 17 11 15 19 13 15 17 12 12 12 10 9 8 2 6 7 6 6 2 6 4 8 7 8 6 12 11 10 8 11 14 15 12 13 16 12 12 15 9 14 10 13 9 12 10 11 13 13 10 10 11 6 6 9 10 11 9 9 10 10 12 12 9 8 8 8 10 12 10 17 10 12 12 12 15 15 11 11 14 9 9 13 6 5 6 4 8 5 6 8 8 11 10 
14 8 7 14 11 13 15 14 13 11 16 12 5 7 11 12 13 14 11 11 9 10 10 15 9 13 11 8 8 10 12 14 7 6 6 9 9 12 9 10 12 11 15 7 16 16 17 15 16 16 14 16 14 10 13 14 12 12 9 11 8 9 7 9 7 9 11 5 10 9 9 10 10 11 11 12 11 5 8 11 9 10 10 10 13 14 16 19 13 19 14 17 12 11 11 14 15 17 7 10 
9 5 8 11 12 12 20 12 12 12 17 16 13 18 14 13 7 10 10 6 11 9 7 8 9 9 9 14 13 15 12 12 7 11 6 13 16 18 18 15 16 16 14 13 16 8 17 15 18 17 16 15 18 21 18 20 20 16 17 13 8 10 8 10 11 10 12 7 9 11 9 -4 -1 4 9 14 17 23 21 18 19 20 22 31 38 46 50 60 67 74 85 101 111 77 34 -26 -135 -295 -417 -409 
-352 -289 -180 -120 -123 -12 34 53 89 98 109 112 143 174 212 225 242 289 348 403 451 491 536 586 596 564 503 455 375 282 163 71 -20 -77 -125 -155 -163 -164 -146 -136 -112 -100 -76 -55 -29 -9 11 33 51 76 87 98 107 108 107 95 88 62 37 10 -36 -85 -140 -187 -234 -276 -294 -316 -342 -347 -368 -382 -383 -382 -382 -398 -411 -425 -438 -443 -446 -443 -448 -468 -468 -471 -459 -442 -424 -401 -369 -343 -314 -281 -245 -211 -172 -140 -102 -71 
-41 -17 13 36 66 90 115 137 174 196 222 245 263 281 298 316 333 350 363 377 391 401 407 414 409 405 398 387 372 361 342 321 303 276 256 234 208 193 167 145 124 107 91 73 51 35 23 9 -7 -19 -27 -39 -55 -61 -69 -81 -89 -102 -113 -121 -134 -152 -161 -171 -181 -192 -201 -214 -222 -225 -232 -236 -242 -244 -251 -247 -250 -247 -250 -246 -244 -244 -235 -234 -221 -217 -209 -201 -190 -182 -172 -163 -150 -138 -129 -119 -106 -89 -77 -65 
-46 -32 -21 -7 11 23 40 50 63 77 88 100 117 128 137 145 159 169 179 187 198 211 219 215 217 216 213 213 210 206 195 187 177 165 164 157 148 144 132 132 127 125 119 117 104 100 89 76 64 45 34 18 3 -10 -21 -36 -47 -63 -72 -81 -87 -96 -105 -108 -121 -121 -129 -127 -131 -138 -136 -140 -143 -142 -139 -137 -136 -134 -126 -122 -116 -109 -99 -92 -83 -72 -63 -55 -49 -35 -27 -11 -7 2 9 21 26 31 39 44 
47 54 57 64 65 69 75 82 82 86 88 90 92 87 89 88 85 79 81 74 70 70 67 66 59 50 44 44 36 38 32 24 19 13 12 11 7 5 5 -3 -3 -2 -6 -4 -11 -9 -8 -12 -13 -12 -13 -13 -14 -11 -11 -12 -9 -10 -12 -9 -17 -15 -12 -10 -11 -9 -11 -10 -9 -6 -5 -7 -1 -4 -1 -1 2 -1 2 1 4 8 14 9 13 14 11 16 21 21 22 19 22 25 20 25 24 23 23 24 
25 26 25 27 27 28 28 28 27 28 27 26 23 24 19 30 19 19 17 15 15 14 13 13 10 7 8 7 6 0 -1 -2 -1 -3 -5 -5 0 -1 -7 -3 -4 -1 1 -1 -2 3 1 2 2 5 7 3 11 9 11 16 14 16 16 19 19 25 23 26 24 21 20 21 19 20 17 16 21 18 18 20 21 18 18 18 14 8 7 1 1 1 1 -1 4 4 2 8 8 11 7 4 7 7 9 10 
6 7 10 3 7 6 12 12 11 10 12 15 15 18 15 15 15 11 16 14 14 15 11 16 9 14 12 16 12 13 13 12 16 11 11 7 6 6 8 6 10 7 8 11 12 11 4 13 8 14 9 5 8 11 8 12 13 14 16 15 18 11 19 14 17 13 16 14 12 12 11 10 9 9 8 10 6 9 11 9 11 10 10 7 11 10 7 14 8 11 10 12 16 12 13 13 13 12 13 10 
13 13 16 10 13 13 7 9 9 10 11 11 12 14 17 18 17 16 17 17 15 14 13 12 9 10 11 12 11 9 9 13 17 11 12 15 8 8 7 3 11 13 12 11 11 14 14 14 10 16 13 13 12 11 7 11 13 9 10 10 10 17 17 16 14 19 17 17 14 11 11 6 9 11 5 8 12 9 10 12 9 14 12 11 10 11 10 6 9 5 4 10 10 11 11 11 12 11 12 15 
12 12 11 12 11 12 14 5 9 10 12 8 14 13 15 15 15 12 11 12 8 10 9 11 13 12 10 14 11 12 11 13 9 11 10 9 10 7 15 11 7 14 14 15 19 12 12 16 12 11 12 9 9 11 6 12 8 11 9 15 9 7 10 9 10 12 10 6 12 9 10 12 12 8 16 10 7 13 12 10 7 12 8 9 12 13 14 10 13 9 14 11 8 7 10 12 10 11 10 11 
14 11 13 12 14 13 10 10 9 10 12 15 15 12 14 12 16 15 17 10 10 12 11 11 7 10 11 12 12 12 11 8 9 7 11 9 10 8 5 10 10 11 10 18 12 14 9 10 11 15 18 14 17 18 15 15 12 7 10 11 8 9 4 9 11 8 10 13 15 14 12 13 8 13 10 11 16 12 14 14 14 12 11 13 15 11 7 14 13 10 16 13 18 10 10 13 9 8 9 5 
11 12 9 10 10 14 18 12 15 15 12 13 11 9 2 9 11 14 14 18 13 6 13 6 4 5 2 9 10 10 10 0 -2 -3 -6 -7 -4 1 3 4 3 4 16 12 12 15 17 21 20 18 15 11 6 5 10 10 11 7 5 5 4 10 16 12 17 22 22 32 50 69 93 109 117 117 111 61 9 -63 -95 -125 -184 -206 -171 -129 -97 -59 -25 -22 13 29 45 47 29 12 8 -1 -5 2 7 27 
47 83 111 131 141 161 154 154 123 74 58 45 39 50 31 37 53 54 37 22 2 -10 -9 -5 0 12 15 24 40 46 60 71 75 84 86 88 91 98 95 94 74 61 41 20 -5 -34 -75 -97 -123 -140 -162 -172 -181 -209 -251 -283 -325 -354 -381 -402 -403 -406 -406 -408 -421 -428 -418 -414 -420 -418 -415 -405 -398 -392 -372 -351 -322 -286 -254 -218 -195 -165 -139 -117 -90 -66 -36 -10 16 40 61 84 101 117 137 153 163 173 184 186 
190 193 197 198 196 198 199 202 196 204 199 194 191 192 186 183 175 172 171 167 166 158 153 150 139 124 112 99 89 73 60 49 43 30 18 16 0 -13 -21 -30 -37 -44 -48 -58 -66 -69 -73 -80 -84 -90 -96 -106 -114 -120 -126 -133 -139 -149 -152 -159 -166 -167 -170 -174 -181 -184 -184 -183 -187 -187 -189 -186 -184 -179 -177 -170 -160 -162 -155 -142 -138 -123 -108 -102 -87 -77 -68 -50 -44 -30 -22 -12 6 15 29 40 52 63 76 80 
98 108 116 124 134 140 144 148 150 157 161 163 159 156 160 154 150 149 142 140 133 131 128 122 115 111 101 95 94 87 77 72 60 53 42 35 21 12 1 -10 -16 -28 -37 -42 -49 -55 -65 -72 -70 -79 -81 -84 -86 -90 -90 -91 -87 -91 -89 -91 -83 -85 -77 -76 -71 -65 -60 -49 -47 -41 -36 -27 -23 -11 -6 2 6 15 24 30 34 40 46 47 55 56 62 64 66 68 70 74 75 74 77 71 76 70 73 69 
68 66 64 53 55 48 42 41 32 32 26 20 19 11 7 5 2 -4 -5 -9 -9 -15 -19 -22 -20 -20 -20 -21 -22 -29 -24 -27 -27 -25 -24 -27 -27 -28 -28 -18 -20 -16 -12 -12 -12 -8 -11 -5 -2 -2 2 1 2 6 9 12 10 13 18 20 20 21 24 24 23 26 30 27 24 29 27 29 30 32 33 37 33 36 36 37 33 28 30 31 29 28 27 25 28 26 28 20 18 14 17 14 11 11 9 10 
5 2 5 -2 -2 1 -1 -1 -1 -6 -4 -8 -7 -12 -12 -14 -14 -14 -10 -12 -14 -8 -9 -9 -2 -4 -2 -1 -3 -6 2 2 4 4 8 12 9 12 12 10 11 15 16 20 20 23 18 22 24 22 26 29 31 31 29 31 35 30 33 34 32 35 34 31 37 30 32 30 31 30 26 22 20 18 11 9 8 6 1 0 -2 -3 -7 -9 -10 -5 -10 -12 -9 -10 -11 -12 -5 -9 -6 -6 0 -2 -1 -1 
4 5 4 6 6 9 8 12 18 16 21 20 20 27 24 27 26 24 22 27 25 22 23 27 24 25 29 20 26 18 19 18 16 10 11 9 6 -1 4 3 4 4 4 4 6 3 5 4 3 2 9 2 3 6 7 6 8 8 8 10 11 12 9 14 11 15 15 14 18 16 19 20 17 18 18 12 21 16 15 17 15 11 12 7 9 11 9 7 10 8 10 7 9 12 13 10 11 8 7 5 
10 11 9 7 7 11 9 12 12 12 12 17 12 18 14 11 11 14 16 12 9 11 14 10 10 14 12 10 10 9 11 9 11 10 10 12 8 13 9 13 11 11 12 15 14 13 12 15 11 12 8 12 12 11 11 9 16 10 12 13 12 13 8 15 13 10 5 9 9 10 6 6 6 8 8 11 12 14 14 13 6 12 13 8 11 9 16 12 12 13 10 16 10 13 12 13 13 10 8 9 
12 12 10 12 12 9 9 12 9 12 12 10 11 8 13 10 16 15 13 12 12 18 14 12 10 11 7 7 14 12 11 9 13 11 9 11 10 10 10 15 11 14 14 10 8 9 12 11 9 11 16 9 16 7 12 13 13 13 13 11 13 14 12 13 12 15 11 11 9 11 15 14 8 11 15 13 18 12 15 16 17 14 12 12 10 11 11 8 9 10 13 8 9 17 18 12 10 8 9 12 
11 7 11 10 11 13 11 12 10 11 11 11 9 11 10 11 10 9 10 10 13 10 11 12 15 13 14 14 13 12 13 13 12 10 11 10 11 12 10 15 7 11 9 11 8 11 12 10 10 12 12 8 12 9 11 11 10 12 13 14 13 14 10 10 13 11 10 12 14 14 13 10 12 12 9 8 12 9 9 10 9 8 9 9 13 9 11 12 9 5 10 11 11 12 11 9 14 10 11 11 
8 6 4 6 6 3 4 -4 -13 -22 -17 -20 -24 -23 -20 -21 -22 -24 -19 -11 -12 -6 1 -1 4 7 4 10 13 11 16 16 20 17 23 26 22 23 30 29 24 24 23 17 17 12 15 18 21 22 8 10 5 -3 4 3 1 5 2 -6 -6 -6 -4 0 12 35 55 88 113 130 149 151 139 126 108 67 -28 -126 -142 -104 -91 -62 -55 -53 -61 -51 -41 -28 -8 13 31 42 50 64 82 107 135 161 196 223 
257 283 326 382 450 498 522 546 564 577 562 541 492 450 405 340 292 243 198 166 149 145 144 148 156 157 158 161 164 156 153 154 145 142 132 126 116 108 88 75 60 40 14 -12 -39 -70 -114 -161 -203 -236 -256 -262 -255 -263 -266 -268 -288 -301 -310 -327 -348 -366 -391 -392 -396 -416 -419 -421 -419 -419 -423 -421 -417 -412 -412 -407 -397 -382 -350 -325 -291 -257 -231 -204 -177 -151 -125 -107 -87 -68 -48 -32 -8 12 39 61 93 115 142 163 
190 208 222 233 250 256 271 281 284 289 292 299 304 302 300 292 293 280 270 261 254 238 224 216 210 202 195 183 175 166 153 142 128 118 105 95 75 62 51 37 17 1 -15 -32 -53 -70 -90 -105 -121 -136 -148 -161 -174 -193 -202 -213 -223 -227 -232 -240 -244 -247 -244 -247 -245 -240 -240 -235 -228 -222 -212 -206 -195 -184 -170 -163 -147 -139 -131 -124 -106 -96 -86 -72 -64 -48 -32 -18 -7 11 26 45 60 75 89 96 108 120 133 136 
147 159 163 168 170 174 177 180 181 187 185 182 179 181 172 175 178 171 173 164 158 157 150 146 140 124 123 112 98 86 81 70 57 50 41 36 26 21 18 14 4 5 -1 -6 -18 -18 -23 -32 -38 -45 -61 -68 -81 -83 -97 -104 -113 -117 -126 -123 -122 -122 -122 -117 -116 -117 -114 -114 -110 -112 -114 -106 -108 -105 -103 -95 -88 -76 -66 -59 -44 -35 -32 -23 -22 -15 -13 -16 -12 -8 -2 -1 11 14 28 33 45 53 63 69 
73 77 80 87 86 84 87 98 103 106 112 121 122 126 122 123 119 114 105 103 96 85 82 75 74 72 66 65 59 59 51 45 46 37 31 25 24 15 6 7 -5 -4 -8 -12 -16 -23 -23 -27 -37 -37 -39 -46 -53 -50 -50 -51 -50 -56 -47 -50 -49 -51 -49 -45 -46 -46 -44 -44 -36 -35 -28 -28 -25 -20 -20 -18 -11 -8 -4 -3 1 3 6 8 13 19 25 25 31 31 31 32 40 38 37 38 39 35 40 36 
41 35 41 41 42 41 39 43 39 40 38 39 39 35 40 37 31 32 29 22 25 18 15 16 9 14 15 8 9 5 7 -1 3 1 -4 -1 -4 -1 2 -2 -5 -6 -5 -6 -8 -13 -10 -12 -8 -7 -8 -7 -3 -1 2 4 6 4 2 3 6 7 8 9 13 11 16 16 21 25 26 23 28 26 23 20 24 22 21 22 23 22 24 18 21 19 19 22 17 20 16 17 13 14 11 6 6 4 3 6 
3 4 4 8 8 5 8 5 6 7 2 6 5 5 4 6 8 9 7 10 7 14 12 12 12 14 17 15 15 16 16 18 18 14 12 5 14 10 11 9 8 8 15 10 13 12 8 8 9 12 10 10 11 11 11 8 12 10 4 5 9 6 2 7 10 8 6 15 5 14 15 11 14 15 17 9 9 10 10 9 11 9 8 14 12 14 9 9 10 12 13 14 11 14 11 11 14 10 8 14 
18 12 14 14 14 15 14 15 11 13 14 8 14 10 9 11 4 10 5 9 4 3 9 8 5 3 4 7 8 9 10 11 16 13 10 12 11 10 7 9 10 9 16 13 15 11 16 14 15 15 15 19 14 14 12 13 8 15 7 3 3 2 0 2 0 4 6 6 5 12 3 10 11 12 11 12 14 10 16 9 12 15 9 11 14 7 12 11 16 11 12 12 10 14 12 13 12 16 11 12 
14 11 13 11 11 12 7 9 8 5 5 2 14 9 9 10 9 15 9 10 11 12 10 9 13 15 9 11 10 15 12 12 11 8 6 3 4 8 2 10 11 10 9 8 10 13 14 14 13 18 18 17 18 17 16 16 15 13 11 9 9 13 6 9 3 6 7 1 5 10 13 8 10 10 17 13 13 14 7 11 9 14 11 13 12 14 15 16 16 13 17 11 9 11 7 5 8 8 5 7 
8 9 12 12 11 8 14 12 13 9 10 12 17 11 5 11 10 12 12 12 15 15 16 18 17 12 17 12 11 11 5 5 2 2 10 6 7 8 11 7 11 12 12 16 12 11 11 12 16 15 19 19 16 15 15 15 12 15 10 2 9 4 6 5 6 3 5 6 8 7 9 11 3 7 8 14 13 8 10 10 9 10 9 8 11 10 14 14 16 14 15 19 18 11 13 9 7 7 7 7 
11 11 14 10 13 5 7 4 5 7 10 12 17 14 11 13 15 17 16 13 11 9 15 9 9 13 19 18 17 11 6 1 -3 3 2 5 11 10 12 8 6 5 -1 -3 -1 1 5 13 11 7 7 7 4 4 0 0 5 8 14 14 15 18 25 25 31 43 60 88 114 136 134 147 146 152 110 22 -75 -136 -141 -105 -54 -19 -4 4 0 20 33 52 75 104 134 160 171 182 189 187 182 186 189 202 
216 236 263 307 329 348 370 388 447 509 575 617 615 587 541 451 357 240 121 40 -39 -110 -152 -177 -180 -170 -153 -131 -101 -80 -47 -14 21 51 85 113 139 151 160 170 161 155 145 131 110 93 76 61 52 37 12 -28 -43 -70 -85 -108 -127 -139 -147 -168 -192 -205 -218 -234 -247 -255 -274 -273 -289 -296 -296 -290 -278 -268 -257 -240 -225 -199 -180 -156 -138 -119 -104 -93 -92 -90 -86 -75 -51 -36 -13 0 5 19 24 31 33 31 30 36 
40 42 51 60 76 88 102 110 123 133 144 151 156 169 170 178 180 188 187 188 184 181 181 170 160 151 139 129 120 110 99 89 78 70 62 46 38 21 7 -4 -15 -25 -42 -53 -66 -75 -83 -99 -109 -121 -133 -141 -150 -162 -172 -174 -184 -190 -192 -195 -201 -202 -204 -201 -204 -199 -189 -184 -173 -166 -150 -146 -137 -123 -117 -108 -93 -83 -76 -65 -44 -41 -21 -6 4 22 37 48 64 74 84 103 113 126 137 144 153 162 167 173 
180 189 195 189 190 190 193 198 192 188 188 186 187 178 172 163 162 149 142 140 129 119 110 99 89 80 67 59 51 36 26 17 4 -7 -11 -20 -31 -36 -46 -50 -61 -65 -77 -87 -96 -98 -104 -107 -108 -108 -110 -114 -113 -118 -124 -124 -125 -122 -126 -128 -129 -128 -132 -135 -134 -133 -134 -127 -124 -112 -96 -83 -64 -44 -20 5 23 48 72 92 115 130 149 161 175 184 188 187 187 188 182 180 181 174 178 180 187 189 186 185 
182 178 173 161 160 152 146 141 132 130 129 122 120 109 101 85 78 59 38 22 2 -14 -23 -39 -54 -65 -72 -84 -90 -100 -108 -113 -122 -133 -131 -146 -147 -149 -154 -146 -147 -138 -135 -121 -114 -104 -101 -88 -86 -79 -71 -72 -71 -69 -60 -63 -51 -53 -40 -32 -23 -13 -8 5 17 26 29 42 53 63 70 79 80 89 95 98 99 98 98 95 93 89 87 84 74 74 66 65 65 65 69 64 72 76 76 79 78 75 77 66 
62 47 36 27 14 4 -2 -11 -20 -20 -16 -19 -17 -17 -15 -13 -13 -10 -10 -3 -6 -7 -6 -10 -16 -20 -25 -31 -32 -34 -38 -38 -39 -35 -32 -32 -21 -23 -17 -12 -10 -9 -6 -3 -1 2 5 5 12 10 12 13 16 17 13 8 8 6 6 8 9 11 19 20 24 29 28 29 28 34 29 33 29 31 34 36 34 35 34 34 37 37 38 34 35 36 31 25 24 19 19 15 15 10 8 11 8 4 7 7 
1 -2 -2 -1 -10 -9 -13 -15 -10 -5 -4 1 9 12 14 16 18 18 11 11 4 -7 -17 -24 -34 -39 -37 -39 -31 -24 -9 2 8 21 26 32 32 38 39 38 33 35 28 25 25 26 15 10 8 2 2 -6 -8 -7 -1 4 12 16 31 32 37 39 36 33 29 25 16 3 -5 -10 -17 -19 -19 -20 -16 -13 -8 -5 2 2 3 10 6 6 7 8 8 12 14 15 18 16 18 20 22 15 19 17 18 19 
23 25 33 34 35 31 32 34 31 28 20 19 17 15 17 10 15 19 15 19 23 21 24 25 24 24 24 25 18 18 18 9 11 7 9 6 9 2 7 8 9 9 11 12 9 11 14 19 22 25 24 28 31 25 25 25 24 23 21 22 20 19 19 14 15 11 9 4 4 -5 -9 -16 -20 -22 -23 -21 -23 -16 -7 -7 -3 2 7 7 8 11 15 15 20 15 15 15 17 18 20 19 20 15 14 6 
2 -4 -6 -8 -10 -11 -9 -5 1 8 14 20 27 29 32 31 32 30 27 26 21 19 17 20 16 14 15 15 11 15 10 13 11 3 3 4 1 0 2 3 7 7 10 11 7 9 6 4 9 12 6 5 8 5 8 10 8 15 11 16 20 19 23 21 22 16 17 14 15 13 12 15 7 13 20 18 21 26 20 27 23 23 21 16 10 9 6 0 -2 -1 -2 -1 2 5 5 9 11 13 13 15 
15 7 9 6 -1 2 -3 -3 -6 -7 -6 -14 -10 -10 -9 -11 -7 1 4 5 11 15 22 25 33 31 32 30 30 29 28 21 23 23 15 18 13 12 13 10 11 12 11 12 7 8 6 9 11 6 8 7 6 7 6 10 8 6 4 4 3 6 6 6 4 3 0 3 8 12 17 16 27 24 29 34 34 37 32 36 33 30 32 25 25 24 18 10 13 12 5 8 8 12 13 6 9 16 14 12 
8 12 5 7 10 16 10 14 16 17 17 14 14 16 17 12 9 14 11 8 5 8 9 11 5 9 11 10 10 8 10 8 10 8 6 -1 0 -5 -4 0 2 3 8 9 9 11 8 13 14 12 9 6 3 -1 0 -4 6 4 11 13 23 28 40 60 70 88 110 136 143 144 101 50 -46 -122 -255 -298 -263 -170 -102 -12 35 80 108 135 154 165 158 145 127 117 102 95 103 119 138 186 213 276 322 324 
313 322 331 318 287 239 211 185 162 133 121 117 114 116 108 104 96 88 77 67 55 42 31 32 31 35 40 44 46 46 40 23 24 30 23 29 25 27 25 19 8 -4 -20 -34 -48 -56 -64 -71 -85 -93 -92 -88 -94 -101 -115 -122 -131 -143 -151 -156 -152 -149 -152 -157 -159 -163 -164 -164 -160 -153 -147 -134 -121 -100 -70 -37 -8 16 39 56 68 85 102 107 115 124 130 131 131 134 132 130 122 125 114 113 101 104 98 95 
88 84 83 81 82 81 76 74 82 75 68 62 49 43 31 17 3 -12 -26 -41 -54 -72 -89 -99 -106 -105 -104 -111 -113 -103 -80 -69 -58 -47 -36 -30 -30 -31 -31 -32 -38 -48 -53 -56 -67 -72 -76 -73 -79 -79 -79 -77 -72 -74 -71 -67 -64 -63 -58 -51 -43 -32 -26 -15 -5 2 12 18 23 26 30 29 30 35 42 40 45 46 48 47 49 52 47 52 55 47 46 49 50 44 45 45 49 50 50 47 48 47 45 41 
39 35 31 19 14 12 9 1 2 -5 -3 -4 0 1 2 1 7 7 4 3 -2 -5 -7 -16 -21 -26 -25 -29 -28 -31 -31 -33 -33 -35 -34 -29 -26 -24 -17 -9 -5 -4 3 6 11 9 13 9 10 9 0 -3 -5 -7 -15 -12 -14 -11 -10 -4 3 8 14 25 25 36 41 40 42 41 42 39 36 34 26 29 20 18 17 9 6 3 -2 1 1 2 2 0 0 -2 6 9 8 13 19 23 21 28 27 28 
32 29 27 32 31 34 32 29 35 34 30 37 37 34 28 32 25 24 19 19 15 14 5 9 0 -3 -7 -16 -20 -32 -36 -45 -52 -59 -60 -67 -64 -65 -63 -54 -54 -45 -52 -42 -35 -33 -31 -33 -28 -29 -28 -28 -23 -23 -24 -20 -13 -8 0 6 14 24 25 27 34 28 35 29 28 29 21 24 13 14 8 5 0 -6 -9 -12 -16 -14 -21 -18 -20 -15 -15 -10 -10 -8 -4 -7 -3 -7 -6 -8 -13 -13 -11 -13 
-13 -18 -14 -16 -16 -8 -17 -8 -9 -6 -9 -7 -6 -3 -2 -3 1 2 -4 2 1 0 1 4 -1 -1 -4 -2 -7 -1 -1 5 4 6 7 6 14 12 15 15 19 15 18 19 16 19 19 17 15 14 9 9 12 9 7 12 16 18 17 14 19 17 19 14 11 3 -1 -5 -12 -12 -16 -10 -13 -12 -8 -14 -11 -9 -5 -8 -4 -4 -5 -4 -6 -8 -9 -12 -13 -8 -6 -3 -10 0 3 5 9 9 9 14 
11 6 6 9 10 5 5 6 9 10 11 14 14 14 13 15 14 15 13 18 14 14 12 8 11 7 13 12 13 11 12 10 11 10 8 8 9 3 2 5 8 10 4 8 8 13 9 10 11 10 9 10 8 13 10 8 9 3 6 3 1 5 -1 1 3 7 9 13 8 11 13 11 13 17 10 9 8 14 8 6 10 12 12 9 10 17 11 13 13 17 12 15 15 13 12 7 7 7 7 8 
10 4 5 12 9 8 10 9 11 7 10 12 12 14 15 14 13 16 12 14 13 10 7 10 11 9 12 7 11 12 10 8 10 9 9 8 10 10 10 12 8 9 10 9 8 14 7 9 10 10 13 9 11 8 7 9 6 6 7 7 9 13 14 8 11 10 13 8 8 9 9 13 13 12 14 14 11 17 14 12 18 15 14 14 16 11 10 17 15 13 15 20 15 14 15 15 16 9 14 9 
7 12 8 10 12 9 11 12 12 14 8 12 8 13 7 7 7 11 9 7 9 10 11 6 11 9 9 10 17 10 6 16 9 7 15 14 13 18 15 15 15 12 15 10 11 11 7 8 9 9 6 11 12 12 15 12 11 12 11 10 9 8 9 12 10 14 11 12 12 9 10 13 9 7 9 7 11 8 11 10 14 14 5 9 9 11 9 11 10 13 15 18 14 13 21 14 8 14 15 11 
9 8 11 13 7 9 14 11 7 11 10 12 13 14 15 11 10 17 13 13 11 16 10 7 6 6 8 5 6 5 11 7 17 11 12 14 17 10 15 14 13 8 14 9 15 8 15 12 11 12 11 14 15 12 17 15 18 14 17 13 15 14 13 13 11 11 10 7 7 11 11 9 12 11 8 7 8 10 8 11 11 10 8 5 10 10 11 11 11 6 8 6 10 -1 1 7 11 9 7 11 
13 15 9 8 14 20 17 23 22 19 21 20 14 17 16 15 6 9 6 -1 3 5 1 0 -3 -2 -5 -8 -10 -11 -9 -11 -14 -14 -9 -8 -3 -6 -2 5 7 8 11 10 7 7 7 -1 3 2 3 0 0 0 3 -2 -1 -6 -8 -4 -10 -9 -6 -4 -1 5 6 10 7 6 6 11 22 23 37 58 76 97 109 127 128 120 89 96 48 -32 -167 -193 -223 -208 -174 -150 -126 -93 -87 -71 -64 -60 -55 -64 
-66 -72 -82 -97 -129 -151 -162 -158 -130 -103 -60 -7 49 98 165 234 306 390 463 518 539 541 523 466 368 266 157 64 -25 -55 -111 -138 -158 -162 -156 -143 -115 -88 -54 -29 -2 30 54 83 114 133 147 157 147 122 94 73 45 26 3 -19 -27 -32 -47 -81 -103 -127 -158 -189 -212 -238 -263 -276 -289 -292 -287 -294 -296 -295 -305 -307 -310 -312 -323 -330 -333 -328 -320 -306 -276 -239 -195 -146 -97 -57 -9 35 78 121 147 178 190 205 219 228 
230 234 235 235 233 235 240 237 252 263 270 273 275 272 275 264 259 241 228 209 189 173 153 128 108 89 74 58 39 24 13 -5 -10 -21 -26 -35 -41 -53 -54 -62 -67 -79 -81 -95 -99 -105 -111 -118 -118 -120 -128 -128 -135 -136 -139 -140 -140 -137 -139 -139 -140 -137 -137 -133 -134 -131 -128 -129 -128 -122 -115 -115 -108 -104 -97 -95 -88 -76 -73 -65 -56 -49 -43 -35 -29 -20 -17 -7 2 6 11 18 21 30 28 36 45 45 54 59 
57 64 67 73 70 77 78 79 88 92 92 92 92 99 102 97 107 102 103 95 105 100 90 94 93 91 85 83 77 70 69 68 61 58 54 52 48 44 36 34 26 20 15 11 10 9 2 -1 -7 -8 -11 -14 -21 -22 -27 -28 -30 -34 -35 -32 -38 -40 -44 -46 -47 -47 -50 -52 -49 -59 -63 -62 -61 -67 -64 -64 -65 -69 -67 -61 -66 -67 -60 -62 -61 -58 -57 -53 -49 -40 -37 -28 -25 -20 -17 -13 -10 -4 2 7 
10 15 21 28 36 42 41 49 54 52 56 61 64 67 71 72 78 79 80 83 82 82 84 82 77 80 76 73 69 66 61 49 50 44 40 33 28 27 18 17 11 10 3 0 -6 -9 -16 -17 -22 -20 -20 -24 -24 -25 -25 -29 -27 -27 -22 -21 -20 -20 -15 -12 -5 -3 2 7 8 12 12 20 18 21 23 27 22 29 29 29 28 26 30 28 26 25 24 23 25 20 17 12 12 12 9 4 4 -1 -1 -3 
-4 -4 -3 -1 -4 -2 -2 -2 -2 -2 -1 -1 5 6 10 12 13 14 13 22 24 20 24 26 26 31 29 28 24 26 27 22 19 17 14 12 17 16 13 11 12 12 14 11 10 11 10 6 6 4 3 4 6 2 2 1 2 7 8 6 4 8 10 17 11 14 16 16 22 20 26 20 24 16 22 26 18 21 17 15 15 17 16 19 22 15 15 15 16 20 9 12 11 13 7 9 8 5 6 5 
8 7 8 9 9 10 9 8 8 7 6 8 11 15 10 12 12 12 10 14 9 12 12 11 16 12 14 12 14 10 12 11 10 15 7 9 12 9 9 10 11 7 11 10 13 10 11 9 9 10 17 15 10 15 11 11 14 8 9 9 12 12 13 10 10 11 12 14 12 12 12 6 11 9 9 10 10 6 10 12 10 9 13 7 8 7 11 12 8 9 12 12 11 12 14 9 12 15 11 11 
15 13 13 14 10 14 11 12 11 9 11 14 13 13 5 11 9 10 9 14 8 10 12 11 11 12 7 6 7 8 10 7 14 15 14 14 10 15 13 17 17 14 11 13 12 12 11 11 12 13 16 14 14 9 10 6 5 4 1 3 9 2 11 11 11 11 12 14 21 15 20 14 18 20 17 15 11 10 12 10 11 7 7 11 9 11 8 8 10 10 12 14 17 14 17 17 17 18 17 14 
16 16 17 15 11 7 8 2 1 -3 -3 -5 1 -5 -5 0 3 4 2 9 14 14 9 12 11 11 16 19 15 20 26 28 27 27 20 24 21 18 17 13 9 10 3 2 3 -2 0 1 0 4 4 6 5 8 15 8 8 13 18 19 21 17 19 15 15 10 9 12 8 4 2 2 1 6 7 5 8 11 9 15 16 15 18 14 21 18 19 12 17 17 12 11 7 9 6 4 7 7 4 10 
6 11 8 11 13 12 9 12 16 13 10 13 16 15 10 11 9 14 9 7 11 11 9 7 9 12 8 8 13 12 11 10 11 12 14 13 16 14 14 12 16 12 12 10 8 7 8 6 5 9 2 6 7 9 11 7 12 14 10 8 8 13 8 12 6 8 6 7 7 4 9 8 11 8 10 15 12 16 12 12 15 14 15 19 19 17 20 28 23 24 21 22 -5 -2 -3 6 5 6 3 3 
12 13 16 13 17 21 16 18 15 13 11 19 20 24 24 18 19 11 8 4 10 7 4 4 0 0 -4 0 0 1 8 4 5 4 5 7 8 9 13 16 16 17 18 21 19 24 26 33 33 43 44 39 32 14 3 -16 -18 -14 -5 1 0 5 12 17 12 6 3 6 2 -5 -3 -4 -6 -10 -8 -16 -21 -20 -8 12 20 42 54 65 87 90 54 22 -76 -140 -186 -139 -103 -62 -67 -76 -113 -164 -186 -168 
-154 -111 -75 -33 7 32 51 48 52 68 86 106 116 131 160 179 183 223 281 317 385 402 412 438 433 413 358 285 182 73 -72 -194 -286 -318 -333 -319 -287 -244 -207 -164 -119 -85 -47 1 40 79 117 143 170 188 208 217 212 210 188 165 126 89 44 -1 -31 -68 -93 -111 -142 -188 -237 -286 -326 -371 -417 -465 -492 -530 -569 -601 -628 -636 -624 -614 -598 -573 -553 -532 -500 -471 -437 -405 -367 -335 -305 -272 -244 -203 -163 -119 -76 -34 1 26 
58 82 100 117 131 140 155 165 173 186 195 200 208 216 218 226 226 234 241 246 242 239 234 229 222 215 208 201 182 171 166 155 147 142 133 122 118 106 105 106 94 88 83 77 69 56 44 26 14 -7 -18 -35 -54 -76 -83 -100 -111 -120 -139 -146 -154 -165 -171 -177 -185 -190 -193 -194 -199 -204 -195 -200 -200 -200 -195 -190 -187 -183 -176 -171 -162 -154 -148 -138 -126 -120 -107 -95 -84 -73 -62 -46 -34 -21 -5 8 22 32 44 53 
63 77 85 97 109 113 120 134 143 146 150 155 164 162 159 160 164 160 158 158 159 158 155 146 141 136 130 121 110 101 98 88 80 75 65 59 53 46 36 27 23 12 6 -3 -13 -18 -22 -29 -41 -46 -54 -66 -67 -72 -76 -80 -81 -85 -90 -92 -91 -92 -93 -91 -88 -93 -89 -85 -84 -83 -75 -69 -62 -61 -46 -45 -38 -25 -20 -13 -5 -1 2 15 23 26 32 40 39 42 49 50 58 60 64 65 71 71 76 75 
75 77 70 72 74 70 71 67 64 62 65 57 55 51 47 44 39 35 27 25 20 19 14 14 12 10 5 5 0 -1 -8 -11 -14 -14 -17 -21 -27 -24 -30 -29 -32 -33 -33 -38 -35 -33 -33 -36 -35 -35 -31 -30 -31 -24 -24 -16 -12 -14 -12 -8 1 1 8 6 14 13 16 17 19 18 20 20 23 24 27 27 33 28 32 32 35 37 36 38 37 31 31 28 29 28 29 27 29 27 26 22 19 20 12 11 
6 5 1 -4 2 -2 -4 0 -3 0 -2 -5 -5 -6 -4 -6 -6 -5 -2 1 1 6 7 3 9 12 13 12 15 16 14 18 15 15 13 13 14 16 19 19 19 22 23 22 19 20 24 18 13 20 17 15 13 14 17 17 18 15 16 11 14 9 4 7 7 4 7 5 7 6 3 11 5 5 10 11 11 10 7 9 8 11 9 10 12 12 10 14 11 10 12 17 13 15 12 10 16 15 12 11 
14 10 9 10 4 11 10 12 10 5 13 14 12 13 14 14 9 14 14 10 11 13 14 14 12 14 12 17 15 14 15 12 13 10 12 10 10 11 10 9 9 7 12 12 9 11 14 11 14 15 13 11 14 13 12 9 11 14 11 13 9 11 13 10 12 15 7 12 8 9 6 13 6 9 9 12 14 12 8 8 10 12 7 8 7 9 11 6 12 8 12 11 14 15 14 15 14 12 14 11 
13 10 14 13 9 18 12 17 20 19 19 17 16 18 14 18 12 11 11 10 7 4 2 9 7 10 11 5 13 13 14 12 11 11 10 14 9 19 17 19 20 17 17 9 9 9 3 1 5 2 9 9 2 6 14 15 15 14 15 16 11 11 11 9 9 9 7 12 9 8 10 11 7 10 7 2 7 1 4 4 4 -1 0 5 5 6 1 9 6 8 4 10 9 10 17 15 16 15 13 15 
17 15 17 18 19 18 16 19 14 14 15 17 15 13 8 9 13 9 12 13 11 11 13 13 9 8 7 12 16 14 6 9 8 14 11 6 14 11 14 12 16 8 13 12 10 7 12 11 7 2 4 4 1 8 4 4 4 -2 5 6 4 1 5 -6 0 -5 -1 -2 -3 2 2 -2 5 3 1 2 8 9 9 12 7 14 12 16 17 17 17 20 17 23 22 22 23 25 19 22 25 18 19 18 
20 21 14 18 16 11 16 8 9 9 12 5 8 10 7 8 6 8 8 6 6 6 9 6 9 9 12 18 14 13 12 14 18 13 14 12 10 7 7 8 10 10 9 8 11 12 12 11 11 4 6 4 4 7 10 11 14 16 15 17 17 23 23 20 24 20 23 26 16 14 16 17 14 17 13 13 10 10 12 12 3 7 5 3 7 7 5 9 9 4 7 -5 1 0 8 14 3 -1 -1 1 
-2 3 8 8 8 6 12 5 6 9 9 10 8 12 11 12 11 5 1 6 6 8 6 7 8 5 3 6 2 2 -1 10 20 32 42 45 61 82 128 175 236 288 203 160 81 -186 -333 -243 -200 -163 -116 -25 63 90 63 31 6 -15 -35 -47 -45 -51 -53 -81 -88 -66 -65 -43 -14 15 64 115 165 210 251 318 352 376 392 371 360 352 330 306 278 247 211 159 115 64 7 -49 -98 -137 -186 -240 -278 -241 -145 -85 
-12 53 119 183 155 136 123 104 110 123 131 127 104 57 -5 -102 -164 -229 -265 -288 -273 -273 -338 -361 -379 -400 -413 -425 -422 -395 -354 -326 -319 -318 -322 -323 -322 -314 -314 -323 -342 -359 -381 -401 -413 -424 -434 -428 -415 -391 -360 -318 -272 -223 -177 -121 -75 -30 8 41 64 85 102 121 132 146 161 176 174 168 173 194 218 266 298 325 347 347 349 342 299 265 259 243 207 173 135 126 108 92 76 66 56 49 41 29 18 15 12 9 
11 28 32 53 62 77 81 82 82 82 74 58 40 21 -3 -18 -44 -68 -90 -104 -128 -143 -163 -186 -202 -215 -229 -245 -255 -263 -277 -275 -285 -288 -292 -287 -285 -284 -276 -276 -262 -248 -239 -229 -216 -204 -187 -175 -159 -138 -118 -104 -78 -58 -40 -14 6 27 48 67 81 104 117 133 150 163 177 189 204 212 222 233 240 248 258 260 262 259 257 249 244 237 232 219 213 206 191 187 174 166 150 139 127 117 100 84 74 58 44 27 
21 1 -3 -21 -32 -42 -53 -61 -73 -85 -96 -103 -107 -112 -118 -123 -124 -123 -125 -124 -121 -117 -111 -110 -108 -102 -96 -89 -86 -79 -70 -59 -56 -44 -35 -29 -22 -12 -10 -1 7 14 22 26 34 45 46 54 58 60 68 74 78 80 77 77 78 80 77 77 76 70 64 70 58 57 56 49 50 44 38 34 28 27 23 14 10 10 4 1 -3 -8 -9 -7 -7 -9 -8 -9 -8 -8 -8 -6 -13 -6 -9 -8 -9 -5 -8 -7 
-10 -7 -7 -8 -2 4 0 6 5 11 9 11 10 12 18 17 16 23 20 23 23 27 27 24 24 26 24 23 28 28 30 28 28 29 23 23 22 16 21 15 18 19 15 14 16 14 13 17 20 16 14 16 13 12 14 10 7 9 15 8 15 13 16 14 14 9 12 9 2 7 7 5 4 2 5 6 7 9 5 9 7 11 2 10 4 3 7 2 7 7 8 9 10 11 17 20 18 18 22 21 
24 24 17 19 22 20 17 18 17 13 18 17 12 13 15 15 14 16 11 14 8 10 5 10 2 3 2 -1 0 1 3 1 -2 2 4 -1 2 2 0 2 6 4 4 7 13 14 14 14 14 18 20 16 18 17 21 22 23 20 20 23 18 17 12 14 10 12 9 8 7 17 11 7 5 6 8 2 3 2 1 3 1 0 7 1 1 5 3 7 6 6 10 9 7 8 4 3 3 8 3 5 
4 11 14 15 17 16 22 17 18 18 18 17 18 13 15 17 14 13 16 13 9 8 7 6 7 5 3 3 1 -3 -3 -6 -9 -3 -6 -6 -2 -1 1 1 1 2 2 4 8 6 10 8 13 12 16 17 17 19 20 17 18 18 18 21 16 13 13 14 11 11 11 14 4 9 9 8 12 3 8 4 7 0 6 -1 6 10 3 6 3 3 6 6 12 8 16 13 14 18 12 18 17 17 14 13 
15 9 14 10 12 8 7 5 7 10 8 10 8 9 10 8 6 6 5 6 5 3 7 5 8 5 9 10 7 7 10 8 5 12 9 4 9 13 10 12 13 13 13 10 14 13 9 12 10 7 8 7 11 13 10 15 9 9 10 7 7 5 11 15 9 6 7 7 8 6 8 5 8 4 6 7 4 2 7 6 4 5 7 7 8 6 9 6 10 14 9 9 12 9 13 12 17 9 12 13 
11 11 13 12 14 15 9 11 11 13 11 11 8 11 5 11 8 7 6 10 13 10 12 13 7 7 7 7 8 9 7 9 13 12 12 10 15 16 17 10 12 15 11 9 12 11 6 14 13 9 14 6 13 7 14 14 12 13 10 12 8 12 8 11 13 9 8 11 12 9 14 11 14 15 13 13 15 16 16 15 14 15 13 14 13 12 10 10 9 11 14 15 13 14 9 10 13 9 12 8 
8 11 9 13 9 8 9 9 10 9 6 11 7 11 12 9 10 12 9 7 7 11 10 7 10 13 10 9 10 10 13 9 7 11 9 11 9 8 6 8 9 10 11 13 10 11 11 4 8 6 4 8 7 7 10 11 13 12 14 16 19 16 11 15 15 15 15 17 16 14 15 13 17 13 11 8 7 12 10 7 7 7 7 3 9 6 9 11 7 11 9 9 12 15 14 18 13 14 10 11 
11 10 12 12 11 8 1 0 8 9 11 10 10 7 17 14 13 10 3 4 7 13 10 6 12 14 17 18 9 11 7 8 10 11 10 11 13 7 2 1 4 4 8 8 4 -3 -6 -5 -5 3 12 18 23 39 33 22 40 46 59 101 165 154 14 -177 -318 -364 -371 -308 -237 -148 -58 22 62 97 103 90 87 87 103 148 213 290 363 434 508 587 651 711 754 781 780 765 739 687 644 588 520 449 382 314 
253 192 128 43 -9 -38 -79 -31 48 82 126 138 131 116 100 77 72 65 68 63 29 -16 -57 -117 -172 -230 -262 -270 -216 -128 -140 -157 -177 -245 -287 -332 -361 -376 -359 -329 -310 -290 -305 -331 -347 -353 -341 -312 -280 -234 -194 -187 -197 -194 -175 -157 -126 -90 -54 -21 19 57 84 102 112 124 128 139 150 155 162 160 158 157 159 156 149 152 145 143 150 148 147 148 158 161 162 158 157 156 157 161 161 157 152 143 137 130 119 114 
101 95 89 75 67 57 44 36 25 13 8 -1 -12 -23 -35 -46 -53 -61 -75 -79 -90 -96 -101 -103 -115 -116 -124 -135 -136 -144 -153 -155 -162 -168 -171 -177 -179 -185 -189 -193 -192 -197 -195 -199 -200 -207 -201 -201 -199 -200 -198 -188 -188 -180 -172 -164 -158 -146 -137 -128 -114 -104 -89 -70 -61 -40 -25 -3 10 29 47 69 92 110 130 148 160 178 189 198 212 221 230 231 242 252 253 255 258 257 257 254 257 253 247 241 234 227 220 214 
204 196 183 171 160 147 141 126 111 98 83 65 53 37 24 9 -4 -19 -33 -45 -53 -61 -71 -81 -86 -97 -102 -107 -115 -117 -122 -124 -125 -130 -132 -130 -134 -135 -132 -125 -129 -123 -127 -127 -125 -125 -125 -123 -115 -111 -114 -105 -101 -98 -93 -86 -83 -74 -66 -58 -52 -39 -34 -24 -6 0 10 17 31 33 46 54 68 70 77 83 94 94 98 105 106 116 121 127 135 132 135 127 127 126 124 119 118 114 110 106 105 98 95 90 
86 75 72 62 55 47 37 35 24 16 5 2 -4 -9 -17 -21 -25 -32 -35 -47 -46 -48 -54 -53 -58 -57 -64 -61 -58 -57 -60 -56 -54 -51 -48 -52 -47 -44 -39 -38 -37 -35 -25 -20 -24 -11 -12 -4 -4 4 2 11 15 19 21 20 19 19 29 31 28 29 33 30 29 37 33 29 30 37 36 34 36 40 37 34 36 33 31 29 31 31 33 34 31 35 31 32 35 35 32 30 28 24 23 22 22 21 21 14 
16 11 12 9 6 8 7 5 3 3 5 3 0 -3 -8 -8 -7 -10 -10 -12 -11 -13 -14 -13 -8 -10 -11 -8 -4 -3 -5 1 0 1 7 2 7 3 9 7 10 11 8 13 16 16 17 17 16 19 14 19 17 18 17 17 14 17 18 18 12 13 15 15 16 17 17 18 15 17 19 14 20 18 16 17 16 16 15 16 13 11 10 9 8 2 1 1 1 1 3 3 -1 2 2 -2 4 1 -6 -1 
-4 -9 -6 -5 -6 -10 -12 -11 -13 -14 -12 -13 -15 -12 -15 -11 -7 -7 -5 -3 0 1 4 3 5 12 7 7 12 7 14 18 19 20 18 25 18 22 24 18 21 15 21 19 15 9 15 10 14 9 18 9 8 6 2 7 3 4 5 7 7 3 3 7 6 9 5 10 13 13 12 12 14 12 14 12 17 16 18 15 8 12 12 12 13 13 11 9 11 12 8 9 8 10 6 10 9 6 9 11 
8 10 9 9 11 9 8 12 11 13 8 13 8 11 11 14 10 11 14 12 13 15 12 15 12 11 10 9 13 11 17 12 16 13 10 8 9 9 5 7 6 9 5 10 10 11 6 6 10 6 9 8 7 4 1 8 4 4 3 5 0 3 0 6 9 6 6 9 8 9 10 9 11 7 14 11 13 11 11 12 6 9 9 12 12 10 16 10 16 5 10 10 7 9 4 3 8 8 8 8 
9 12 11 11 11 10 12 10 9 8 9 8 6 11 11 15 8 12 13 13 10 14 12 15 12 13 10 14 13 16 11 8 9 12 10 10 8 10 12 14 8 9 8 6 8 6 9 12 9 13 9 13 11 11 12 12 9 6 13 13 12 6 13 7 10 10 14 13 12 12 11 11 9 11 12 15 8 10 12 13 9 15 15 9 11 11 11 15 11 16 13 10 11 13 10 9 12 11 11 13 
8 10 11 11 10 8 8 6 11 9 8 8 13 10 5 11 11 7 7 10 9 12 13 13 14 14 16 14 11 12 6 13 8 8 7 7 8 11 19 11 14 10 11 15 13 8 11 11 9 12 8 14 12 12 8 9 11 12 14 13 9 12 11 14 8 10 11 12 10 6 9 10 11 12 14 13 13 13 16 14 13 16 13 10 8 13 12 10 9 12 11 1 -1 2 6 11 14 9 2 -4 
-5 -1 -3 4 4 8 7 9 10 16 11 11 13 19 18 18 14 15 15 15 17 15 14 12 15 13 8 11 12 17 16 13 8 2 2 6 9 13 13 5 7 6 9 7 7 9 9 15 5 6 -2 1 10 8 17 15 14 10 7 4 7 16 14 7 6 8 1 -6 -9 -2 3 3 1 5 6 5 12 11 10 13 19 14 17 15 6 1 1 1 10 13 11 12 10 5 1 -6 -5 -15 -11 -4 
12 21 30 50 73 90 97 102 39 -52 -139 -189 -208 -186 -159 -110 -76 -37 6 47 87 100 96 96 90 85 89 108 164 250 343 446 542 647 732 804 843 871 882 879 874 857 831 790 744 674 606 532 471 403 344 286 231 182 124 94 104 156 138 145 133 139 126 107 89 62 37 22 14 -17 -60 -110 -130 -131 -124 -94 -72 -15 39 15 5 -32 -57 -86 -91 -79 -55 -30 -27 -42 -83 -117 -125 -121 -80 -50 -31 -40 -55 -55 
-48 -34 -18 -4 11 23 39 51 66 65 84 95 102 105 108 105 99 98 97 99 99 102 106 105 106 104 95 78 72 61 53 55 58 57 72 81 93 93 94 94 91 84 79 65 59 46 36 25 12 3 -7 -17 -31 -40 -48 -59 -45 -80 -75 -90 -85 -94 -92 -96 -103 -107 -111 -103 -110 -111 -113 -115 -117 -119 -117 -117 -124 -121 -121 -117 -112 -112 -109 -113 -102 -100 -95 -87 -84 -83 -78 -74 -72 -64 -66 -61 -52 -49 -38 -32 
-19 -18 -14 -2 4 12 16 28 40 41 51 59 67 73 79 92 97 93 105 112 114 117 120 123 126 128 124 128 126 126 124 123 120 116 112 106 108 101 98 100 91 88 77 75 64 56 53 46 39 31 26 19 13 4 2 -5 -10 -15 -18 -22 -27 -33 -38 -38 -46 -51 -51 -55 -52 -57 -58 -61 -65 -61 -59 -56 -53 -55 -51 -55 -55 -50 -46 -46 -42 -44 -41 -41 -32 -35 -29 -23 -26 -25 -21 -15 -16 -10 -10 -7 
-3 -2 4 5 13 15 16 22 25 31 38 40 44 47 46 47 48 45 47 53 49 47 45 52 55 49 51 53 47 46 44 48 44 46 43 43 41 39 34 38 36 35 30 27 27 22 20 16 16 12 14 10 5 1 1 1 -4 -2 -3 -2 -8 -7 -15 -16 -19 -18 -21 -23 -25 -22 -18 -19 -21 -21 -21 -23 -25 -23 -25 -23 -21 -21 -19 -18 -19 -21 -17 -15 -15 -16 -13 -12 -6 -3 -4 -6 -3 2 3 1 
5 5 9 11 13 9 13 15 16 18 16 15 15 19 13 19 17 17 22 16 16 17 15 17 16 16 18 16 16 19 18 15 15 12 11 11 10 5 13 4 7 2 5 8 5 8 8 7 6 7 8 5 5 5 1 4 3 1 2 -2 -3 -3 -3 -8 -4 -5 -6 -2 -1 0 1 2 1 9 -1 5 9 10 12 10 15 15 11 13 17 17 22 21 17 21 18 22 20 14 20 15 17 11 12 12 
9 12 10 9 6 8 6 10 7 6 8 8 -1 6 9 1 4 6 3 3 5 7 7 9 8 8 6 13 11 13 15 10 11 8 10 7 13 15 10 12 15 10 15 14 17 19 15 16 15 14 11 16 16 10 11 8 10 6 9 10 10 11 11 6 9 11 13 13 10 13 11 15 11 13 9 9 8 10 8 10 9 5 6 5 4 7 4 6 6 8 9 11 13 10 6 6 5 11 14 9 
16 13 17 19 16 16 11 12 10 13 13 11 12 6 11 7 12 8 11 1 7 5 10 5 6 7 14 9 10 11 13 12 10 12 11 9 7 10 16 12 10 10 17 13 16 17 16 16 14 17 20 20 18 16 10 13 15 14 17 17 11 15 17 14 14 6 7 5 1 -2 -3 2 3 2 6 11 6 9 11 11 9 17 17 18 15 26 16 17 17 13 13 15 16 12 12 15 8 8 9 11 
12 10 12 9 8 7 7 7 11 10 11 13 10 12 9 15 12 11 9 10 9 12 11 13 15 9 11 12 14 9 13 9 13 12 18 10 15 13 13 13 15 14 14 12 14 7 12 10 15 13 14 14 17 9 5 4 4 -2 1 5 6 4 9 8 7 6 10 4 8 9 6 8 8 10 9 12 14 15 9 12 14 16 9 9 12 11 8 17 14 14 15 14 18 14 16 11 10 15 15 15 
8 11 6 12 7 10 8 13 13 12 9 10 8 13 9 9 15 9 15 10 11 14 18 14 16 15 17 17 18 18 13 12 10 8 11 9 10 7 7 4 8 11 7 10 13 11 11 14 12 12 8 11 12 14 15 14 15 13 10 11 9 8 10 13 11 15 10 15 14 14 10 14 15 15 17 12 9 10 9 9 11 10 10 13 11 6 8 12 7 8 6 9 7 14 17 16 12 4 -4 -5 
-7 -8 -5 5 12 13 16 10 7 8 10 11 17 18 17 12 11 12 11 13 20 21 19 18 12 8 4 2 0 5 6 -3 -12 -17 -20 -29 -27 -26 -19 -17 -16 -10 -9 -14 -22 -21 -23 -15 -8 -7 -4 -2 2 5 6 6 5 13 10 8 13 10 16 13 13 29 45 74 97 127 111 87 89 32 -27 -98 -44 -65 -30 -5 0 -3 -4 1 26 38 57 69 76 89 102 110 112 113 111 139 175 218 262 303 
349 407 451 515 575 630 679 717 749 725 683 665 683 657 599 507 406 332 258 189 151 127 43 -13 -57 -69 -71 -37 8 39 74 105 121 130 125 123 102 78 48 16 -4 -1 8 21 34 60 90 94 69 35 14 -5 -30 -55 -69 -63 -78 -108 -122 -125 -132 -138 -126 -112 -101 -93 -84 -83 -84 -81 -75 -67 -49 -28 -15 1 11 16 32 40 44 40 42 45 34 28 22 12 3 0 -5 -2 -8 -5 -4 -6 -8 -7 -5 -2 
8 15 29 36 51 59 69 71 71 69 67 57 45 33 22 16 3 -9 -16 -24 -35 -41 -47 -54 -58 -66 -67 -70 -74 -77 -76 -79 -81 -80 -77 -78 -78 -81 -77 -75 -76 -73 -73 -74 -71 -70 -69 -66 -69 -63 -61 -61 -56 -56 -59 -56 -55 -51 -50 -48 -45 -42 -34 -35 -34 -25 -20 -17 -15 -7 -1 3 14 13 22 27 35 37 43 46 53 53 60 59 63 68 71 71 76 76 79 75 82 80 79 83 84 78 74 69 
69 62 61 55 54 46 44 38 41 33 30 24 17 19 15 12 8 5 0 0 -9 -6 -7 -9 -10 -10 -10 -16 -15 -17 -20 -19 -25 -19 -21 -26 -18 -20 -21 -19 -25 -23 -27 -22 -21 -19 -26 -22 -22 -21 -21 -20 -17 -19 -18 -13 -7 -7 -7 -5 0 3 2 2 5 3 4 2 0 -6 -5 4 0 3 8 6 7 14 18 23 26 25 23 25 28 26 26 30 32 30 35 35 35 37 39 43 41 36 36 34 
35 30 30 26 19 15 12 10 9 7 5 0 -4 -4 -9 -9 -9 -13 -10 -5 -6 -7 -1 -6 -4 -9 -7 -5 -4 -4 -6 -4 -2 0 2 6 7 2 2 5 6 5 7 11 13 10 13 13 10 14 13 13 13 12 10 14 14 11 14 12 14 11 12 15 14 12 13 16 15 19 16 11 16 14 12 13 10 13 13 9 14 6 6 6 9 5 2 5 5 3 1 2 1 6 3 1 3 8 6 11 
8 15 11 7 13 15 14 14 18 18 18 16 18 12 13 15 15 17 21 19 19 18 23 14 16 14 13 10 7 2 9 6 13 10 8 10 10 11 9 6 5 3 2 2 5 13 11 10 11 10 9 5 8 8 4 5 10 9 15 13 16 13 16 10 10 10 18 8 13 14 11 9 9 8 9 7 6 8 10 10 6 10 9 9 12 12 11 14 17 21 18 17 18 13 19 15 9 12 14 14 
11 13 8 7 10 6 4 6 5 9 7 11 13 10 11 8 11 13 10 9 9 10 9 9 9 13 11 14 16 16 15 20 17 12 14 14 9 12 11 12 8 7 6 7 8 5 7 7 13 13 12 14 10 13 12 12 14 7 8 13 10 12 18 14 14 16 17 13 14 12 8 5 11 11 6 13 11 12 10 18 12 8 5 11 9 1 4 3 3 1 3 1 1 2 10 10 8 13 12 9 
15 12 12 6 8 1 0 4 0 3 11 10 11 10 16 15 21 20 14 9 9 10 12 16 12 21 16 14 21 18 15 17 12 12 15 12 12 8 9 6 6 6 10 10 9 9 10 9 12 10 11 8 7 9 12 9 9 13 14 11 10 9 10 10 12 13 17 12 12 17 10 13 9 9 6 13 13 12 12 14 14 14 12 12 10 12 14 12 13 15 13 15 11 12 17 12 13 16 15 13 
16 15 8 11 14 13 10 10 10 11 11 10 11 12 10 8 12 11 10 5 7 7 8 4 8 7 8 10 7 8 12 16 11 14 9 14 12 11 11 13 13 11 16 11 15 15 20 15 21 14 16 14 16 11 15 14 7 6 7 10 8 10 11 9 9 8 6 1 7 0 3 5 2 6 7 3 8 9 8 14 15 14 13 18 15 13 14 17 15 13 21 15 16 10 18 15 14 13 12 13 
17 16 14 10 11 13 8 9 8 10 8 5 10 4 11 4 8 7 7 8 4 8 8 9 12 11 13 13 15 13 8 12 11 10 12 11 8 7 8 10 13 13 11 11 10 10 11 9 9 7 13 13 9 13 13 15 13 15 16 11 13 14 10 17 15 14 13 10 14 12 10 6 10 8 7 7 8 11 8 12 16 16 12 11 9 12 8 21 21 16 19 15 11 8 11 10 5 0 -2 -7 
-6 -10 -8 -10 -8 -1 -4 2 2 4 3 2 4 18 23 24 27 40 75 113 151 184 158 73 -44 -138 -250 -290 -292 -232 -176 -109 -50 -9 28 63 84 90 87 85 85 84 89 116 164 216 271 324 373 433 468 507 529 532 506 524 576 620 650 634 583 492 390 278 182 93 3 -33 -107 -153 -171 -174 -153 -109 -62 -7 51 86 113 132 136 134 126 117 101 71 55 55 41 34 23 30 30 30 39 29 -14 -40 -66 -82 
-85 -76 -67 -74 -77 -80 -87 -82 -81 -84 -85 -89 -100 -101 -105 -115 -107 -100 -85 -69 -45 -29 -7 14 30 35 35 28 17 8 8 1 7 10 11 19 13 4 2 1 2 6 8 19 20 28 38 44 45 52 52 53 51 49 40 41 32 24 17 15 10 9 0 -2 -8 -8 -10 -14 -13 -12 -11 -10 -9 -4 -5 -8 -5 -9 -6 -11 -15 -11 -21 -21 -29 -29 -36 -39 -46 -52 -57 -64 -68 -70 -75 -74 -78 -83 -83 -86 
-85 -86 -85 -82 -80 -81 -79 -76 -72 -71 -69 -62 -59 -57 -55 -50 -46 -42 -39 -34 -26 -19 -14 -8 -5 1 13 17 17 25 27 31 33 41 43 47 49 55 54 56 60 61 61 61 63 59 61 59 60 62 56 55 55 53 51 48 44 39 40 37 35 34 35 26 26 21 16 13 12 1 2 4 3 -2 -6 -5 -11 -4 -9 -8 -7 -5 -6 -6 -12 -11 -13 -17 -24 -25 -28 -31 -37 -42 -43 -46 -46 -54 -57 -58 
-64 -64 -70 -70 -70 -74 -69 -71 -70 -74 -71 -76 -72 -69 -66 -62 -58 -58 -50 -41 -33 -28 -20 -11 -5 -2 8 18 19 33 39 47 61 64 76 79 85 89 93 99 102 110 115 116 120 125 121 125 124 124 123 124 127 126 118 117 112 109 104 93 93 85 78 78 71 61 55 49 44 31 27 18 13 7 -3 -2 -13 -16 -24 -32 -35 -42 -47 -51 -51 -52 -49 -58 -53 -52 -51 -50 -53 -49 -52 -46 -49 -44 -41 -38 
-36 -34 -26 -23 -17 -12 -6 -8 -4 2 -1 0 3 3 8 11 16 21 19 26 29 30 29 28 27 33 33 27 31 31 35 33 36 37 38 44 40 45 46 40 39 41 44 45 39 40 42 43 37 40 40 27 35 31 25 21 19 18 15 18 15 14 12 9 11 10 5 1 2 -2 -8 -5 -11 -12 -6 -5 -4 -6 -7 -3 -3 -2 -1 -1 -4 3 2 5 2 8 13 10 14 18 19 23 21 22 26 20 
24 22 24 26 30 27 26 21 24 20 17 22 18 19 21 17 23 19 21 18 15 19 15 16 13 11 5 8 10 9 11 11 15 9 9 8 9 5 4 4 1 3 10 2 8 9 10 7 12 15 12 10 11 10 12 15 8 13 10 18 16 17 18 17 16 15 15 14 16 14 14 12 11 8 11 11 13 8 9 5 8 8 8 9 8 9 10 7 10 11 12 8 11 7 5 9 10 8 11 5 
9 9 11 15 10 15 15 12 11 13 13 10 15 9 14 8 14 13 13 15 12 9 11 10 6 9 9 11 10 9 12 12 17 13 15 14 11 16 15 12 10 12 9 12 12 11 10 8 7 9 8 7 9 11 10 5 4 9 10 5 17 14 15 15 15 14 12 7 15 9 7 10 9 8 13 13 10 11 9 14 16 11 12 11 16 14 15 14 16 9 15 14 14 11 11 8 8 9 10 3 
6 9 6 7 5 8 6 2 5 6 8 7 10 12 10 9 10 13 13 16 18 16 14 15 12 10 12 15 13 14 11 16 12 10 7 13 6 9 4 7 9 5 5 6 7 5 7 5 3 5 7 8 5 5 10 6 12 5 15 16 14 17 13 14 16 17 16 14 13 13 12 15 14 14 15 16 21 24 19 15 16 14 13 11 10 10 7 10 6 1 2 1 1 0 0 0 -4 2 4 1 
4 5 9 12 17 19 19 20 19 22 24 21 20 18 17 17 17 8 4 10 1 5 0 3 3 6 4 8 8 6 8 9 13 9 16 9 17 12 7 11 14 11 10 9 8 11 12 10 8 9 10 14 7 10 12 14 13 13 13 18 17 15 17 14 11 11 8 5 7 3 8 9 8 6 12 11 11 12 12 10 14 12 15 18 14 17 16 13 9 10 9 4 8 2 6 5 10 5 8 6 
14 19 13 12 11 8 12 8 11 13 11 13 11 12 9 10 12 7 7 10 10 8 10 14 10 13 14 15 17 17 16 11 14 14 13 12 13 7 6 7 6 3 -1 4 3 3 5 7 2 2 9 9 8 8 11 9 15 11 11 12 17 18 18 16 14 16 12 18 16 14 13 15 15 16 14 14 11 7 7 11 6 10 5 7 9 9 8 3 8 12 8 10 7 12 10 12 17 19 17 18 
20 23 18 16 12 19 14 11 11 13 15 15 16 16 13 15 11 8 7 2 6 7 6 8 6 7 2 7 8 4 2 8 16 17 19 21 17 13 6 9 8 14 19 14 21 17 20 14 13 6 -1 1 4 7 12 8 8 4 7 7 7 3 -5 4 14 16 12 17 12 9 7 9 9 11 10 4 1 4 -4 -3 0 2 -3 -3 -8 -9 1 2 6 13 19 27 40 51 68 69 72 56 37 15 
-7 -111 -213 -241 -208 -141 -106 -89 -49 -22 -9 9 23 33 30 27 20 10 3 17 51 77 100 123 148 187 228 285 317 331 371 395 402 385 330 261 170 107 59 -8 -70 -112 -149 -167 -158 -157 -145 -128 -106 -79 -54 -21 9 36 59 78 81 76 53 26 -5 -37 -57 -74 -88 -98 -105 -115 -118 -131 -132 -165 -190 -210 -225 -235 -234 -218 -190 -162 -144 -120 -114 -103 -78 -50 -13 20 40 46 49 51 54 54 67 85 102 129 150 159 
176 182 183 186 180 179 163 156 143 133 125 121 112 110 100 93 88 78 78 70 69 54 46 38 26 19 11 4 -6 -14 -27 -43 -53 -62 -73 -84 -92 -96 -104 -104 -109 -112 -111 -112 -116 -107 -113 -112 -110 -104 -103 -100 -92 -89 -78 -69 -62 -58 -50 -40 -30 -22 -9 -2 7 18 19 23 27 30 34 30 30 27 25 24 22 21 19 15 15 16 15 22 18 23 22 27 26 29 29 35 35 36 36 31 40 36 38 36 
37 38 40 37 33 38 37 34 35 34 30 31 29 25 23 22 18 15 12 7 5 4 -2 4 3 2 5 2 2 -1 3 -4 -2 -2 -7 -9 -10 -11 -14 -17 -16 -14 -14 -17 -15 -12 -12 -10 -12 -7 -6 -5 -7 -7 -1 1 -1 0 8 8 9 6 8 7 11 10 11 13 11 16 19 20 23 28 27 25 29 30 26 21 20 24 23 18 18 22 16 24 18 16 17 12 16 13 7 12 7 2 4 3 
6 1 8 8 11 8 10 10 8 7 8 9 7 3 7 5 5 8 8 11 8 10 10 12 16 13 18 13 14 17 9 16 18 12 15 17 12 16 18 18 16 14 10 16 10 5 5 8 3 8 4 6 7 11 13 18 17 19 16 18 21 14 16 15 15 15 15 11 6 9 4 10 8 9 7 1 0 3 1 4 3 6 12 11 12 16 18 15 16 17 23 24 28 22 33 29 24 30 28 25 
27 23 21 18 20 15 6 8 8 4 5 4 4 3 2 3 5 9 11 16 13 14 15 24 23 17 21 18 19 21 21 18 19 21 21 22 17 15 17 10 11 11 7 9 14 12 16 15 15 12 17 13 12 17 9 16 15 14 15 12 13 14 10 8 17 12 19 16 14 15 13 11 3 6 7 6 5 7 4 7 9 6 9 17 12 10 6 12 9 12 12 9 10 11 15 13 11 10 11 11 
12 8 11 13 11 11 11 8 3 6 3 2 3 9 11 14 18 16 20 20 19 21 25 26 23 25 28 28 29 27 27 23 21 19 16 16 11 8 7 7 -1 4 4 4 6 3 2 8 4 6 5 8 7 9 5 4 8 6 10 8 11 15 15 19 17 16 13 16 17 14 17 11 14 14 9 12 7 5 10 6 10 8 5 4 6 6 9 6 16 11 12 14 10 12 15 18 23 16 18 16 
12 16 12 12 11 10 11 12 6 4 3 9 1 8 4 5 6 9 8 9 8 7 11 6 14 16 17 11 13 13 12 16 13 17 14 13 11 11 12 14 11 12 13 6 9 11 5 3 5 8 9 7 12 8 13 11 11 8 9 13 13 10 19 19 12 13 17 17 15 18 17 12 12 11 9 12 11 8 9 7 2 6 5 1 4 5 3 8 9 5 7 4 7 4 2 3 4 4 2 4 
4 4 2 4 5 7 9 14 10 14 13 15 21 17 17 14 18 20 13 18 18 14 17 15 13 15 14 15 13 14 14 12 13 7 11 10 9 6 5 2 4 2 5 5 6 5 8 6 9 11 10 9 11 13 12 12 11 16 17 15 16 15 14 19 15 16 14 15 17 13 13 10 13 10 13 7 8 10 12 7 12 9 9 7 4 6 2 7 4 10 7 3 3 2 -1 -10 -12 -10 -17 -17 
-15 -17 -14 -19 -12 -15 -8 -7 -2 -3 -1 2 7 8 11 12 12 15 26 20 27 29 34 37 32 37 38 32 36 32 25 28 25 22 21 21 20 15 10 11 13 11 11 4 4 5 2 -1 0 -13 -12 -23 -33 -35 -34 -43 -45 -39 -33 -29 -25 -17 -9 -7 3 10 6 13 16 20 18 22 30 27 32 25 27 28 24 28 28 28 28 20 21 -1 2 0 -5 -8 -10 -8 -3 -1 6 9 5 11 10 10 
13 6 5 1 0 5 7 11 14 13 7 6 4 5 -2 -3 -1 -6 -4 -4 -6 -14 -16 -15 -5 8 22 30 38 46 45 53 65 84 88 92 107 107 47 -48 -80 -70 -73 -59 -63 -61 -57 -49 -21 -4 23 49 74 94 106 109 110 114 120 126 145 171 211 244 268 293 335 378 424 478 527 586 638 661 677 699 700 670 592 488 375 269 188 129 146 61 4 -29 -27 -12 21 53 92 120 147 172 196 223 238 247 
237 220 196 174 151 125 97 69 44 14 -18 -74 -121 -186 -235 -293 -325 -346 -353 -358 -367 -364 -364 -369 -357 -347 -344 -344 -339 -325 -309 -278 -252 -228 -200 -166 -132 -95 -56 -16 28 64 98 128 154 169 184 197 199 211 215 216 212 211 209 199 191 184 172 169 164 152 145 141 135 133 131 119 113 105 102 92 86 82 69 61 58 49 39 30 18 8 -4 -14 -31 -37 -52 -59 -70 -79 -90 -93 -92 -100 -99 -108 -108 -112 -113 -119 
-115 -118 -115 -115 -110 -104 -102 -97 -89 -85 -80 -74 -74 -69 -66 -65 -60 -59 -50 -52 -44 -42 -37 -34 -35 -22 -20 -14 -8 -2 6 4 14 14 20 32 44 47 54 58 66 70 69 74 81 80 86 89 93 93 95 100 96 89 92 87 87 78 81 77 71 67 58 51 40 32 38 35 39 39 38 28 18 16 9 5 0 -13 -9 -12 -15 -13 -15 -17 -14 -15 -19 -23 -20 -22 -20 -24 -22 -20 -24 -25 -19 -25 -26 -30 
-37 -35 -37 -31 -22 -11 0 6 13 17 26 23 18 20 19 16 14 19 13 18 20 23 23 26 26 17 22 22 21 21 19 21 22 25 29 29 25 24 23 21 24 22 20 22 20 18 23 19 19 14 21 17 15 16 15 13 12 12 16 18 15 14 5 9 8 12 10 15 11 9 12 10 5 7 5 3 1 -3 -4 -2 4 -2 1 9 6 8 2 11 5 9 8 3 6 7 7 8 12 9 14 16 
15 14 12 12 18 15 13 13 10 13 16 17 17 16 16 15 17 17 13 12 13 12 11 16 14 16 11 15 12 10 9 10 8 9 11 6 8 8 9 4 5 7 12 9 5 8 7 11 12 12 6 13 9 15 14 14 10 13 15 15 11 13 15 13 13 14 19 15 16 14 13 12 17 14 14 7 10 10 7 7 6 7 12 7 8 15 10 13 15 13 11 12 7 9 8 7 9 11 8 10 
9 8 6 6 10 11 8 12 10 12 12 12 14 20 16 16 13 9 11 11 9 11 13 15 17 16 16 15 15 14 16 14 16 18 14 19 11 16 14 14 14 11 1 2 4 5 2 4 2 1 3 6 4 10 11 12 13 16 18 17 15 18 17 16 18 14 10 16 11 12 11 12 17 13 15 14 10 12 14 13 5 5 7 8 3 4 11 11 7 10 10 9 12 9 12 9 11 13 9 15 
9 12 10 13 12 16 12 12 14 13 13 15 16 13 14 14 15 11 10 12 8 11 10 10 7 10 10 10 5 8 9 11 8 14 12 9 5 8 11 6 8 8 13 18 12 17 13 16 10 14 14 14 16 11 11 11 12 12 14 9 12 13 13 11 8 10 8 13 11 9 11 8 10 9 10 11 8 10 10 4 10 15 16 15 15 14 16 11 13 10 10 12 13 8 9 11 13 8 8 7 
11 9 12 9 12 11 9 11 6 9 12 9 4 11 11 13 13 12 12 17 16 15 11 19 16 10 10 16 10 15 14 9 11 8 8 11 8 10 7 9 9 11 10 10 9 8 15 15 16 12 12 13 12 7 9 13 5 6 9 7 12 9 10 10 15 12 11 11 11 9 14 13 13 12 11 16 10 13 14 13 13 14 12 11 12 14 10 14 11 13 11 10 10 16 10 12 11 13 13 13 
9 14 12 13 9 12 8 16 11 11 14 13 15 14 10 5 11 8 8 6 9 9 14 11 11 11 11 18 16 14 9 14 13 8 11 10 5 11 12 9 9 12 7 8 10 13 13 12 14 13 11 12 13 12 14 10 12 17 11 16 10 17 17 11 13 13 11 11 10 15 16 16 16 16 13 12 11 11 12 13 11 8 9 6 8 11 12 16 17 16 17 16 13 15 18 12 9 8 12 8 
7 14 9 8 9 11 10 9 9 10 8 10 8 7 6 12 9 13 15 12 11 11 19 15 13 11 10 11 11 10 11 11 8 15 17 13 15 11 12 11 12 13 8 8 6 6 8 10 14 14 14 14 16 14 6 8 11 7 10 2 7 6 4 3 6 4 6 6 6 8 13 9 13 11 11 15 17 12 13 10 15 15 17 11 16 14 13 14 20 18 18 15 11 7 11 15 19 21 16 15 
6 12 13 11 17 17 15 11 8 6 12 10 8 2 8 10 2 5 5 6 5 11 12 10 12 14 11 6 3 2 11 7 13 14 8 14 14 14 11 6 3 -2 -2 0 5 0 2 1 7 6 13 3 -2 -9 -13 -15 -13 -19 -14 -7 7 30 66 104 124 147 146 129 113 107 60 25 -66 -107 -115 -103 -74 -33 -2 20 26 48 64 89 108 118 124 130 139 143 156 186 212 215 239 261 299 346 421 480 
496 452 392 320 264 195 114 43 -19 -47 -71 -92 -97 -95 -92 -88 -79 -63 -62 -61 -62 -48 -36 -15 0 18 29 38 44 37 31 21 1 -11 -27 -30 -31 -30 -36 -36 -61 -64 -84 -99 -105 -102 -94 -80 -67 -65 -61 -56 -54 -48 -38 -31 -21 -16 -9 -4 -2 5 4 5 12 16 32 46 64 74 84 93 100 100 99 101 96 92 86 88 85 78 75 73 66 67 58 56 53 51 47 46 45 45 43 44 40 31 30 21 
14 11 3 -6 -13 -16 -18 -21 -29 -33 -30 -33 -35 -34 -35 -37 -38 -39 -39 -45 -47 -51 -52 -54 -52 -52 -49 -44 -41 -39 -37 -33 -26 -25 -25 -23 -23 -23 -22 -18 -18 -15 -8 -6 -7 1 0 0 2 8 14 12 22 25 29 30 38 37 43 46 55 54 54 53 60 56 54 54 55 55 52 52 48 43 46 41 42 41 43 42 37 37 36 31 25 25 22 19 13 11 9 2 -2 -2 -3 -4 -3 -5 -4 -5 
-6 -5 -2 -7 0 -5 -4 -6 -8 -7 -6 -5 -6 -4 -2 -1 1 -1 2 0 6 -3 -1 -3 -2 -4 1 4 0 0 4 5 6 7 7 13 7 9 12 15 16 14 15 20 21 28 23 29 25 24 24 21 20 23 24 21 18 20 20 22 18 17 21 16 21 18 18 16 16 10 11 9 6 8 8 4 3 3 3 2 0 2 3 1 2 4 -1 6 4 3 10 7 7 9 11 7 12 16 15 9 
9 13 12 9 13 12 8 8 10 11 13 13 19 15 17 17 13 15 14 13 16 15 13 13 15 12 12 18 10 15 15 9 11 9 6 9 9 11 6 8 7 1 6 9 6 4 10 5 5 6 4 7 6 13 15 10 16 14 17 14 17 13 11 14 15 10 13 13 11 11 12 10 10 11 13 12 9 6 8 9 13 12 16 17 11 9 13 13 7 10 12 8 13 14 14 15 15 16 12 11 
17 13 8 11 10 12 7 10 10 9 8 10 9 11 13 12 13 9 9 8 11 5 10 7 12 15 16 13 10 13 13 12 15 10 15 14 13 14 14 13 12 13 11 15 15 6 10 12 7 12 11 8 10 10 14 13 9 13 9 10 11 8 7 9 8 10 8 10 10 9 9 14 8 12 10 11 14 15 15 13 16 17 15 14 13 9 8 8 8 9 12 14 8 7 14 12 7 7 12 8 
9 4 10 11 11 9 12 15 14 13 14 10 9 11 9 13 11 12 5 7 9 7 5 7 3 9 12 11 16 15 14 15 12 15 11 12 13 13 6 5 11 9 12 12 12 15 15 10 12 10 11 9 10 9 9 5 2 7 4 6 6 4 11 12 12 15 14 17 14 15 10 11 15 14 17 18 12 19 20 17 15 19 17 13 19 15 9 11 9 9 7 9 5 7 9 8 9 8 9 5 
10 2 10 11 6 12 5 11 12 10 16 17 14 10 13 11 15 15 17 13 10 16 11 12 11 13 10 11 7 11 11 8 6 5 9 6 12 12 10 15 12 8 13 21 15 11 16 14 17 20 21 23 27 30 31 36 29 37 41 36 38 34 32 33 24 24 21 20 15 16 12 6 -1 1 -4 -2 -13 -6 -3 -6 3 1 5 3 11 11 13 16 13 14 20 17 20 22 19 14 16 14 17 14 
16 15 13 10 13 12 9 9 5 9 5 6 3 3 5 8 8 9 5 4 7 8 6 13 8 10 13 10 10 13 11 10 12 11 13 8 10 11 12 6 15 13 8 7 7 4 6 6 10 8 8 6 6 9 11 9 10 10 13 12 10 13 8 14 14 12 11 13 16 12 13 13 10 16 11 13 12 15 9 8 9 10 7 10 9 8 9 5 13 4 8 15 11 15 15 13 12 14 15 13 
13 9 11 10 11 14 15 9 11 12 10 11 13 9 10 11 8 8 9 7 8 7 8 6 7 8 6 8 8 9 8 12 11 13 12 8 8 8 8 9 9 8 12 10 17 15 11 14 12 13 10 10 11 15 16 14 15 11 12 8 8 5 8 6 4 8 8 7 9 12 8 9 12 11 10 11 12 13 17 20 22 16 24 -4 0 3 5 11 16 11 15 13 9 7 4 3 14 16 20 17 
17 20 17 13 16 15 16 11 12 14 8 8 5 6 7 8 8 7 0 3 3 5 6 14 11 10 6 7 6 8 11 8 7 5 7 11 12 11 16 15 17 24 13 17 19 15 12 17 11 17 15 19 11 10 9 9 2 4 -1 -2 -4 -5 0 10 25 42 70 101 137 181 189 230 217 92 -22 -151 -167 -123 -110 -107 -98 -78 -66 -48 -20 3 31 51 52 43 40 33 22 18 33 51 73 81 89 122 
133 150 180 222 265 306 344 420 463 487 489 433 355 284 210 121 73 9 -59 -99 -113 -112 -89 -54 -16 20 47 79 103 120 130 125 127 112 106 91 79 57 29 -15 -58 -115 -162 -203 -246 -273 -272 -306 -331 -356 -366 -383 -396 -392 -403 -408 -415 -411 -420 -412 -403 -388 -376 -357 -338 -311 -273 -231 -204 -169 -141 -105 -83 -66 -43 -26 -2 19 21 36 47 56 67 81 91 103 109 120 129 142 143 151 146 132 127 129 129 127 115 115 
116 113 109 111 105 97 91 89 82 78 76 68 72 62 61 60 55 59 53 57 61 56 48 47 43 37 25 17 8 -6 -14 -21 -34 -40 -44 -51 -58 -69 -74 -80 -89 -94 -99 -106 -112 -116 -118 -119 -124 -125 -124 -134 -129 -131 -136 -130 -129 -140 -129 -129 -126 -122 -114 -112 -102 -96 -94 -88 -76 -76 -62 -53 -46 -47 -33 -26 -18 -8 6 5 17 21 28 33 40 45 51 61 64 72 74 81 90 91 92 94 93 94 97 97 
102 97 99 96 93 88 88 87 82 79 71 69 66 63 60 57 55 50 45 47 40 35 28 24 16 18 8 3 4 -6 -5 -9 -14 -16 -20 -23 -24 -25 -23 -24 -25 -29 -30 -32 -32 -32 -36 -35 -42 -38 -41 -38 -40 -39 -39 -33 -38 -37 -41 -38 -38 -41 -37 -42 -39 -38 -41 -41 -40 -41 -46 -42 -46 -43 -45 -40 -39 -38 -40 -42 -41 -39 -29 -26 -23 -23 -18 -11 -9 -3 1 2 8 8 16 21 24 30 33 37 
36 44 41 47 45 44 50 47 47 44 49 43 48 42 45 43 40 40 32 33 29 22 21 20 14 12 14 11 10 4 5 -1 -7 -6 -12 -12 -18 -18 -21 -20 -19 -19 -20 -13 -17 -14 -11 -11 -11 -7 -8 -6 -2 1 -3 -1 2 3 0 6 7 13 10 20 13 21 19 24 21 25 25 23 26 24 24 23 23 22 19 21 15 17 21 17 17 14 19 15 14 18 15 12 14 6 10 12 5 7 3 4 
5 4 4 7 13 10 10 9 14 10 11 8 5 7 10 9 7 9 12 16 8 16 15 12 12 8 12 9 10 13 8 15 15 11 13 9 13 16 16 15 11 14 16 14 15 12 12 12 10 10 13 9 8 8 6 9 7 8 9 12 10 12 11 10 7 9 8 7 8 7 5 8 9 6 11 14 6 13 16 13 13 14 14 14 14 10 12 13 13 13 10 15 17 8 10 11 10 9 13 16 
10 12 10 11 11 14 15 8 7 13 15 11 11 14 12 4 7 9 5 8 6 8 4 13 9 9 13 12 6 9 11 12 11 15 13 11 19 13 15 16 16 10 17 13 10 14 12 12 13 13 12 12 12 12 13 10 10 5 14 9 13 10 6 9 11 12 11 9 10 10 10 11 11 13 11 13 6 11 9 11 12 11 15 15 16 9 14 12 11 7 12 11 13 9 15 13 12 16 11 17 
15 12 13 16 8 10 4 9 9 9 8 8 9 12 11 12 12 12 13 13 13 8 10 13 6 9 7 7 10 8 10 4 11 11 12 11 10 12 10 7 8 15 10 12 15 16 16 10 10 14 6 7 5 6 8 7 11 12 13 10 8 11 11 13 11 14 14 13 10 9 12 8 13 12 10 17 16 16 19 14 13 16 8 12 10 11 11 12 10 15 7 7 13 13 11 8 12 11 5 9 
9 15 10 16 7 12 12 10 13 11 15 12 9 12 11 9 8 11 13 7 12 9 14 10 11 11 14 12 15 12 13 11 10 12 8 11 11 17 14 15 14 13 13 13 8 15 16 13 9 12 11 10 12 8 10 6 8 3 6 5 7 6 8 10 12 12 14 14 16 11 15 11 12 12 10 11 9 11 12 8 8 12 11 13 10 10 10 12 12 12 8 12 12 15 13 10 13 12 15 12 
13 10 10 7 9 5 15 10 9 8 11 8 8 11 8 13 13 11 10 13 13 17 15 11 10 14 12 10 10 13 13 15 12 15 16 16 17 12 14 14 16 11 9 16 10 8 4 7 7 0 2 4 6 4 9 9 5 11 12 13 15 19 18 13 16 12 15 14 17 15 14 17 17 14 9 12 11 9 6 10 13 9 