24 -98 -100 -98 -95 -99 -96 -96 -98 -96 -99 -98 -97 -97 -95 -95 -96 -97 -97 -96 -98 -98 -96 -97 -97 -97 -97 -98 -97 -97 -97 -98 -96 -97 -97 -99 -97 -95 -98 -95 -97 -95 -96 -97 -96 -94 -92 -91 -90 -91 -91 -90 -91 -88 -87 -84 -85 -82 -79 -81 -75 -74 -71 -67 -66 -62 -57 -52 -48 -43 -40 -33 -28 -20 -12 -7 2 9 17 22 30 37 42 50 54 57 59 63 64 67 66 68 70 68 68 68 68 69 70 67 
67 68 68 69 67 68 67 67 66 66 68 67 67 67 65 65 62 59 58 55 53 50 48 42 40 37 30 25 22 18 12 10 6 3 0 -4 -4 -10 -12 -12 -14 -17 -17 -16 -18 -19 -21 -20 -21 -22 -23 -19 -19 -20 -20 -17 -17 -15 -12 -10 -12 -9 -8 -3 0 0 2 5 4 7 9 12 14 15 17 20 20 23 24 24 26 25 29 30 31 32 32 34 33 33 34 35 35 37 35 35 35 35 35 35 
34 35 36 36 33 34 33 32 31 32 29 29 30 29 30 26 28 25 25 24 23 22 19 22 21 21 19 19 18 17 18 16 18 14 17 14 13 16 14 13 15 13 13 13 14 12 15 14 14 13 13 16 17 14 15 16 14 16 17 17 20 19 19 17 19 19 20 22 22 21 23 23 25 25 25 27 26 27 26 26 28 26 30 29 28 29 30 32 29 29 28 31 31 32 30 31 31 29 30 29 
31 32 30 31 29 28 30 27 30 28 29 27 27 27 25 25 27 25 24 25 25 22 26 25 24 21 21 22 21 21 20 22 22 21 21 20 21 20 21 20 20 20 20 20 20 18 21 19 22 20 21 20 21 21 21 21 22 21 25 21 23 22 23 25 22 24 24 27 25 23 25 24 24 24 24 26 24 25 26 26 27 25 25 24 25 26 26 26 26 24 25 26 27 26 26 24 26 26 27 25 
25 24 24 24 27 25 25 23 22 24 23 23 23 24 24 25 25 24 25 23 24 23 24 24 22 21 23 24 22 22 24 24 22 22 24 25 26 23 24 24 24 25 25 25 25 27 24 25 25 23 25 25 24 24 26 25 22 24 25 25 25 23 22 23 23 25 25 24 24 24 24 25 23 26 23 23 21 23 24 23 25 24 23 25 22 23 25 25 25 27 25 23 24 22 23 22 25 23 24 23 
24 23 23 23 23 22 24 26 24 24 25 25 24 23 24 26 23 25 24 23 27 24 25 24 25 23 24 25 24 23 26 24 24 24 24 25 24 24 24 23 23 25 24 25 24 23 24 25 24 25 25 23 24 23 25 23 24 25 25 24 25 24 24 25 24 24 24 24 24 24 25 21 24 26 23 23 23 23 24 22 22 22 24 25 24 24 23 22 24 24 22 24 24 25 24 24 24 24 25 23 
24 25 24 23 26 25 26 24 25 24 25 22 24 24 23 24 24 23 24 23 25 25 24 26 24 24 24 24 25 25 25 24 23 23 25 23 25 23 25 26 24 24 25 23 23 24 24 25 25 24 25 25 24 23 23 25 24 23 24 25 23 25 23 24 23 24 23 25 23 23 24 24 25 23 24 24 21 24 25 25 21 26 25 23 25 25 24 25 22 22 24 24 24 25 23 25 24 23 24 24 
26 25 25 25 24 23 24 25 25 23 23 22 24 23 24 25 24 24 25 25 23 23 23 24 25 25 24 24 24 25 24 24 23 23 23 24 23 23 24 24 24 26 22 24 25 27 25 24 24 23 22 24 25 24 27 24 25 24 24 25 24 24 23 24 23 24 24 25 24 23 24 22 24 23 24 22 24 26 25 22 25 23 26 22 25 23 25 25 23 24 23 25 23 25 26 25 24 24 23 25 
24 26 23 25 24 23 23 26 23 23 23 24 23 25 23 24 24 23 26 23 25 23 24 22 24 23 24 26 23 22 25 22 24 23 26 25 23 24 23 23 23 23 24 24 25 23 23 22 23 22 23 23 24 23 23 24 21 23 23 22 22 23 23 23 23 23 21 24 23 24 23 22 22 22 23 23 24 23 22 21 22 23 23 24 23 24 23 21 23 25 21 21 22 23 22 23 22 23 23 24 
23 23 23 23 23 23 22 23 23 23 22 20 23 22 23 22 24 22 23 22 21 24 23 21 22 22 21 21 25 22 22 21 23 23 24 22 21 23 22 23 22 21 22 23 23 22 24 23 23 22 22 22 23 23 23 24 24 23 24 23 22 24 23 23 23 23 24 23 24 22 24 24 23 23 22 24 22 21 22 23 24 24 25 22 22 24 22 22 25 23 23 23 24 22 23 25 24 23 25 23 
-99 -99 -99 -97 -99 -98 -98 -97 -98 -96 -98 -100 -98 -99 -97 -98 -97 -98 -100 -97 -99 -99 -98 -97 -97 -98 -97 -100 -98 -100 -97 -99 -98 -100 -100 -98 -97 -96 -98 -98 -100 -97 -97 -99 -97 -96 -97 -98 -97 -99 -99 -99 -100 -98 -99 -97 -97 -99 -98 -97 -98 -99 -96 -98 -99 -97 -100 -100 -99 -98 -96 -99 -99 -98 -99 -98 -98 -97 -93 -96 -93 -94 -94 -91 -94 -91 -89 -89 -90 -86 -84 -82 -79 -78 -73 -71 -68 -65 -62 -57 
-56 -51 -45 -41 -33 -27 -22 -15 -8 -1 7 13 17 25 30 38 42 46 49 53 56 58 59 63 64 65 65 66 66 66 68 67 66 66 67 67 65 67 66 66 66 64 63 61 59 58 55 54 53 50 48 44 43 39 37 35 30 27 23 18 14 14 9 7 4 1 -2 -3 -7 -9 -10 -11 -11 -13 -15 -17 -16 -17 -18 -19 -20 -19 -19 -17 -20 -17 -19 -18 -14 -16 -14 -13 -11 -9 -7 -6 -5 -4 1 0 
2 5 7 8 9 13 12 14 18 19 21 23 24 26 30 28 30 31 33 36 36 37 38 38 39 40 42 41 43 42 44 43 44 43 43 46 44 45 44 44 44 43 44 42 41 43 41 40 39 37 37 37 37 36 33 34 32 29 28 31 28 26 26 23 22 22 20 21 19 18 15 16 16 15 13 13 12 12 11 11 11 11 8 9 9 9 7 7 8 7 9 9 8 9 10 11 9 11 12 11 
15 14 16 14 17 16 16 18 21 20 21 23 23 25 26 25 25 28 27 29 29 32 30 32 33 34 34 35 33 36 34 35 34 36 37 35 36 37 36 36 34 36 35 36 36 35 35 34 33 35 32 33 32 30 33 30 31 31 31 28 28 29 24 26 26 23 25 24 23 20 22 21 22 18 20 20 21 18 18 18 18 17 17 17 18 16 16 17 16 16 15 16 15 16 16 15 16 18 20 18 
19 18 22 21 20 21 21 23 22 22 22 24 24 23 23 24 25 25 25 26 27 28 26 25 27 26 26 27 27 27 27 28 29 27 27 26 27 28 29 27 27 25 26 24 26 26 26 27 24 27 24 24 25 24 24 23 24 24 24 22 22 22 24 23 23 22 22 25 24 20 23 23 23 25 24 22 23 26 24 22 24 22 24 24 25 24 22 25 25 25 23 26 25 26 26 24 24 26 24 25 
26 26 28 25 25 25 24 25 23 26 25 26 27 25 24 26 24 26 25 24 24 24 25 24 25 25 25 26 25 24 24 25 25 26 26 23 25 24 24 23 25 23 25 25 25 25 23 23 26 24 25 22 25 26 24 27 23 25 24 24 25 26 24 26 27 25 26 24 25 25 25 24 28 23 26 25 24 24 25 25 26 24 25 26 23 25 22 26 25 24 24 24 24 24 24 27 23 25 24 26 
26 26 24 24 27 25 25 25 26 24 25 27 25 24 22 25 25 25 27 23 23 24 24 26 24 23 25 24 25 25 25 24 25 24 26 26 25 24 25 24 24 26 25 24 26 25 24 25 25 25 24 24 24 25 25 26 27 24 24 25 26 23 25 26 24 25 26 25 25 25 24 26 27 24 26 24 25 25 26 24 26 26 24 25 26 26 23 26 23 26 25 23 25 26 26 26 26 26 24 27 
23 25 24 25 25 24 24 25 24 24 24 24 23 24 24 26 24 24 25 27 25 26 24 25 26 26 25 27 25 26 24 25 22 22 24 24 25 23 27 24 23 25 24 26 27 25 25 25 24 24 26 23 25 25 25 26 28 26 24 25 25 24 25 25 23 25 24 26 25 25 24 24 25 25 25 25 24 28 24 25 27 23 26 26 24 24 23 26 23 24 24 25 25 24 24 24 25 25 25 26 
25 24 24 25 22 25 24 23 24 22 24 27 25 26 24 22 24 24 25 25 23 25 24 25 25 25 25 26 25 25 24 25 26 26 25 26 25 23 25 24 25 24 25 25 24 25 26 25 25 24 25 25 23 26 23 26 26 24 26 25 26 26 26 24 24 23 26 22 25 25 23 26 25 23 25 25 23 24 24 25 24 25 25 24 24 25 26 27 24 24 26 26 25 26 25 27 23 26 26 27 
25 25 25 25 25 26 25 24 24 25 25 26 25 24 24 21 25 23 23 25 25 25 27 25 27 25 26 26 24 25 26 24 26 25 24 25 26 24 26 25 25 25 25 26 24 24 26 24 24 26 24 24 27 25 26 25 25 25 25 25 25 25 25 25 25 25 25 27 24 25 25 25 25 24 24 24 26 26 24 26 24 26 24 24 24 26 26 25 25 24 26 24 26 25 23 25 25 25 26 -100 
-99 -99 -99 -99 -99 -98 -99 -96 -99 -98 -99 -99 -99 -98 -100 -98 -97 -98 -100 -99 -98 -100 -99 -99 -97 -98 -97 -98 -98 -100 -98 -98 -98 -97 -98 -98 -97 -97 -99 -98 -100 -100 -97 -98 -99 -97 -98 -98 -96 -98 -97 -99 -96 -98 -100 -98 -97 -98 -97 -97 -99 -95 -100 -100 -98 -97 -98 -98 -97 -99 -97 -96 -98 -99 -97 -100 -96 -98 -97 -97 -96 -97 -96 -98 -97 -97 -97 -97 -97 -97 -96 -96 -96 -96 -95 -94 -93 -92 -92 -90 
-90 -88 -87 -85 -85 -82 -78 -76 -73 -71 -69 -65 -62 -56 -56 -51 -44 -41 -33 -29 -22 -16 -7 0 6 16 23 28 33 40 47 51 57 59 64 66 68 68 70 72 71 71 72 73 72 73 72 71 71 70 70 70 71 71 71 72 72 70 72 72 71 71 69 70 69 69 67 65 63 62 59 55 51 49 46 42 37 34 28 24 22 17 11 9 8 2 3 -1 -5 -7 -8 -10 -9 -10 -15 -13 -15 -15 -16 -18 
-18 -17 -17 -16 -18 -17 -18 -13 -15 -13 -11 -8 -8 -6 -2 0 0 3 3 7 9 13 14 17 19 22 24 27 29 32 35 36 39 40 44 45 46 47 50 50 54 54 53 55 55 58 59 58 58 58 57 57 59 58 58 59 56 57 58 56 56 54 55 53 51 51 49 49 47 45 44 43 40 38 37 34 35 32 27 28 26 21 20 19 18 14 12 11 8 10 7 4 4 2 2 -1 0 1 -3 -1 
-5 -3 -3 -3 -4 -3 -4 -5 -3 -3 -3 -2 1 0 1 2 4 6 7 7 9 11 10 13 14 15 16 20 17 22 19 22 24 25 25 26 27 27 27 27 30 30 30 32 30 30 31 33 31 35 33 32 34 35 33 33 33 31 33 33 30 32 29 30 30 29 28 31 30 27 26 28 27 27 26 25 25 22 23 24 25 24 22 23 24 23 22 23 21 21 23 21 23 19 22 21 21 21 21 20 
21 20 22 24 22 21 24 22 21 22 24 25 25 23 25 25 25 25 23 25 25 28 27 29 26 26 25 27 26 29 30 28 28 28 28 31 29 30 29 28 29 31 30 29 30 30 30 28 30 29 29 29 28 28 29 28 29 27 27 29 29 27 29 29 27 28 27 27 29 28 28 26 26 25 28 26 23 24 26 25 27 26 26 26 25 27 25 26 26 24 27 24 27 26 26 26 28 26 27 25 
26 27 28 27 26 28 29 29 26 27 27 27 26 28 27 28 27 28 29 29 27 27 29 27 27 27 30 28 27 26 27 25 26 27 28 28 26 27 25 28 28 26 27 28 26 26 27 27 26 25 26 26 27 27 27 27 27 26 28 26 27 26 27 28 26 26 27 29 27 26 26 28 27 27 25 27 27 26 28 24 27 28 26 26 27 26 27 27 27 26 26 29 28 28 28 25 26 27 26 27 
27 26 26 25 27 28 25 25 26 25 28 26 28 26 25 26 27 28 25 27 28 29 26 26 26 26 27 27 25 26 28 29 28 28 26 26 29 27 26 28 27 25 27 28 28 26 26 28 27 26 28 27 27 28 28 26 29 28 25 27 26 26 25 26 26 28 27 26 27 27 29 26 28 26 25 27 28 28 27 27 26 27 27 28 26 27 25 29 27 28 29 28 27 24 26 27 26 26 27 26 
27 26 25 27 27 26 28 27 28 26 28 26 27 25 27 26 25 28 27 27 26 26 27 26 26 27 26 26 27 27 27 28 25 26 27 25 27 27 27 27 27 28 28 27 26 26 26 28 28 27 27 27 25 27 26 26 27 29 26 25 27 29 27 27 27 27 26 27 26 25 26 26 26 25 27 27 25 28 27 26 28 26 25 27 27 27 27 27 28 24 28 28 27 25 26 26 25 26 25 28 
27 27 26 26 27 27 27 27 27 26 26 27 27 27 29 29 26 26 27 27 28 25 27 25 28 29 27 28 26 28 29 29 26 27 28 27 28 27 28 25 27 28 27 29 27 27 30 27 26 27 27 26 28 27 26 27 28 27 26 26 26 27 27 27 28 27 26 29 27 27 27 24 30 27 28 26 28 26 26 27 27 25 28 25 29 25 26 25 27 27 27 26 24 26 28 25 27 25 28 27 
27 27 27 27 27 28 26 28 27 25 27 27 27 27 25 26 26 26 26 27 25 27 29 26 26 29 28 27 28 29 27 27 27 25 26 26 27 27 26 27 27 25 25 27 26 25 26 26 27 27 27 25 27 27 26 28 27 26 27 28 26 26 27 27 27 26 27 27 27 28 26 27 28 25 27 26 28 26 28 27 27 28 28 26 28 28 28 29 27 27 26 27 29 26 26 27 27 27 -99 -99 
-99 -98 -97 -99 -97 -99 -98 -98 -98 -99 -98 -99 -98 -100 -98 -99 -97 -98 -100 -99 -100 -99 -98 -98 -98 -98 -99 -99 -102 -100 -98 -98 -100 -99 -99 -98 -98 -98 -99 -100 -99 -99 -100 -97 -99 -96 -100 -101 -99 -96 -97 -99 -98 -95 -98 -98 -96 -98 -99 -99 -99 -98 -98 -99 -97 -99 -97 -97 -98 -99 -99 -98 -98 -97 -97 -96 -93 -95 -94 -94 -94 -97 -93 -91 -91 -90 -89 -87 -86 -87 -84 -80 -77 -78 -73 -71 -69 -67 -60 -61 
-55 -52 -50 -43 -38 -31 -26 -20 -15 -11 -2 4 13 20 24 31 36 43 49 52 59 61 62 66 66 69 70 70 70 72 73 72 71 71 73 71 72 70 71 70 72 70 70 71 70 69 71 71 71 70 67 68 67 68 65 64 61 60 58 56 51 48 48 45 40 37 31 30 27 22 21 20 15 12 11 7 6 7 3 1 -1 -1 -2 -2 -3 -5 -5 -8 -7 -8 -7 -7 -6 -7 -7 -5 -6 -5 -1 -2 
-1 1 1 4 5 6 10 9 10 14 15 16 18 21 22 23 26 27 29 30 33 33 36 36 39 41 43 42 44 45 45 47 47 48 50 49 51 51 52 51 52 50 50 52 49 49 50 48 51 49 48 47 48 44 45 43 41 39 39 39 37 36 33 35 33 31 28 28 26 25 24 21 21 19 16 15 17 15 11 14 11 12 7 9 7 7 6 5 6 4 5 5 5 5 6 6 6 4 6 7 
7 8 7 10 10 9 11 13 12 15 15 15 15 17 17 18 19 20 20 21 22 20 22 24 24 25 26 23 27 25 26 27 25 25 27 26 25 25 26 26 23 26 25 25 26 25 25 26 25 24 24 24 26 24 25 24 21 22 24 24 23 22 23 22 22 22 22 23 22 23 22 20 23 22 22 24 22 20 24 21 22 23 23 26 23 21 25 23 24 25 23 23 23 24 23 24 23 25 26 25 
25 25 25 25 25 26 25 26 25 25 25 25 25 26 26 29 26 26 24 24 25 27 25 26 25 25 27 27 28 25 26 28 24 25 25 26 24 26 23 25 24 25 24 24 24 25 25 24 24 23 24 25 24 24 22 23 24 22 22 23 25 23 23 22 21 25 27 24 22 23 25 22 24 25 25 24 26 24 24 26 27 25 26 25 26 25 25 27 25 27 25 27 27 27 28 25 28 27 28 26 
26 27 25 26 25 25 24 25 25 25 25 23 24 26 23 23 22 25 24 24 26 25 22 23 23 25 23 26 25 23 23 24 24 23 25 26 26 23 25 24 25 24 25 25 23 25 24 24 26 24 24 25 26 25 24 23 24 28 26 25 24 28 27 27 25 26 25 27 26 28 25 27 27 27 25 27 25 24 26 27 25 25 26 27 26 25 26 26 25 24 24 26 26 26 25 26 25 25 24 25 
24 24 25 26 26 24 25 25 25 23 24 26 25 24 22 26 25 27 26 24 25 25 26 27 28 26 27 26 25 27 25 24 24 27 25 24 25 25 27 25 26 25 26 24 27 24 26 24 27 24 26 24 27 25 26 25 26 26 23 26 25 25 25 25 25 26 26 27 25 26 26 27 27 25 24 25 26 24 24 26 25 24 25 27 26 25 26 26 26 23 26 26 27 25 26 27 25 24 25 24 
26 24 25 26 25 26 27 27 25 26 25 27 25 26 26 26 26 26 27 26 24 26 25 24 25 28 24 25 28 26 25 22 27 26 27 26 27 25 27 26 25 25 26 25 26 25 26 24 25 25 28 28 25 24 26 27 28 25 26 26 25 28 25 25 24 25 26 24 25 25 26 25 26 27 27 26 26 27 25 25 24 26 25 26 25 27 26 24 26 24 26 26 24 25 25 27 26 26 27 26 
27 26 26 25 24 26 26 27 25 26 25 23 24 24 25 26 27 26 25 24 27 24 26 23 24 25 27 25 27 27 25 24 27 25 25 25 26 25 24 25 25 25 26 25 24 25 26 26 25 24 26 23 24 27 26 26 24 25 24 26 27 26 26 22 27 26 27 25 25 27 27 26 24 25 25 25 26 26 26 27 27 25 26 26 26 25 26 26 23 25 25 24 27 26 27 27 25 25 25 25 
26 25 25 25 26 26 26 26 27 27 26 26 25 23 24 25 24 25 27 24 26 25 25 25 24 26 24 26 25 26 26 26 26 25 26 24 26 25 26 27 26 27 27 26 25 28 26 27 25 27 27 27 25 26 25 28 26 25 27 25 25 26 26 26 26 25 25 26 24 26 26 26 26 25 26 26 25 25 26 27 26 27 24 26 25 25 25 27 25 26 27 25 27 28 25 26 26 -97 -97 -97 
-96 -97 -99 -100 -99 -98 -98 -98 -98 -96 -97 -99 -98 -98 -97 -97 -98 -96 -96 -97 -98 -96 -96 -99 -98 -97 -99 -97 -96 -98 -97 -98 -96 -98 -97 -97 -96 -97 -99 -99 -97 -99 -97 -98 -98 -98 -96 -100 -97 -97 -97 -99 -98 -98 -97 -99 -97 -97 -98 -98 -99 -98 -99 -97 -95 -99 -98 -96 -99 -98 -95 -96 -97 -94 -94 -94 -96 -94 -93 -92 -91 -93 -93 -90 -90 -90 -85 -84 -83 -82 -79 -78 -74 -71 -71 -68 -65 -61 -58 -54 
-51 -46 -42 -37 -33 -27 -21 -16 -8 -2 4 10 17 22 30 34 39 44 48 53 57 61 63 67 65 68 68 71 69 71 71 71 69 71 68 70 70 71 71 71 72 72 71 72 72 70 70 70 69 70 69 64 67 62 61 60 59 55 53 50 47 44 40 37 31 29 27 25 21 18 14 12 8 7 5 4 2 2 -3 -2 -2 -3 -4 -6 -7 -5 -6 -4 -8 -7 -6 -6 -6 -4 -3 -3 -1 1 0 3 
5 7 7 10 11 12 14 16 17 20 23 25 27 28 30 30 32 32 36 37 38 39 41 41 41 44 42 45 45 45 47 47 47 48 48 48 47 45 47 47 47 46 47 47 45 43 44 43 43 43 42 39 37 38 37 35 34 34 32 32 31 30 27 26 25 23 22 23 21 20 18 16 16 14 13 14 12 11 11 12 9 10 8 7 8 6 5 7 8 7 7 10 9 9 7 9 11 9 7 12 
15 13 12 13 16 16 17 18 18 19 23 19 22 23 25 24 29 28 27 30 31 30 32 32 32 34 34 36 35 33 37 38 35 37 39 38 40 37 39 38 40 38 37 39 35 38 37 36 36 36 35 36 34 34 33 34 31 33 33 31 30 30 28 29 28 26 27 25 26 24 24 23 24 21 24 21 21 22 20 20 19 19 16 18 17 18 18 17 18 17 18 18 18 19 16 19 19 19 18 16 
20 19 20 22 21 22 20 24 23 23 22 24 24 23 24 24 24 26 27 27 29 27 28 30 30 30 29 30 30 31 30 28 31 31 32 31 33 30 32 32 30 33 32 32 32 30 31 31 29 30 31 29 30 28 30 30 27 27 27 28 27 27 25 29 26 26 28 28 26 27 27 25 23 26 24 24 24 24 25 23 24 25 23 25 25 22 23 24 25 23 25 26 25 25 23 25 24 24 26 26 
26 25 25 23 25 27 26 24 28 27 26 27 27 27 28 29 26 29 29 28 29 27 28 27 27 25 29 28 28 27 29 27 27 28 27 28 27 28 27 26 28 27 28 27 24 26 25 26 27 26 26 27 26 28 27 26 26 26 24 26 26 26 26 26 26 27 27 27 26 26 26 28 27 26 25 25 29 27 25 27 26 27 26 27 25 27 27 27 28 27 27 26 28 26 28 29 26 27 27 29 
26 27 25 26 26 27 25 25 28 27 25 28 26 26 27 26 27 25 26 25 26 26 27 25 27 26 26 25 24 26 26 27 26 25 25 26 27 25 27 27 25 26 27 25 26 28 27 27 26 26 27 27 25 27 27 28 28 25 28 26 29 26 27 25 25 28 26 27 28 26 25 27 28 25 27 27 28 27 26 26 28 25 29 25 27 26 27 26 28 25 26 26 27 25 27 28 26 28 26 27 
29 28 24 26 28 26 28 25 26 26 25 27 28 28 25 26 28 27 26 25 26 27 28 27 27 27 27 29 28 27 27 25 27 27 26 27 25 29 27 27 25 27 28 27 27 27 25 28 26 26 27 25 27 27 28 28 27 28 27 26 26 26 28 28 26 28 28 25 25 26 26 26 25 25 28 28 26 27 29 25 26 24 27 27 25 28 26 29 26 25 26 26 26 26 27 25 28 26 27 28 
28 29 27 27 26 27 27 26 27 25 28 28 26 26 27 26 27 26 25 27 25 27 26 27 27 25 27 25 27 27 25 25 25 28 26 27 26 26 28 29 29 27 25 26 29 27 26 27 27 26 27 26 26 25 27 25 26 24 26 25 26 27 27 28 26 26 26 27 25 28 29 28 26 27 27 28 24 27 26 27 26 27 26 25 27 27 26 27 29 26 27 26 27 26 28 27 28 26 27 25 
27 27 28 29 27 25 26 25 26 24 25 26 27 25 26 27 25 27 28 26 26 29 28 30 25 26 26 27 28 27 26 27 26 26 26 27 28 25 26 25 25 26 27 26 27 27 29 24 27 25 28 26 25 26 25 26 28 27 25 27 27 27 28 27 26 26 27 28 27 27 26 26 25 26 27 27 26 27 28 26 25 26 26 28 27 27 29 27 25 26 26 28 26 26 27 25 -98 -98 -98 -98 
-98 -98 -98 -97 -98 -97 -96 -98 -98 -98 -99 -96 -97 -97 -97 -98 -99 -98 -97 -100 -97 -97 -100 -96 -97 -98 -100 -97 -98 -98 -99 -97 -99 -98 -99 -98 -98 -98 -96 -100 -97 -98 -99 -98 -98 -97 -98 -96 -97 -97 -98 -97 -97 -98 -97 -98 -98 -100 -99 -98 -98 -98 -98 -99 -98 -97 -97 -96 -98 -99 -97 -98 -95 -95 -95 -94 -93 -94 -93 -94 -93 -93 -92 -90 -90 -89 -88 -86 -84 -84 -79 -80 -76 -75 -70 -68 -64 -62 -58 -52 
-51 -47 -41 -35 -29 -23 -18 -11 -4 2 11 19 27 34 38 46 48 55 59 64 65 65 69 68 69 70 73 72 74 71 72 72 71 71 70 71 70 71 72 72 69 71 70 71 70 70 70 69 66 67 65 66 65 62 62 61 58 53 54 50 47 45 43 38 38 34 30 30 25 24 23 21 19 18 15 16 12 12 12 11 11 12 10 9 10 10 11 10 11 11 13 12 13 15 16 16 16 19 22 20 
23 22 24 25 28 28 29 31 33 32 33 36 36 37 39 39 38 40 42 41 42 44 44 42 46 44 46 46 45 45 44 45 43 44 43 43 43 41 40 40 40 39 40 37 37 37 34 35 33 35 32 31 30 30 28 29 27 26 25 23 20 22 21 17 16 17 19 16 14 16 13 13 14 14 11 14 12 11 12 10 12 13 13 10 10 13 12 13 13 13 14 14 14 15 17 17 17 19 19 16 
21 21 20 21 21 22 23 25 25 25 26 27 29 28 29 30 32 31 31 32 31 33 32 35 33 34 35 34 34 34 34 36 34 34 34 34 34 36 32 33 33 33 33 32 33 35 31 31 29 30 30 31 28 28 28 28 28 26 27 26 26 24 26 24 24 25 24 23 22 22 22 21 22 21 23 22 21 20 21 20 21 23 22 21 23 23 23 21 23 22 24 24 24 25 24 27 24 26 26 29 
27 27 27 27 30 29 30 31 31 30 32 33 32 32 34 31 32 32 35 32 33 33 35 35 35 35 33 34 33 33 35 34 34 33 34 35 35 36 34 32 33 31 32 33 30 32 32 32 32 32 30 31 29 30 30 28 30 27 28 27 28 27 26 28 27 25 26 29 26 26 27 26 25 25 26 27 28 27 26 27 25 27 26 27 28 27 29 27 28 28 26 30 32 29 30 32 30 30 32 29 
31 32 32 32 30 33 29 32 31 31 31 34 32 31 33 33 31 33 33 32 33 31 33 31 31 31 30 32 31 32 32 31 31 31 32 30 32 33 29 27 30 29 28 32 30 27 30 29 29 30 27 29 30 30 27 29 31 28 29 30 28 30 30 29 30 29 29 29 29 30 30 29 27 30 30 30 30 30 30 31 31 31 30 31 31 30 32 30 31 29 32 29 30 28 31 30 29 28 30 31 
31 30 30 30 31 29 32 29 30 29 31 30 29 28 30 30 28 28 31 32 28 30 30 30 30 31 31 32 31 31 27 30 31 31 29 29 29 32 30 30 31 31 29 31 30 29 30 30 30 31 29 29 30 29 30 31 28 30 29 31 28 31 29 31 31 29 31 30 30 31 32 29 32 29 30 30 31 28 26 29 29 29 29 29 30 28 30 30 29 31 30 31 30 29 30 30 30 30 29 31 
28 28 28 29 29 30 28 30 30 29 31 31 31 29 30 30 29 29 30 30 32 31 30 30 30 31 30 31 28 30 32 30 29 30 31 30 30 31 31 30 29 29 30 31 30 31 28 31 32 30 30 30 31 28 29 29 32 30 29 30 34 30 31 30 33 30 31 29 27 31 31 27 28 30 32 31 31 30 30 29 30 29 31 29 30 29 29 29 29 27 31 30 30 28 31 29 30 31 29 30 
30 28 30 29 33 30 30 30 30 29 31 32 28 30 29 30 30 28 31 28 31 30 30 30 30 31 31 30 29 29 31 30 31 30 31 30 32 30 30 28 31 31 32 29 29 29 31 32 32 30 33 30 29 30 31 32 30 30 30 29 30 29 31 28 31 30 31 29 31 32 30 31 30 32 29 31 31 31 30 30 31 29 30 28 31 30 31 29 32 30 30 31 33 30 30 31 30 31 29 30 
30 30 32 31 30 29 31 29 30 30 31 29 30 29 31 30 29 31 30 30 30 31 30 30 29 30 29 30 31 31 28 31 29 29 30 30 31 29 30 30 30 30 31 31 30 30 30 30 31 31 29 30 29 31 29 30 31 30 30 29 29 31 30 31 32 28 30 30 30 30 31 28 29 31 31 31 29 31 32 29 31 29 29 30 29 29 30 31 30 31 31 32 30 30 31 -98 -96 -96 -97 -97 
-99 -97 -98 -98 -99 -98 -98 -98 -98 -98 -98 -99 -97 -99 -97 -97 -98 -98 -98 -99 -99 -97 -96 -98 -98 -98 -100 -97 -99 -98 -100 -97 -98 -97 -97 -97 -99 -100 -96 -97 -98 -97 -96 -97 -97 -98 -97 -98 -98 -98 -99 -98 -98 -97 -96 -97 -97 -96 -98 -95 -96 -96 -97 -98 -96 -96 -97 -96 -99 -96 -94 -95 -97 -94 -94 -93 -93 -93 -93 -91 -88 -87 -85 -86 -83 -82 -78 -76 -74 -71 -69 -64 -61 -57 -55 -49 -46 -40 -37 -30 
-26 -19 -14 -5 -1 9 12 22 28 34 38 44 49 53 58 60 61 64 67 67 71 72 73 71 72 72 71 72 74 71 72 74 73 71 73 72 72 71 72 70 70 68 70 68 70 68 66 65 64 62 62 62 57 58 57 52 52 52 50 50 46 45 45 44 42 40 41 39 41 37 36 36 35 34 34 33 31 32 32 31 32 32 31 30 29 30 29 29 28 29 28 29 28 28 28 28 29 27 27 29 
27 27 27 27 27 29 29 27 29 29 29 30 30 29 30 28 31 31 31 32 32 31 31 31 34 32 34 33 33 33 33 32 31 32 33 31 30 29 30 29 27 28 27 23 24 22 20 20 20 19 17 16 14 14 14 11 10 10 6 9 6 7 6 6 6 6 6 5 5 5 6 4 3 5 6 3 4 6 5 6 5 8 8 6 10 10 11 9 10 12 13 13 15 13 16 17 19 19 19 21 
19 21 21 23 22 22 24 25 23 24 25 25 23 26 24 27 24 26 27 27 27 24 27 25 26 26 28 24 27 26 25 27 26 27 26 26 27 27 25 26 26 27 26 25 25 26 27 26 28 27 25 24 25 25 25 27 27 27 26 26 25 27 27 28 29 27 26 28 26 28 28 31 27 28 27 30 29 30 29 28 30 30 33 30 29 32 31 30 31 30 32 30 31 32 30 30 31 30 30 31 
28 31 33 30 31 30 30 30 30 30 28 31 27 28 29 29 27 30 28 27 27 29 28 30 30 28 28 28 27 29 26 29 27 27 28 25 27 27 27 28 27 27 26 27 25 28 26 27 28 26 28 26 27 28 27 28 27 26 28 29 25 28 27 27 26 28 27 27 28 26 27 25 26 26 27 26 28 28 27 24 30 28 27 29 27 28 28 27 30 28 31 29 29 27 30 30 30 29 30 29 
27 29 29 30 29 31 29 29 30 30 28 27 28 29 27 29 28 29 28 27 29 27 29 27 29 30 28 28 29 28 29 30 27 27 29 27 28 29 30 28 28 29 29 30 27 28 29 29 29 29 27 27 31 28 29 28 26 30 28 28 29 29 32 29 29 28 29 28 29 29 30 28 29 27 29 28 29 28 27 28 27 30 30 28 29 28 29 28 29 28 27 29 28 27 29 29 29 30 29 29 
30 29 29 27 28 30 28 27 28 27 30 27 29 28 27 27 31 29 28 28 30 29 30 28 29 29 28 28 28 29 29 29 29 28 29 30 29 29 28 29 30 29 29 28 28 27 29 29 27 29 30 28 29 29 28 30 30 30 28 29 27 29 31 28 27 30 27 29 30 29 28 28 29 28 27 29 28 29 28 27 28 29 28 27 29 28 30 30 27 29 29 30 31 30 30 26 29 29 29 29 
28 28 29 29 28 28 28 30 29 30 29 29 30 28 29 29 28 28 29 29 28 29 29 29 29 29 29 28 28 27 29 28 27 29 30 27 28 29 27 29 28 29 29 30 28 30 29 27 30 28 28 30 30 28 29 29 28 30 30 29 29 28 29 29 27 29 29 29 29 32 28 28 28 27 28 30 29 29 29 29 28 30 29 29 28 29 30 28 30 28 30 29 29 30 29 30 30 29 28 29 
29 29 29 30 31 28 29 29 30 30 30 29 31 29 30 30 27 28 29 28 28 30 27 28 29 30 30 29 27 29 28 28 29 28 28 28 29 30 31 28 29 29 29 29 30 29 29 28 28 29 31 29 28 27 29 30 29 28 28 28 30 32 28 29 29 29 29 30 31 30 28 29 27 27 30 29 29 30 28 29 30 29 27 30 29 30 29 30 30 29 31 28 29 28 30 31 29 29 28 29 
30 29 29 28 29 30 29 29 28 30 29 28 29 29 28 30 27 31 29 28 27 29 29 27 29 27 28 30 30 27 27 28 28 30 28 28 29 28 28 31 29 28 31 30 29 28 30 28 27 27 27 28 31 26 28 28 29 27 28 29 28 29 28 28 29 29 29 30 30 28 29 28 29 28 28 29 30 28 28 29 29 27 30 29 29 29 27 30 30 29 27 27 28 29 -98 -96 -97 -98 -98 -96 
-97 -98 -95 -96 -97 -96 -96 -95 -97 -98 -96 -95 -98 -97 -98 -98 -95 -98 -95 -96 -95 -96 -98 -96 -95 -96 -96 -95 -96 -96 -97 -96 -96 -96 -96 -93 -96 -96 -96 -96 -96 -95 -98 -97 -95 -96 -97 -97 -98 -97 -95 -95 -96 -96 -95 -96 -98 -98 -95 -96 -96 -97 -95 -97 -96 -98 -96 -97 -96 -98 -96 -95 -96 -95 -95 -96 -96 -97 -96 -95 -95 -96 -94 -93 -94 -92 -93 -92 -92 -91 -92 -89 -88 -88 -86 -85 -83 -82 -77 -78 
-74 -73 -69 -65 -68 -62 -59 -55 -51 -48 -44 -41 -35 -28 -21 -17 -10 1 6 15 21 28 35 43 47 53 57 60 65 68 70 71 72 70 72 73 71 73 75 72 73 73 74 73 74 73 73 71 72 73 73 72 71 72 73 74 72 71 73 69 69 67 65 63 61 59 55 53 53 49 46 44 42 41 36 34 31 32 28 25 25 24 22 20 19 15 15 14 17 14 13 12 14 11 12 12 11 14 15 14 
16 14 15 16 15 17 16 17 17 19 20 20 23 22 24 24 25 26 27 26 29 31 32 32 33 34 34 35 34 37 39 38 37 40 40 41 41 40 41 42 42 44 43 41 42 42 44 43 43 41 42 42 41 43 40 39 39 37 39 37 36 36 33 32 31 32 32 32 30 28 29 27 26 27 27 26 24 25 22 22 22 21 20 19 19 20 19 18 17 19 17 17 17 19 17 16 18 18 17 17 
16 18 18 19 19 21 21 21 23 20 22 24 23 22 25 25 26 26 29 29 30 28 28 32 30 30 32 31 34 34 32 33 33 34 33 34 33 34 35 34 36 34 35 35 35 35 36 36 34 35 34 33 35 34 34 31 33 32 32 32 32 31 28 28 30 28 27 28 25 24 22 22 23 23 22 20 21 18 16 16 17 17 17 14 15 14 14 15 14 12 11 13 11 12 10 10 14 12 11 11 
13 11 12 13 13 14 14 14 15 16 14 15 15 14 16 16 18 16 17 18 17 17 17 18 19 19 19 16 16 18 18 17 17 16 18 18 20 19 17 19 18 19 17 18 20 20 20 19 19 19 21 19 21 21 19 20 20 21 19 19 22 22 21 18 24 21 23 23 21 23 21 24 24 24 25 22 23 23 24 21 20 21 20 23 21 20 19 20 17 22 20 20 19 20 22 21 22 20 22 19 
20 20 21 22 22 21 20 21 18 21 21 21 20 23 22 20 21 21 23 23 24 22 21 22 24 24 21 21 22 20 21 23 22 22 23 26 22 23 23 25 23 22 24 24 24 24 24 23 24 24 24 23 25 24 25 26 26 25 24 25 23 26 23 27 26 26 26 26 25 26 26 26 27 26 26 26 25 26 26 26 25 24 25 24 27 26 28 25 26 28 26 26 28 27 27 25 27 26 26 26 
26 26 25 28 27 27 28 27 28 26 26 26 25 26 27 26 27 25 26 24 24 28 27 25 26 26 26 25 27 26 27 25 25 27 25 26 26 23 27 26 29 27 24 25 27 27 25 26 25 27 25 28 26 26 25 27 25 26 28 26 26 26 26 26 26 24 25 28 27 28 26 26 27 27 28 26 28 28 26 26 26 27 26 26 26 28 28 26 27 26 27 26 25 25 24 26 26 25 25 27 
28 27 25 27 26 25 25 27 27 27 25 26 26 24 27 26 26 26 25 27 25 26 25 26 24 26 24 27 26 25 25 27 26 26 26 26 27 26 26 26 27 27 25 26 24 27 27 26 26 27 28 25 25 26 26 25 27 27 27 28 25 26 27 27 27 28 26 27 27 26 28 27 26 25 27 26 27 26 28 28 26 25 27 26 26 28 26 26 27 27 27 26 28 26 27 28 27 26 27 25 
26 27 26 26 26 26 25 25 27 26 27 26 27 27 27 27 25 27 27 27 26 27 28 26 26 27 27 26 25 26 27 25 26 25 26 25 26 25 28 25 27 25 26 27 26 24 27 26 26 27 26 27 26 26 27 26 28 27 27 25 26 28 26 26 27 26 26 26 25 26 25 25 22 28 27 26 26 27 27 27 28 27 26 27 26 26 28 28 25 27 28 27 28 25 24 27 26 27 25 28 
26 26 26 26 26 27 25 25 26 27 27 28 27 27 24 27 27 26 28 25 24 28 27 27 29 26 27 28 26 26 26 25 26 25 27 28 26 24 25 25 26 26 26 27 27 26 27 26 28 27 27 28 25 24 26 29 27 27 27 26 26 25 28 24 25 27 24 28 26 27 28 26 26 26 24 28 27 26 26 25 27 25 26 27 26 26 27 26 26 26 27 27 26 -97 -96 -100 -97 -96 -98 -96 
-97 -96 -98 -97 -95 -97 -97 -97 -97 -96 -96 -98 -96 -99 -98 -96 -95 -97 -95 -97 -95 -97 -97 -97 -97 -95 -98 -96 -97 -97 -97 -96 -97 -95 -96 -97 -97 -97 -97 -96 -95 -95 -97 -96 -97 -97 -96 -97 -97 -97 -98 -96 -97 -97 -96 -95 -97 -98 -96 -97 -97 -98 -96 -97 -96 -95 -98 -94 -95 -95 -97 -96 -95 -97 -96 -96 -98 -95 -95 -96 -97 -97 -95 -95 -95 -94 -95 -95 -95 -93 -94 -93 -93 -92 -93 -92 -89 -86 -87 -87 
-85 -83 -81 -77 -76 -74 -71 -68 -65 -63 -61 -57 -53 -48 -45 -39 -36 -30 -22 -15 -9 -3 4 11 16 24 32 36 42 48 52 55 59 63 66 67 68 70 71 72 74 72 73 72 73 73 75 74 73 74 75 71 74 74 73 73 73 72 74 72 71 69 70 66 67 65 61 57 58 54 51 48 44 40 37 34 30 27 23 20 17 14 12 10 6 7 4 3 -1 0 -4 -5 -6 -5 -8 -9 -8 -9 -8 -6 
-7 -7 -6 -6 -5 -5 -1 -2 -1 0 3 6 5 7 9 11 12 15 18 19 24 24 24 28 29 32 33 35 37 38 39 43 44 45 45 46 46 48 49 48 48 51 50 51 52 52 50 51 50 51 50 49 49 49 48 47 47 47 45 44 45 44 41 39 40 39 35 37 34 34 32 32 27 28 27 24 24 22 20 20 19 18 17 15 16 14 14 13 13 12 12 11 10 11 12 10 9 6 9 6 
10 11 10 13 10 13 13 16 14 16 13 16 16 17 17 19 19 20 21 22 22 23 25 23 25 25 26 29 28 28 29 31 30 31 31 31 29 28 31 32 33 34 33 31 35 34 32 29 33 31 32 31 30 31 30 29 30 31 31 31 29 31 29 28 29 27 30 29 28 25 28 27 26 26 25 27 26 25 24 24 27 24 24 26 26 25 25 26 24 26 26 23 25 24 25 27 27 27 26 26 
27 27 27 28 27 29 28 28 27 27 28 30 27 29 29 31 29 29 31 31 28 31 31 30 30 29 32 29 29 29 28 30 31 31 31 31 29 29 29 29 32 28 29 29 27 28 29 29 28 27 30 30 28 29 27 28 28 29 28 26 28 27 28 27 27 25 26 29 28 25 28 27 27 25 28 27 27 28 26 28 26 26 26 28 27 27 27 27 26 26 28 29 29 29 26 28 27 28 27 27 
26 28 27 27 26 29 26 27 28 28 27 26 27 25 27 29 25 28 27 27 28 29 28 27 27 27 28 29 29 28 26 26 27 27 31 29 27 29 27 26 28 27 29 26 28 27 30 28 31 28 27 29 29 28 29 27 27 30 28 26 26 28 28 28 28 27 27 28 27 28 28 28 29 28 29 29 30 28 27 27 25 28 29 28 27 28 26 27 26 27 29 26 28 28 28 27 29 27 26 28 
29 28 29 28 28 28 27 28 28 27 27 26 29 27 27 27 27 30 26 26 28 27 28 28 26 28 28 28 29 28 28 30 28 30 29 29 29 29 28 30 27 28 29 28 29 27 29 28 28 26 26 28 28 29 29 30 27 27 28 27 27 29 28 27 27 26 29 28 28 27 28 28 28 27 30 29 29 27 29 28 29 28 26 26 28 28 28 29 27 30 28 27 29 28 27 27 27 29 28 26 
27 28 27 27 28 29 28 29 28 28 27 27 29 26 29 29 29 28 29 27 29 30 27 27 28 26 28 28 27 27 28 29 27 28 26 27 28 28 28 28 26 28 28 28 28 27 28 30 27 28 27 27 27 28 26 28 28 28 28 27 27 29 28 27 29 29 28 28 29 29 28 28 27 27 26 28 29 29 28 27 29 29 29 29 30 27 29 29 29 29 28 27 28 29 29 30 27 28 29 28 
26 28 28 27 28 29 28 28 26 27 27 27 28 26 28 27 28 29 29 28 29 28 29 28 27 28 30 29 27 27 29 27 29 27 27 27 28 27 26 28 29 27 27 27 26 29 28 26 26 28 29 27 26 26 26 25 25 26 26 26 25 26 26 24 25 25 25 26 26 24 25 26 25 26 23 26 24 24 24 25 26 25 26 25 25 24 26 24 25 23 24 27 25 27 25 25 25 26 23 25 
28 24 24 25 26 26 23 24 24 27 24 26 27 25 24 25 24 26 26 24 26 25 26 27 25 28 26 26 25 24 25 26 23 26 28 26 23 25 25 26 24 24 26 26 26 26 27 24 28 28 25 24 27 26 24 25 24 27 25 25 26 27 24 27 26 25 26 25 25 24 27 27 24 25 27 25 24 26 24 24 24 25 26 23 24 24 28 25 25 27 27 3 -103 -103 -102 -103 -103 -103 -104 -103 
-101 -103 -102 -103 -103 -101 -104 -104 -104 -104 -104 -103 -103 -106 -104 -102 -101 -104 -103 -103 -104 -102 -102 -103 -105 -103 -103 -102 -104 -103 -102 -103 -103 -101 -102 -101 -104 -100 -103 -103 -100 -99 -99 -97 -97 -96 -95 -94 -95 -96 -94 -95 -97 -94 -94 -91 -92 -91 -86 -87 -84 -83 -82 -80 -78 -75 -73 -69 -68 -65 -62 -57 -52 -49 -40 -35 -30 -24 -18 -10 -2 6 15 24 31 37 45 52 57 60 62 63 65 67 67 68 67 65 66 64 
64 61 63 63 62 63 61 61 61 63 62 65 64 65 64 65 66 65 65 64 64 62 59 57 55 50 45 39 33 30 23 15 8 1 -7 -11 -17 -22 -29 -33 -37 -42 -46 -49 -55 -55 -58 -60 -62 -65 -66 -68 -67 -68 -69 -72 -71 -69 -71 -71 -69 -70 -67 -67 -68 -67 -66 -63 -58 -59 -55 -55 -50 -50 -44 -41 -37 -34 -29 -26 -21 -17 -12 -9 -3 -2 3 6 10 15 18 21 25 26 29 31 33 34 38 37 
39 39 38 39 41 41 41 42 40 42 41 38 39 38 38 38 37 35 32 31 33 31 29 26 25 22 20 20 20 18 16 14 14 11 11 10 9 6 5 5 3 4 0 1 -2 -1 0 -3 -3 -3 -3 -4 -3 -2 -3 -4 -2 -4 -5 -3 -2 -1 -2 0 0 1 1 3 2 7 6 7 10 9 12 12 14 15 15 16 17 20 21 22 20 22 25 24 25 25 26 26 28 28 27 27 29 29 29 30 
27 29 29 30 31 30 29 28 25 27 28 27 25 26 25 22 25 22 20 21 19 19 19 19 17 16 18 15 13 15 14 14 12 14 12 12 11 10 10 10 12 11 9 10 9 7 10 8 11 10 9 9 11 8 8 10 12 10 10 12 13 13 13 13 12 12 13 13 14 13 15 16 15 18 14 16 16 15 15 15 17 16 14 17 16 18 15 16 16 14 13 15 15 16 15 16 15 16 15 15 
14 15 16 17 16 14 15 14 16 15 14 16 17 16 15 17 17 16 17 15 17 15 16 17 16 18 15 18 16 17 18 17 17 19 17 17 17 20 19 16 19 17 17 20 19 18 18 19 19 20 19 19 22 18 21 19 18 21 20 18 18 22 21 20 20 20 20 19 20 19 19 17 18 19 18 19 18 16 18 17 18 19 19 18 19 17 17 17 18 18 17 19 19 19 17 18 17 17 18 19 
18 17 19 18 20 20 19 17 19 18 16 21 18 18 19 17 21 17 20 21 20 18 19 19 20 18 18 18 20 18 18 20 18 19 20 19 19 19 18 19 18 19 19 19 17 18 18 18 18 19 19 18 19 18 18 18 17 19 18 17 19 20 18 20 19 19 21 18 18 18 19 18 19 20 19 19 19 20 18 18 18 17 20 20 19 19 18 18 18 19 19 18 18 19 18 18 20 17 20 19 
18 17 19 20 17 18 16 19 19 18 20 19 20 19 19 18 20 19 18 18 19 16 20 19 20 21 20 20 19 20 17 19 18 18 20 17 19 19 18 17 18 19 19 19 18 20 19 21 19 18 18 18 17 18 19 20 17 18 18 19 19 18 18 19 19 17 18 18 18 18 19 19 17 17 18 19 17 18 19 20 20 19 19 20 18 19 18 19 20 21 19 18 18 19 18 19 19 20 18 19 
19 19 20 20 19 18 20 21 17 17 20 19 17 20 19 18 20 20 19 18 20 18 19 20 19 21 20 18 20 18 21 17 19 18 20 17 21 19 19 20 20 20 18 20 19 18 21 18 19 19 19 18 19 20 18 20 20 19 19 20 19 19 19 20 18 20 20 18 20 19 20 21 18 19 19 20 19 18 18 21 20 19 18 19 20 19 21 19 21 19 19 19 20 19 18 20 18 19 19 19 
19 19 19 21 18 17 19 20 19 19 18 21 18 20 19 19 20 20 19 18 19 16 18 20 20 18 19 19 20 18 21 19 18 19 19 18 19 21 19 20 19 19 19 20 19 20 20 19 19 18 19 20 19 17 19 18 19 20 20 21 20 21 21 18 19 21 19 19 19 17 19 18 19 20 18 21 19 18 19 18 17 18 19 21 21 18 17 19 20 18 20 21 18 19 17 20 18 19 21 18 
18 18 19 18 18 19 20 19 21 19 19 18 21 20 19 21 19 20 20 19 19 16 21 19 20 19 19 19 20 18 19 17 17 19 20 18 19 19 20 19 18 20 21 20 21 18 20 19 18 20 20 19 21 19 22 20 20 17 19 21 21 17 18 19 17 20 18 18 19 18 18 19 22 19 20 23 18 19 19 19 19 19 17 20 19 19 18 19 20 19 18 -102 -102 -102 -101 -101 -102 -101 -102 -104 
-102 -101 -102 -104 -101 -104 -104 -103 -102 -102 -102 -103 -103 -102 -103 -104 -101 -102 -102 -102 -102 -103 -102 -102 -101 -103 -103 -103 -102 -101 -103 -103 -101 -104 -103 -102 -101 -102 -103 -102 -104 -103 -102 -102 -103 -102 -103 -101 -103 -102 -102 -102 -103 -102 -102 -102 -102 -101 -101 -99 -99 -98 -98 -97 -96 -96 -95 -95 -93 -91 -92 -88 -88 -85 -84 -81 -76 -75 -71 -68 -64 -59 -56 -50 -45 -38 -33 -24 -20 -13 0 7 14 23 30 37 46 51 55 57 
60 63 63 65 65 66 64 63 62 64 63 61 62 61 60 62 61 61 61 60 60 61 62 60 62 63 63 65 66 64 63 64 59 57 56 53 47 44 40 35 31 28 19 17 11 6 0 -1 -5 -10 -10 -10 -14 -19 -19 -22 -23 -22 -24 -25 -26 -24 -27 -26 -26 -24 -25 -24 -21 -20 -19 -17 -15 -15 -12 -9 -6 -5 -3 0 2 7 8 12 13 18 21 24 24 28 30 34 36 38 40 42 44 45 46 48 
49 52 53 55 55 54 54 57 56 56 58 57 56 57 56 57 57 58 56 55 55 54 53 54 51 50 48 46 47 47 42 41 39 37 36 32 32 28 27 24 24 20 17 14 13 11 7 7 7 1 2 0 -4 -3 -3 -7 -7 -7 -11 -12 -10 -12 -12 -12 -11 -12 -13 -11 -12 -11 -6 -8 -7 -7 -7 -6 -4 -2 -1 0 4 4 4 6 8 12 12 15 17 18 19 23 24 25 30 30 30 33 31 34 
35 40 38 41 41 43 43 45 43 47 47 47 44 47 48 46 47 45 47 44 46 45 46 44 43 42 38 41 39 41 36 38 34 35 36 33 30 30 29 29 24 24 23 22 21 20 18 18 15 17 13 12 9 11 10 9 7 7 6 5 4 3 6 5 5 4 6 4 4 5 5 6 7 6 7 8 8 8 12 11 11 12 14 16 15 16 18 17 19 21 21 22 22 24 24 27 26 26 26 25 
26 27 29 30 31 29 30 29 29 28 28 30 29 30 31 30 28 30 31 30 30 29 30 27 28 27 28 29 27 26 27 25 26 25 25 25 24 23 23 24 22 23 21 22 21 21 21 19 18 20 19 20 18 19 19 20 18 20 21 20 19 19 20 21 20 19 18 21 20 21 20 21 22 21 22 22 22 23 23 23 24 26 25 24 25 24 22 27 24 24 25 25 25 25 26 26 25 26 26 28 
25 25 25 26 26 25 26 27 26 24 26 27 27 25 25 25 25 24 26 26 23 25 25 25 25 22 25 25 23 26 23 24 22 21 24 24 22 24 22 22 22 23 23 23 24 23 23 24 22 24 24 23 24 23 24 23 21 24 23 23 24 23 23 24 23 23 23 23 24 24 23 25 23 24 24 25 22 24 24 23 24 26 26 25 25 25 24 23 24 24 24 22 23 24 23 25 24 26 23 26 
23 24 24 25 23 25 24 23 25 25 24 24 23 23 24 26 24 26 22 24 24 25 24 25 24 25 23 24 25 24 24 24 25 25 26 25 25 24 24 25 24 24 23 23 23 24 24 22 23 23 24 24 24 24 23 24 25 22 26 23 23 23 25 24 27 21 25 24 24 26 22 22 25 24 25 25 23 25 24 23 23 24 25 24 25 24 25 24 24 23 24 25 25 24 22 23 24 24 24 23 
22 25 23 25 25 25 24 25 25 24 25 24 25 22 25 24 23 24 22 24 23 26 24 24 24 24 25 23 24 23 22 26 24 23 23 22 23 23 23 25 25 24 25 23 24 25 24 23 25 25 24 26 24 25 21 26 24 25 22 24 24 25 24 24 22 23 25 24 25 26 24 23 25 24 25 23 25 26 25 25 22 24 23 26 24 22 24 25 25 26 25 24 25 26 23 23 21 26 25 25 
23 25 25 23 25 24 25 23 25 24 23 25 22 23 24 24 24 24 22 24 25 24 23 25 25 24 23 23 24 24 23 25 24 24 25 25 24 23 25 23 24 24 25 25 25 24 23 22 26 23 26 24 23 24 24 25 24 21 22 23 25 23 23 25 25 24 22 25 24 25 26 24 24 24 24 23 23 24 23 23 23 24 24 23 24 23 24 25 25 23 24 25 26 23 24 24 24 24 25 24 
24 23 24 24 22 25 26 24 24 22 23 22 24 23 24 25 23 24 25 24 25 25 25 24 25 24 25 24 21 22 26 26 22 25 25 23 25 26 25 24 26 26 24 23 23 24 24 23 23 25 24 24 25 23 24 25 23 23 24 24 25 23 26 23 24 24 23 26 26 24 23 24 24 24 24 23 23 25 25 24 25 23 24 25 25 23 25 25 25 24 -104 -102 -104 -103 -102 -102 -102 -103 -102 -102 
-102 -104 -102 -99 -102 -102 -101 -101 -102 -103 -104 -103 -103 -103 -105 -102 -103 -104 -103 -103 -102 -103 -101 -103 -105 -104 -101 -102 -103 -105 -102 -102 -103 -105 -103 -102 -102 -103 -103 -103 -102 -103 -102 -100 -104 -102 -102 -103 -103 -102 -101 -103 -104 -102 -102 -101 -101 -101 -101 -102 -103 -102 -102 -103 -102 -103 -103 -104 -101 -103 -103 -104 -104 -103 -101 -104 -104 -104 -103 -104 -103 -101 -103 -102 -102 -103 -102 -103 -103 -103 -101 -102 -103 -103 -103 -103 -102 -101 -100 -102 
-102 -102 -100 -102 -100 -99 -100 -99 -99 -98 -97 -97 -97 -96 -95 -94 -93 -93 -89 -89 -86 -84 -80 -78 -78 -74 -72 -67 -63 -60 -54 -51 -44 -41 -33 -29 -19 -14 -6 2 8 18 25 33 39 47 50 54 59 61 63 65 64 66 66 66 65 65 67 64 65 61 63 62 61 61 62 62 62 61 63 63 62 65 66 63 64 61 63 62 61 59 59 57 56 51 49 44 42 40 34 29 28 25 21 20 15 14 12 9 
10 7 5 4 3 5 4 3 4 4 5 6 6 8 8 9 11 10 10 14 14 17 18 18 20 22 24 29 27 30 30 31 33 36 35 39 38 40 40 42 43 43 44 43 46 46 45 47 44 46 47 46 46 47 47 50 46 44 45 45 45 43 46 41 41 43 41 39 37 37 34 34 34 32 31 28 32 29 26 26 23 24 20 19 18 17 17 15 13 12 11 12 10 10 6 8 6 6 6 5 
7 6 7 4 6 4 3 5 5 8 8 7 8 10 9 7 11 11 13 12 12 15 16 16 18 18 19 21 21 23 24 24 22 26 25 28 30 28 30 31 29 31 33 30 35 33 34 34 35 35 34 35 36 34 36 35 35 34 37 32 35 35 34 34 31 34 31 32 31 29 30 29 28 28 28 27 27 25 26 25 26 23 23 23 23 21 22 21 20 20 18 19 18 18 17 17 18 17 16 19 
19 18 19 17 17 17 18 16 18 16 19 17 18 19 19 19 20 20 19 19 22 21 23 20 22 24 23 22 23 24 25 25 27 25 27 27 25 27 27 26 27 28 28 26 28 29 29 29 30 31 28 28 27 28 29 28 28 28 30 29 31 28 29 28 28 27 26 26 26 26 27 29 24 25 25 25 27 27 25 24 24 25 25 24 24 23 24 21 23 24 23 22 22 23 23 22 23 22 23 23 
21 23 22 24 22 23 23 24 24 23 22 23 24 24 26 23 23 23 26 25 25 24 25 25 25 23 25 25 26 23 25 25 26 24 25 26 26 27 27 25 26 25 25 26 27 25 26 24 26 24 27 25 25 25 24 25 25 24 24 26 26 25 24 24 23 26 25 25 22 26 24 27 24 24 25 23 23 25 24 24 24 24 25 27 22 26 24 27 25 22 25 24 24 26 25 25 26 25 29 26 
25 25 24 27 26 26 26 26 26 24 24 24 26 24 26 25 23 25 25 24 25 24 24 24 26 24 24 24 23 26 26 27 24 25 27 24 25 24 27 25 27 25 26 24 25 24 26 24 23 24 26 26 24 25 27 24 24 24 24 24 24 26 26 24 23 23 24 24 26 26 24 26 25 23 26 22 23 25 24 24 26 25 26 27 24 23 24 25 25 24 24 26 24 24 24 23 26 25 25 25 
25 25 24 25 27 24 25 24 24 26 26 23 24 25 25 24 24 24 25 24 25 23 24 24 25 26 25 26 25 25 25 28 25 24 25 23 23 24 26 25 26 25 26 25 26 25 24 27 25 26 25 25 26 25 25 25 24 25 25 25 26 24 25 26 25 25 27 25 26 24 26 25 25 24 25 24 25 26 26 27 26 24 27 27 24 23 27 26 25 24 25 26 25 26 26 26 26 26 26 26 
24 25 28 24 24 24 24 27 23 25 23 25 24 26 25 26 24 24 25 24 25 25 26 25 26 26 24 26 24 26 25 25 25 25 25 26 25 26 25 27 24 26 25 26 25 24 24 26 25 25 24 22 25 24 24 25 25 23 24 25 24 24 25 25 26 24 25 26 25 27 27 26 23 24 27 24 25 26 27 25 26 25 23 24 25 26 25 26 25 27 22 25 25 27 27 25 24 25 24 27 
25 25 25 25 26 24 26 24 24 26 26 24 26 25 24 25 25 23 24 24 24 25 23 25 24 26 25 25 25 24 24 26 25 24 23 26 26 25 25 24 25 25 24 26 25 25 24 26 24 24 25 25 26 26 26 24 25 26 24 26 26 24 25 26 24 23 25 26 26 25 26 24 26 25 24 26 28 26 24 23 25 28 25 25 26 26 24 25 28 -103 -101 -103 -102 -102 -102 -103 -100 -100 -101 -100 
-103 -103 -101 -101 -103 -102 -100 -102 -102 -101 -100 -102 -100 -102 -102 -102 -101 -103 -101 -101 -102 -102 -103 -102 -102 -103 -103 -103 -101 -102 -102 -102 -103 -102 -104 -101 -101 -102 -102 -103 -103 -102 -102 -102 -101 -101 -105 -102 -102 -102 -102 -103 -102 -102 -101 -102 -101 -103 -101 -101 -103 -101 -101 -103 -103 -100 -102 -101 -100 -101 -100 -100 -99 -99 -99 -97 -97 -95 -98 -97 -97 -94 -95 -93 -92 -92 -87 -87 -85 -83 -80 -80 -76 -74 -72 -66 -64 -59 -57 -53 
-48 -42 -36 -30 -23 -17 -9 -1 6 14 22 29 38 43 45 53 57 60 62 64 66 66 65 67 67 67 65 66 65 67 67 65 66 68 65 66 65 65 66 66 65 66 66 65 65 66 65 65 65 63 60 57 57 55 49 51 45 41 39 35 32 29 29 26 22 20 20 17 15 16 14 12 12 10 12 10 13 11 12 10 12 13 13 14 16 17 16 18 17 20 20 24 23 24 24 26 28 30 30 32 
31 34 33 35 37 38 38 38 40 38 40 42 42 43 43 43 42 43 42 42 45 46 42 44 43 42 43 42 42 39 41 42 38 39 39 39 36 34 35 35 35 32 32 31 32 31 27 29 27 25 23 24 23 22 20 18 20 19 16 16 16 16 16 14 15 16 12 13 14 14 14 12 13 13 11 13 14 14 14 13 14 17 17 15 15 20 17 17 20 22 20 20 22 22 22 23 24 23 26 24 
26 27 28 31 30 29 30 30 31 31 30 31 30 33 31 31 31 32 32 32 32 33 31 31 32 33 31 31 31 31 31 31 29 30 29 30 29 30 29 27 29 28 28 28 28 27 25 25 25 24 25 25 26 22 24 24 23 23 23 23 24 21 23 23 23 24 23 22 23 23 24 23 23 22 23 24 26 24 24 25 24 23 27 25 22 25 26 25 26 27 26 26 27 25 26 26 26 27 27 30 
28 27 26 27 28 27 29 30 28 26 28 28 27 28 27 28 28 27 26 29 27 26 26 28 28 26 27 28 25 26 24 28 26 26 25 26 27 27 27 25 26 25 26 25 26 27 26 26 25 26 27 28 25 27 26 25 26 26 27 27 26 25 27 28 25 25 27 29 26 27 25 25 29 28 26 28 28 28 26 25 25 26 26 26 26 28 28 28 28 26 27 26 26 27 26 26 26 27 26 27 
28 28 27 27 27 26 27 27 28 27 26 28 27 27 26 25 28 27 26 27 28 28 27 26 26 28 27 27 28 26 28 26 28 27 27 25 27 26 27 26 27 26 27 29 26 27 27 27 25 25 28 26 27 28 26 27 27 28 26 28 25 27 26 25 26 26 27 26 28 26 26 26 27 25 25 27 27 27 29 27 27 25 27 27 25 28 26 27 26 27 26 27 28 25 27 26 28 27 27 26 
28 25 27 27 28 28 27 28 27 27 27 28 27 25 27 27 26 27 26 26 27 28 26 27 27 28 26 28 27 26 27 26 28 28 26 27 28 28 27 27 26 26 26 27 25 26 27 27 27 26 26 27 27 27 26 26 25 28 26 27 28 27 27 28 27 28 27 28 27 26 25 25 26 26 27 28 26 26 26 27 27 28 26 27 27 27 26 27 25 26 25 26 23 28 26 27 30 27 26 28 
25 27 26 28 26 28 27 25 27 26 27 26 25 28 25 25 27 27 26 25 26 26 27 28 25 27 25 27 27 27 27 27 26 27 28 24 26 27 26 28 27 26 25 26 26 28 26 28 27 26 26 27 27 26 27 27 27 29 26 28 28 27 27 28 26 26 26 27 27 29 26 26 26 27 27 27 28 26 28 26 27 26 27 27 26 27 28 27 27 28 26 27 28 27 26 26 26 26 26 26 
25 27 26 27 26 27 28 27 26 27 26 26 26 28 28 26 27 28 29 26 27 29 26 28 27 27 26 27 27 26 26 29 29 28 27 27 24 26 26 27 26 28 27 27 26 27 26 26 26 27 27 27 25 26 28 28 28 27 25 28 27 26 25 26 28 27 27 25 26 27 28 25 26 26 25 26 26 28 29 26 26 27 27 27 26 26 27 28 27 27 28 26 29 27 27 27 29 26 27 27 
26 27 26 26 26 26 28 27 27 27 27 27 28 27 24 26 28 27 26 27 25 27 26 26 26 27 27 26 27 28 29 26 26 26 28 26 27 26 27 26 28 26 29 27 27 25 27 28 27 27 28 25 27 27 26 26 27 28 27 26 27 28 28 26 26 26 28 27 25 27 25 26 27 27 26 26 28 26 26 26 26 28 28 27 28 27 25 27 -102 -100 -100 -99 -101 -99 -102 -102 -99 -101 -101 -100 
-100 -100 -102 -102 -101 -100 -100 -102 -101 -99 -101 -101 -99 -101 -101 -100 -100 -101 -100 -101 -100 -99 -100 -99 -98 -98 -98 -98 -96 -96 -95 -95 -93 -93 -89 -90 -86 -85 -82 -79 -78 -74 -72 -69 -64 -62 -54 -49 -45 -40 -33 -28 -22 -14 -7 -2 10 18 23 33 40 45 48 55 56 59 62 67 64 66 66 66 67 67 67 65 66 65 65 68 65 68 66 65 64 66 66 65 65 65 67 66 67 65 65 63 63 62 59 57 
56 54 49 47 46 42 40 38 35 34 33 31 27 25 23 23 20 17 17 16 14 14 13 11 13 13 12 11 11 13 12 11 13 11 14 15 14 13 16 16 18 19 19 19 18 22 22 20 22 25 26 27 27 28 27 29 29 32 31 33 34 34 32 35 36 35 37 36 37 36 35 37 34 37 36 37 39 38 37 37 38 36 36 36 35 35 34 35 34 35 32 34 33 30 32 31 29 28 29 25 
29 26 26 26 26 22 21 21 22 22 21 22 20 19 20 19 18 20 17 19 19 19 15 18 16 20 17 18 19 17 20 17 19 17 19 21 19 20 22 21 23 23 22 23 23 22 22 25 23 24 24 23 24 26 28 27 25 27 27 30 28 27 28 29 29 32 30 30 31 31 32 31 31 30 30 32 31 30 30 30 29 29 28 30 29 28 30 28 25 27 23 26 24 24 23 22 22 21 20 21 
18 18 16 18 18 14 15 13 13 11 10 12 10 10 11 10 9 10 10 9 9 7 11 9 11 13 11 12 11 10 11 12 14 15 14 16 16 17 18 20 19 21 22 25 25 24 24 24 27 28 27 30 29 31 32 32 33 32 32 34 36 35 35 37 35 36 37 36 36 34 38 37 36 38 37 36 34 37 35 35 35 35 33 34 33 31 33 32 29 29 29 29 29 28 26 27 23 28 24 26 
25 23 23 23 23 20 23 21 20 20 19 17 19 18 17 18 18 17 20 17 19 18 16 19 18 18 16 17 17 19 18 17 19 19 21 19 22 20 20 21 20 21 21 21 23 22 21 22 26 24 25 23 23 23 23 25 23 23 24 24 24 23 25 23 23 24 22 22 22 24 22 22 21 22 21 21 23 25 22 22 25 23 23 21 20 23 21 21 21 21 22 22 22 18 23 22 23 22 22 23 
23 22 21 21 23 22 22 22 22 24 22 20 21 22 23 22 23 22 22 21 22 24 23 21 22 24 23 23 22 23 24 22 22 22 23 22 21 21 22 21 23 23 22 22 24 24 21 22 23 23 23 24 23 25 24 22 24 23 23 25 22 24 23 22 22 22 23 22 22 23 23 25 25 23 23 23 24 24 23 25 23 23 23 22 24 24 22 22 24 23 23 24 22 24 22 22 21 23 23 20 
23 23 24 23 24 22 22 22 23 23 25 23 24 25 23 23 24 24 26 23 21 22 24 22 23 22 23 22 23 22 23 23 23 23 21 24 24 25 24 25 23 22 23 22 23 22 23 22 24 24 22 25 22 21 25 23 24 23 24 24 24 22 24 23 23 23 22 22 23 24 23 22 23 23 23 22 24 22 23 22 23 24 22 24 25 24 22 22 23 24 23 22 22 24 24 23 23 25 23 23 
24 22 24 21 23 23 23 21 24 23 25 23 24 24 25 22 23 21 23 24 23 23 24 23 24 21 23 24 23 24 22 23 23 22 24 24 23 23 24 23 24 22 21 23 22 23 22 21 21 23 23 24 22 24 24 23 22 24 23 22 25 24 25 22 22 23 23 23 24 22 22 24 24 23 23 23 23 23 22 25 23 25 24 22 22 22 22 22 22 25 23 24 25 24 22 23 24 24 24 24 
24 23 23 22 22 22 20 25 23 24 23 21 23 23 23 24 24 21 22 22 25 22 23 22 22 22 22 24 24 23 24 24 23 22 22 23 23 25 24 22 21 23 24 22 22 22 21 23 22 23 22 23 21 23 24 24 23 21 22 25 22 21 22 24 23 20 22 23 22 22 22 22 24 21 23 21 23 25 21 24 22 22 25 25 22 23 25 22 22 24 24 22 21 23 23 22 22 23 23 23 
23 23 24 23 22 22 22 23 22 22 20 23 23 22 22 22 23 23 23 23 22 22 25 21 24 21 21 26 22 22 22 23 23 22 21 23 26 23 22 23 23 24 22 23 23 22 23 21 22 22 21 22 23 24 21 22 23 23 23 23 22 23 21 21 23 21 23 22 26 24 22 24 23 22 22 24 23 23 22 23 24 26 22 23 25 20 22 -101 -102 -101 -101 -102 -99 -99 -99 -100 -100 -100 -100 -103 
-100 -100 -100 -98 -101 -98 -99 -101 -101 -98 -101 -101 -100 -101 -101 -100 -99 -101 -99 -101 -98 -101 -101 -100 -101 -100 -100 -100 -99 -100 -100 -100 -102 -100 -100 -99 -99 -101 -100 -101 -99 -102 -100 -98 -98 -99 -99 -98 -98 -99 -99 -100 -98 -102 -99 -100 -98 -101 -99 -101 -100 -101 -99 -98 -99 -99 -101 -100 -100 -101 -100 -102 -101 -100 -99 -100 -101 -101 -102 -102 -100 -101 -99 -98 -101 -100 -102 -100 -99 -99 -99 -98 -101 -101 -100 -97 -98 -99 -97 -96 
-96 -96 -95 -96 -95 -95 -93 -92 -92 -90 -89 -86 -84 -82 -78 -79 -74 -71 -69 -65 -61 -59 -54 -49 -43 -37 -31 -26 -20 -15 -7 2 9 16 25 29 37 44 49 52 56 59 61 62 66 65 69 67 69 68 70 69 67 66 68 66 67 66 64 64 66 66 64 67 67 65 65 65 64 66 63 63 61 61 59 60 59 56 53 52 48 49 45 43 41 42 38 39 40 36 35 34 34 34 34 35 33 33 36 35 
33 35 36 36 37 37 39 38 40 40 40 40 42 46 42 44 44 43 44 45 43 45 45 47 45 47 45 47 45 45 48 45 48 45 45 46 46 44 46 46 43 42 44 42 40 41 41 41 41 40 38 37 39 38 38 36 38 36 35 34 34 32 32 31 32 33 31 29 29 31 29 31 29 30 29 30 29 29 28 29 30 30 30 31 31 28 30 30 30 32 27 33 33 32 30 32 32 31 33 33 
33 34 36 34 37 37 35 36 35 37 36 38 37 37 37 37 37 38 36 37 37 38 38 37 39 38 37 38 36 37 36 38 36 36 35 35 34 34 35 35 34 30 34 35 33 33 32 32 32 33 31 31 32 33 33 31 32 31 32 31 32 31 31 31 32 30 32 32 30 31 33 33 33 31 33 33 32 33 31 33 31 32 32 33 33 33 33 31 32 32 33 32 33 34 35 34 33 35 33 32 
32 35 31 33 34 34 33 33 32 34 33 34 34 33 32 32 34 33 34 33 32 32 33 31 33 34 33 32 32 30 31 34 32 34 31 33 34 34 31 31 34 33 34 33 34 35 32 33 33 32 33 34 33 33 33 32 33 33 32 32 32 31 33 31 32 32 34 31 32 33 34 31 33 33 34 33 33 32 32 33 31 34 32 34 34 32 34 33 33 33 33 32 31 30 34 32 32 34 31 32 
33 32 32 32 36 30 32 31 33 33 32 31 31 32 32 31 30 32 30 31 32 32 31 32 32 30 29 32 32 32 33 30 30 32 34 32 33 31 32 32 31 30 33 31 32 31 32 34 32 32 32 30 33 31 33 31 32 33 32 32 31 34 32 31 32 32 32 30 33 32 31 31 31 32 31 31 32 32 30 32 31 32 31 32 30 31 32 31 34 33 33 31 32 31 34 32 29 30 32 32 
32 30 34 32 32 30 33 33 32 32 34 30 32 30 32 31 31 31 32 32 28 31 32 33 33 30 32 30 30 32 32 31 30 32 34 31 32 30 30 32 30 32 31 33 31 32 30 32 31 33 29 32 30 31 31 31 31 32 30 30 33 30 32 32 33 33 31 32 31 31 31 34 32 31 32 32 31 31 33 30 32 31 31 32 32 32 32 31 32 29 31 32 32 32 31 31 31 33 35 31 
31 33 32 31 33 32 32 33 33 30 30 33 33 33 33 31 31 35 30 31 33 32 31 32 32 30 34 32 32 31 32 33 30 30 33 32 32 31 32 33 32 30 31 31 31 31 31 29 32 32 31 33 32 33 31 30 35 34 32 31 31 31 33 31 31 33 32 30 31 33 33 31 31 32 31 32 30 31 32 32 32 31 30 31 31 31 32 32 30 32 33 32 32 32 32 32 31 31 32 30 
30 30 30 31 31 32 31 32 32 31 31 32 33 32 33 30 32 31 32 31 32 31 32 31 31 32 33 31 33 31 34 33 33 30 30 31 32 31 31 31 33 31 32 32 32 31 32 32 29 33 30 33 31 32 33 31 30 34 30 31 31 32 33 31 31 32 32 32 31 33 32 32 33 31 31 30 32 29 32 34 33 33 32 31 30 30 33 31 30 32 35 32 31 33 32 33 33 33 33 32 
30 31 33 32 32 30 32 32 30 32 33 32 31 32 31 32 29 30 33 32 32 31 32 31 33 31 32 32 32 31 34 34 31 31 31 30 32 31 31 32 31 32 31 33 32 31 33 30 33 30 31 33 32 30 33 36 32 32 31 32 31 31 32 32 34 33 32 32 32 32 31 32 32 28 29 33 33 32 31 32 31 33 34 32 32 32 -104 -103 -103 -102 -102 -102 -103 -104 -103 -100 -102 -103 -104 -105 
-102 -102 -103 -103 -104 -101 -103 -101 -102 -102 -101 -102 -101 -102 -102 -102 -104 -103 -102 -104 -101 -104 -102 -102 -102 -102 -102 -103 -102 -101 -101 -102 -101 -100 -102 -101 -99 -99 -99 -100 -99 -99 -98 -98 -97 -95 -96 -93 -94 -90 -89 -89 -87 -86 -83 -82 -81 -77 -74 -70 -68 -65 -59 -54 -52 -47 -43 -36 -32 -23 -18 -9 -4 5 11 19 27 33 39 45 51 51 56 57 61 63 63 62 65 65 66 64 67 65 67 66 65 65 66 67 
68 66 68 65 67 65 66 64 66 64 65 61 61 60 57 57 56 53 51 47 46 42 41 40 36 36 31 31 27 27 25 24 22 21 19 17 17 19 18 17 16 17 17 17 19 19 19 18 21 24 23 22 26 26 26 29 29 31 31 30 32 33 34 36 37 38 37 39 40 40 42 43 41 41 44 43 44 44 45 45 46 46 44 45 45 44 42 44 42 41 43 42 41 40 41 37 39 39 37 36 
35 34 33 31 32 29 30 28 25 26 24 23 23 22 23 23 18 20 18 18 17 15 17 16 15 15 14 13 14 13 15 14 14 14 16 15 15 15 16 16 17 18 18 18 20 19 19 21 22 22 24 21 24 23 26 26 26 27 28 28 29 29 27 31 31 32 31 33 32 32 32 34 33 34 32 33 33 34 34 31 32 33 32 32 32 31 32 32 31 29 30 30 30 33 28 30 31 30 28 30 
27 28 26 29 27 26 28 27 26 26 25 26 27 25 25 23 23 23 26 27 24 26 24 27 24 25 27 25 25 25 27 23 26 24 26 27 24 25 27 25 26 28 28 27 28 26 26 26 27 28 29 27 29 29 28 28 27 27 29 29 27 27 29 29 28 29 30 28 29 28 28 28 27 28 28 28 26 27 27 29 28 28 27 27 27 26 28 26 28 27 27 26 27 27 27 27 27 27 27 26 
27 28 26 27 27 26 26 27 27 28 27 25 27 27 28 29 28 28 28 27 29 28 28 27 26 29 29 28 29 28 29 28 27 28 28 27 31 27 28 28 29 26 29 26 29 28 27 28 26 27 28 26 27 27 27 27 30 27 26 27 28 26 27 26 24 29 27 29 26 29 27 26 28 28 27 29 28 28 28 27 29 28 28 27 26 29 28 27 27 25 25 28 28 27 26 26 28 28 27 26 
28 28 27 28 28 30 28 30 26 28 26 27 27 28 26 28 27 28 26 29 27 29 27 27 27 28 27 26 29 27 27 29 28 26 28 27 25 29 27 26 26 27 27 28 26 27 26 26 31 28 28 27 26 26 27 28 27 28 27 28 27 28 27 29 26 28 29 26 27 27 26 28 28 28 28 26 27 27 27 28 27 28 27 27 28 27 28 26 29 29 28 28 25 26 28 27 28 29 28 29 
27 28 27 27 29 28 28 28 27 26 26 28 27 26 27 27 28 28 27 29 27 28 27 27 28 25 28 28 29 27 27 28 27 28 29 28 26 27 28 29 26 28 27 28 28 27 27 28 27 28 29 26 26 28 27 26 31 27 27 26 28 29 29 29 27 29 27 28 27 25 26 28 26 28 30 27 29 28 28 26 27 28 28 26 28 29 27 28 28 27 28 25 30 28 27 27 28 25 28 28 
28 25 26 27 27 26 29 28 28 28 28 25 27 27 27 30 26 28 27 26 29 27 28 29 29 26 28 28 27 29 28 28 26 28 26 26 28 28 27 27 29 29 30 28 28 28 28 29 27 27 27 26 27 27 28 26 27 28 27 27 29 28 27 28 29 27 28 28 29 26 27 30 28 26 27 28 29 26 28 28 28 28 28 30 28 26 27 30 26 29 28 28 27 28 28 28 30 27 28 27 
30 29 27 27 27 26 28 29 27 28 29 28 27 27 27 27 29 29 28 27 29 27 29 27 27 27 29 28 28 27 26 29 27 28 28 29 27 28 26 27 27 26 27 28 28 28 28 28 26 27 29 28 27 28 27 28 26 27 29 29 28 27 27 28 29 28 28 27 28 27 30 27 28 28 29 27 28 28 28 27 28 28 27 30 29 27 27 28 29 28 28 28 27 27 27 28 29 28 28 29 
28 27 29 28 28 28 29 27 28 30 28 28 27 29 28 29 31 29 27 28 28 29 27 28 28 29 26 27 29 29 27 27 30 27 28 28 29 29 28 27 29 28 28 28 27 28 27 28 27 29 28 29 27 27 27 26 28 27 28 27 25 29 28 28 27 28 28 27 28 26 27 29 25 27 27 30 26 26 26 27 27 29 29 28 28 -100 -101 -99 -100 -101 -101 -101 -101 -100 -101 -100 -101 -100 -100 -104 
-102 -101 -99 -102 -102 -101 -101 -101 -101 -101 -101 -100 -102 -99 -99 -100 -101 -101 -102 -100 -101 -101 -101 -100 -100 -101 -102 -101 -100 -101 -100 -101 -101 -100 -99 -98 -102 -102 -101 -100 -101 -103 -100 -101 -102 -102 -100 -100 -101 -101 -102 -102 -99 -101 -98 -100 -100 -98 -100 -101 -101 -100 -101 -99 -99 -98 -99 -100 -99 -97 -96 -96 -95 -96 -96 -95 -95 -95 -92 -90 -89 -88 -87 -85 -82 -81 -79 -73 -72 -71 -65 -65 -60 -55 -51 -48 -43 -35 -29 -23 
-18 -15 -6 0 8 12 18 25 31 37 40 47 47 51 56 59 59 62 60 64 66 64 64 64 66 68 64 65 66 65 64 64 64 65 63 63 61 64 61 61 62 58 58 54 56 53 51 49 49 46 45 42 40 38 38 37 35 34 32 31 33 31 30 27 32 30 28 29 30 28 28 28 30 32 29 33 32 31 31 35 36 35 36 37 37 37 37 39 42 40 42 41 40 41 43 44 44 43 43 46 
45 44 45 43 42 46 45 45 48 45 46 46 45 42 44 44 43 43 44 43 41 41 44 40 39 39 38 38 38 37 37 38 37 35 37 35 34 35 35 32 32 32 31 32 31 31 32 31 32 31 32 32 29 33 30 30 33 30 30 31 32 33 32 32 33 34 34 33 33 34 34 34 35 35 35 35 35 36 37 36 36 37 37 36 37 39 38 37 39 40 39 39 40 37 38 37 37 36 39 36 
34 39 38 35 38 38 38 36 36 37 37 34 34 34 35 36 34 34 31 34 34 34 34 32 34 33 33 34 32 34 32 32 33 32 34 31 34 34 33 33 34 33 34 32 34 32 32 34 33 34 33 33 33 33 35 33 32 36 33 34 34 35 36 35 36 36 35 36 36 35 35 36 37 34 35 35 36 36 35 33 35 33 37 33 34 34 34 32 34 33 36 35 34 34 35 34 33 34 33 36 
34 37 34 35 35 37 34 36 35 35 35 34 34 33 35 34 36 34 35 35 35 35 34 36 33 36 34 35 35 34 35 32 35 35 35 34 33 35 33 35 34 35 33 33 35 34 35 35 34 35 34 33 33 34 32 33 36 35 35 34 32 32 34 33 35 35 35 34 35 34 34 34 32 34 36 34 35 33 35 34 35 34 33 34 33 36 35 34 36 34 35 33 33 33 34 32 35 34 34 36 
32 34 37 33 34 36 34 36 33 35 33 35 35 34 33 35 35 35 35 33 34 36 35 34 34 31 35 33 34 35 34 33 35 35 33 35 36 36 34 32 35 35 35 33 35 35 34 34 34 35 35 35 35 35 34 34 36 35 34 35 35 34 35 33 35 35 35 36 33 36 33 34 32 33 35 34 37 35 32 32 33 35 35 34 33 35 35 37 33 36 35 34 36 35 34 35 34 34 33 33 
35 35 36 33 34 33 36 33 34 36 34 32 34 34 34 33 33 36 35 34 35 34 33 35 34 33 34 34 34 33 35 36 36 35 33 33 35 34 35 33 35 34 33 35 34 34 32 36 35 35 35 36 34 34 34 33 36 34 35 33 35 33 35 33 34 33 35 35 34 34 36 34 34 35 33 33 35 34 34 35 35 36 35 34 36 34 34 34 34 36 35 33 34 35 35 35 33 34 35 35 
35 34 35 35 35 34 35 36 33 34 36 34 36 34 34 33 35 36 35 33 34 36 36 36 33 36 35 33 35 35 33 33 34 33 33 34 34 35 35 34 33 35 34 33 33 32 35 34 33 33 37 36 35 33 35 35 37 34 35 34 32 34 35 35 33 35 36 33 34 33 33 35 36 35 35 34 33 33 34 36 36 34 36 34 35 36 34 35 34 34 35 33 33 34 34 36 33 34 33 33 
34 36 33 32 33 34 35 35 34 34 36 34 33 33 35 36 35 34 33 35 34 36 35 33 36 33 34 35 36 35 34 35 34 34 33 34 33 35 34 35 34 33 34 36 34 36 34 35 36 34 35 35 35 36 34 36 32 34 34 33 34 35 33 33 34 35 36 34 34 34 35 35 34 37 35 34 35 34 33 34 33 33 33 35 35 34 34 35 34 35 34 34 34 34 35 35 35 35 35 35 
37 34 35 34 34 35 34 34 33 35 34 34 35 35 35 34 33 34 35 36 33 34 33 34 34 34 35 35 33 34 34 33 34 34 36 35 33 33 35 34 34 32 33 34 35 35 35 35 34 34 34 32 32 36 35 35 36 33 35 33 35 34 35 35 33 35 35 35 34 33 33 35 33 35 35 35 35 34 33 34 36 34 32 47 -100 -101 -102 -99 -102 -101 -100 -101 -100 -99 -99 -101 -100 -100 -101 -102 
-100 -100 -100 -100 -101 -99 -100 -99 -102 -100 -99 -100 -100 -101 -102 -101 -99 -99 -102 -100 -100 -100 -101 -101 -101 -102 -101 -100 -101 -101 -101 -100 -101 -100 -99 -102 -102 -102 -100 -102 -101 -99 -100 -99 -100 -101 -101 -102 -100 -100 -102 -102 -102 -99 -101 -100 -101 -100 -99 -99 -100 -101 -100 -101 -102 -102 -101 -100 -101 -100 -99 -99 -100 -98 -97 -96 -94 -95 -95 -95 -95 -95 -92 -89 -90 -88 -83 -84 -81 -77 -75 -71 -71 -67 -63 -60 -56 -51 -46 -42 
-36 -32 -26 -18 -12 -3 1 11 18 26 31 37 43 47 51 58 58 62 60 65 64 64 67 68 68 67 66 68 63 65 65 67 66 68 68 68 64 66 67 65 67 66 65 64 65 62 63 59 56 53 51 48 45 42 40 37 30 27 24 20 16 14 11 9 6 1 1 -2 -6 -7 -9 -9 -11 -11 -13 -14 -17 -15 -17 -17 -15 -15 -14 -15 -14 -14 -11 -10 -10 -9 -8 -6 -5 0 -2 2 2 5 8 9 
10 15 12 17 19 20 23 23 22 28 30 30 30 31 31 34 34 36 37 37 37 39 40 39 40 41 41 40 38 41 40 41 38 40 40 38 40 38 38 40 37 37 33 37 35 33 33 32 30 31 29 26 26 28 26 26 23 25 24 22 20 19 20 18 18 17 16 14 15 14 13 13 12 13 13 12 12 11 12 11 12 12 12 12 12 11 13 13 14 12 14 16 15 16 17 19 17 19 20 19 
20 22 20 22 23 24 24 22 24 28 26 27 28 29 28 29 28 32 29 30 29 31 30 31 32 32 31 32 32 31 30 31 31 32 33 32 30 29 31 29 29 30 29 26 29 28 27 28 28 27 27 26 27 25 24 24 24 22 25 23 23 23 22 22 21 22 23 21 23 21 20 21 22 20 21 21 20 20 23 21 21 22 22 21 21 22 22 22 22 22 23 23 24 23 23 23 24 23 22 24 
27 25 24 25 25 25 27 26 25 27 25 26 28 26 27 26 26 25 28 28 27 27 29 26 28 24 24 26 27 28 25 26 26 25 27 26 28 25 25 27 27 27 25 25 26 27 25 26 24 24 25 23 26 24 24 27 25 25 26 24 25 26 23 26 25 24 23 24 25 24 25 24 26 25 27 25 24 25 26 25 26 24 26 24 26 24 26 27 26 25 27 26 25 25 24 25 25 25 26 25 
26 27 23 25 26 26 24 25 24 26 26 27 26 25 24 26 26 26 26 29 24 24 24 25 26 25 25 25 22 24 26 25 25 27 26 27 26 24 26 26 26 26 26 25 24 25 25 25 27 26 25 25 25 25 24 26 23 25 28 26 26 27 26 26 25 26 23 26 27 26 27 26 27 27 26 23 24 25 27 24 27 27 26 25 26 23 27 28 26 25 25 25 24 24 25 24 25 26 25 26 
24 24 25 26 25 24 23 27 25 26 25 24 25 25 26 27 27 26 25 25 25 25 24 26 24 27 24 26 26 23 26 26 26 24 25 27 24 27 26 24 26 24 26 24 26 25 25 25 26 24 24 23 25 26 25 27 25 26 26 26 27 24 26 27 25 24 24 26 28 23 27 28 24 25 25 24 25 23 25 25 25 24 25 23 25 25 25 26 25 27 28 27 23 25 24 25 26 24 23 24 
23 25 25 25 24 26 25 24 27 26 24 25 26 25 25 25 24 24 26 24 27 26 27 25 25 25 26 24 26 27 25 25 25 25 27 23 24 25 27 26 25 25 27 24 26 26 26 25 25 26 26 24 23 25 26 28 26 26 26 26 25 28 26 23 25 26 27 25 24 25 26 25 26 27 23 23 26 26 27 25 23 26 23 26 26 27 27 27 25 25 26 24 26 24 25 26 24 28 26 24 
24 26 24 26 25 25 24 26 25 25 25 26 26 24 26 26 25 25 26 29 25 26 25 25 26 26 26 25 26 26 26 26 24 25 27 28 26 26 26 29 27 26 27 25 25 25 23 27 24 26 26 24 25 26 26 25 26 24 26 25 25 25 27 25 26 27 24 25 26 26 25 25 25 25 25 25 25 27 25 24 27 27 25 25 25 25 25 25 25 27 26 27 24 25 25 26 25 27 25 25 
25 26 24 24 27 26 27 25 26 27 24 25 26 26 25 24 25 25 23 25 27 26 25 25 25 25 27 26 25 25 24 27 26 27 26 25 27 25 25 26 25 25 27 25 26 25 25 26 28 26 27 28 25 25 23 26 24 24 24 25 26 27 24 27 23 26 26 25 26 26 24 25 22 27 24 27 27 27 26 26 27 25 