-90 9 9 11 11 9 11 10 8 10 11 11 10 12 10 11 11 9 10 11 9 12 9 11 12 9 12 10 9 10 11 10 10 9 12 9 10 11 8 10 11 10 9 11 11 11 10 9 11 12 9 11 10 10 8 9 10 11 10 11 8 9 12 10 11 10 10 9 11 11 9 10 10 9 10 9 8 11 9 11 10 11 12 12 13 12 13 13 13 14 16 15 14 17 17 16 17 18 21 20 
18 21 20 22 20 21 21 21 23 21 21 20 19 18 18 15 13 12 13 10 6 6 4 3 -1 -3 -7 -9 -10 -15 -17 -20 -22 -24 -26 -28 -33 -36 -39 -41 -44 -46 -50 -53 -56 -59 -62 -64 -66 -67 -71 -71 -74 -76 -79 -80 -84 -85 -85 -88 -88 -91 -92 -94 -95 -96 -98 -99 -102 -104 -104 -106 -106 -109 -111 -111 -113 -113 -117 -118 -117 -119 -121 -123 -122 -124 -125 -126 -128 -127 -127 -129 -130 -131 -129 -132 -133 -132 -134 -134 
-132 -134 -134 -135 -135 -134 -134 -136 -136 -136 -136 -135 -137 -134 -135 -136 -136 -135 -136 -134 -135 -137 -137 -136 -137 -135 -136 -136 -136 -134 -134 -133 -133 -134 -132 -133 -132 -133 -132 -130 -129 -128 -129 -127 -127 -125 -124 -122 -123 -121 -119 -116 -117 -115 -112 -111 -109 -111 -107 -102 -102 -99 -98 -96 -94 -89 -88 -86 -84 -79 -75 -75 -72 -68 -66 -62 -58 -54 -53 -51 -45 -41 -38 -35 -32 -27 -25 -20 -16 -14 -10 -10 -6 -3 -1 3 6 8 10 12 
13 17 16 18 18 20 21 21 21 22 24 22 23 23 22 22 22 22 21 20 19 17 17 16 18 19 18 18 16 18 15 14 14 15 15 15 14 13 16 14 14 12 14 13 16 14 14 13 15 15 15 14 15 15 12 13 13 14 13 13 14 14 13 11 14 13 15 13 12 14 13 15 15 15 15 15 16 16 17 17 16 19 19 18 20 21 22 22 21 24 22 24 21 23 23 23 22 21 23 22 
20 23 20 19 17 17 17 15 12 11 11 8 7 3 1 -1 -4 -7 -10 -15 -17 -17 -20 -25 -28 -29 -32 -35 -39 -41 -45 -46 -48 -50 -55 -55 -59 -60 -63 -63 -68 -70 -72 -75 -77 -79 -83 -84 -86 -89 -87 -90 -92 -95 -98 -100 -100 -103 -103 -105 -107 -108 -111 -110 -113 -113 -117 -117 -115 -118 -120 -121 -123 -125 -124 -124 -124 -124 -123 -127 -127 -129 -127 -130 -131 -129 -130 -130 -131 -132 -132 -131 -131 -133 -132 -130 -132 -132 -130 -131 
-131 -132 -131 -131 -131 -132 -131 -131 -131 -130 -132 -132 -133 -131 -131 -132 -131 -131 -130 -131 -132 -129 -132 -132 -131 -131 -130 -130 -129 -131 -130 -130 -127 -129 -128 -129 -127 -128 -128 -126 -126 -127 -126 -127 -123 -121 -122 -119 -120 -118 -115 -112 -111 -110 -109 -108 -103 -102 -101 -100 -100 -94 -95 -89 -87 -84 -82 -79 -78 -75 -70 -69 -67 -61 -58 -56 -52 -50 -47 -43 -41 -40 -36 -30 -28 -28 -22 -19 -16 -15 -11 -10 -8 -6 -4 0 2 3 4 7 
8 10 13 13 15 17 18 18 20 19 21 20 22 22 22 20 22 21 21 22 23 23 21 21 20 20 22 22 17 17 19 16 16 16 16 12 14 15 15 16 15 16 16 17 18 16 18 17 16 16 18 19 17 17 18 18 19 17 18 18 17 20 19 19 19 20 19 19 19 20 19 20 22 21 20 25 23 22 23 22 23 22 23 24 22 22 20 20 19 20 15 15 14 12 10 10 5 6 5 2 
-1 -2 -6 -6 -8 -13 -15 -18 -23 -25 -28 -31 -34 -39 -41 -43 -44 -47 -51 -55 -56 -59 -62 -63 -66 -66 -69 -73 -75 -75 -78 -81 -83 -83 -85 -84 -86 -89 -90 -91 -92 -92 -98 -95 -97 -99 -99 -102 -104 -102 -104 -103 -105 -107 -107 -110 -109 -111 -112 -113 -112 -113 -114 -114 -117 -117 -118 -119 -120 -118 -120 -122 -122 -123 -122 -123 -125 -123 -125 -125 -126 -127 -127 -126 -127 -127 -129 -129 -129 -129 -128 -132 -130 -131 -129 -131 -130 -129 -130 -130 
-130 -131 -131 -131 -131 -129 -131 -130 -130 -129 -131 -130 -130 -132 -130 -132 -129 -130 -130 -127 -132 -129 -127 -130 -129 -130 -128 -128 -127 -128 -127 -125 -126 -124 -124 -126 -124 -124 -121 -121 -121 -120 -120 -118 -119 -116 -114 -113 -111 -112 -112 -110 -107 -104 -103 -100 -99 -97 -96 -94 -91 -91 -88 -85 -84 -79 -78 -75 -72 -70 -68 -68 -62 -60 -56 -54 -51 -48 -46 -43 -40 -38 -38 -32 -30 -26 -25 -24 -18 -17 -16 -14 -11 -9 -7 -7 -3 0 2 3 
5 7 8 11 13 13 15 16 17 20 16 18 19 22 22 22 24 24 23 25 23 22 22 21 20 21 21 21 21 21 21 18 18 20 19 16 17 18 15 15 16 16 14 14 14 14 13 12 16 15 11 13 13 14 12 11 12 13 13 15 13 11 12 11 12 11 13 12 10 10 12 11 11 10 9 10 8 8 10 8 7 8 7 6 8 8 5 5 5 7 6 5 6 7 8 6 6 7 9 7 
5 5 5 4 4 5 3 7 5 7 4 4 6 4 5 6 5 5 5 5 4 6 5 5 6 5 4 5 6 6 4 5 2 5 5 4 6 5 5 6 4 4 6 5 5 5 4 6 5 4 7 2 5 5 4 5 4 4 4 6 4 3 5 5 6 6 7 4 5 8 8 9 8 9 10 9 11 10 11 12 12 13 13 16 16 15 19 16 16 18 18 20 21 19 21 20 18 20 19 20 
17 18 17 15 16 12 11 11 9 6 4 5 0 -2 -2 -5 -10 -12 -14 -18 -21 -26 -26 -29 -33 -36 -40 -42 -46 -48 -51 -55 -56 -60 -59 -66 -68 -71 -72 -76 -78 -81 -85 -87 -90 -90 -93 -95 -98 -99 -99 -104 -106 -107 -108 -109 -110 -112 -114 -116 -117 -119 -120 -121 -124 -124 -125 -127 -128 -128 -129 -130 -129 -129 -131 -133 -133 -134 -131 -136 -134 -133 -136 -135 -134 -137 -134 -135 -137 -136 -136 -138 -137 -137 -139 -138 -137 -138 -138 -139 
-136 -137 -138 -138 -137 -136 -137 -137 -138 -137 -139 -136 -136 -136 -135 -137 -137 -136 -136 -135 -136 -135 -135 -136 -133 -134 -135 -132 -131 -129 -129 -131 -129 -128 -129 -125 -125 -124 -123 -119 -118 -120 -116 -113 -113 -110 -108 -108 -107 -104 -102 -99 -97 -98 -93 -92 -88 -86 -84 -83 -79 -77 -76 -69 -70 -66 -65 -61 -57 -54 -51 -50 -47 -45 -43 -38 -39 -34 -30 -30 -26 -21 -18 -17 -16 -14 -13 -10 -7 -6 -4 -2 -2 1 3 2 6 7 8 12 
12 12 16 17 16 20 20 20 20 19 22 22 24 23 24 23 24 22 23 22 21 23 23 21 20 21 19 20 20 20 18 18 17 18 15 17 17 18 16 17 16 16 19 18 17 18 20 16 18 18 16 19 16 19 18 19 17 16 16 19 17 17 18 18 18 17 16 18 16 17 18 18 19 18 19 19 19 20 21 18 21 21 21 20 22 21 22 25 23 23 22 25 23 25 24 23 22 23 23 22 
21 21 20 19 17 17 15 16 12 11 9 7 7 3 1 -1 -2 -6 -7 -9 -11 -13 -17 -18 -20 -21 -24 -25 -26 -31 -31 -35 -35 -38 -40 -42 -45 -48 -48 -50 -53 -54 -56 -57 -59 -61 -66 -65 -68 -70 -71 -73 -75 -75 -79 -81 -83 -86 -85 -87 -87 -90 -92 -93 -94 -98 -95 -98 -99 -101 -103 -103 -103 -107 -107 -106 -107 -108 -110 -113 -113 -113 -114 -115 -117 -116 -118 -119 -121 -122 -122 -124 -123 -122 -124 -124 -125 -125 -126 -127 
-128 -128 -128 -129 -131 -131 -128 -130 -131 -132 -131 -131 -131 -130 -130 -131 -133 -133 -132 -131 -131 -132 -132 -130 -133 -132 -133 -131 -131 -132 -133 -130 -133 -132 -132 -132 -132 -129 -133 -131 -130 -128 -129 -129 -128 -129 -126 -127 -127 -124 -123 -123 -124 -120 -120 -118 -118 -114 -113 -114 -110 -109 -108 -108 -102 -101 -98 -96 -93 -89 -87 -85 -81 -79 -75 -71 -70 -66 -60 -56 -57 -55 -51 -47 -44 -40 -38 -34 -32 -30 -25 -24 -20 -15 -15 -13 -10 -8 -7 -3 
-1 1 4 6 8 8 13 11 13 14 17 17 20 20 20 21 18 20 20 24 20 22 21 24 23 22 21 21 23 23 20 22 23 19 21 21 21 19 19 18 18 18 17 14 18 15 17 18 16 17 17 20 20 19 16 17 18 19 16 18 18 19 20 20 19 19 20 18 19 20 21 21 22 22 19 22 23 23 23 23 21 25 24 24 24 22 22 23 24 23 22 22 23 22 20 21 19 18 19 17 
14 14 12 11 10 9 8 7 3 3 0 -1 -2 -3 -8 -7 -11 -12 -14 -17 -20 -23 -25 -26 -29 -31 -34 -36 -39 -40 -41 -44 -47 -50 -52 -54 -58 -56 -58 -62 -61 -62 -67 -70 -70 -70 -71 -75 -77 -80 -83 -85 -86 -86 -88 -88 -92 -94 -97 -98 -99 -99 -102 -104 -105 -106 -105 -110 -110 -109 -112 -112 -112 -117 -116 -118 -118 -120 -119 -122 -123 -123 -123 -123 -124 -124 -126 -123 -126 -127 -126 -126 -129 -129 -129 -130 -131 -130 -131 -131 
-131 -132 -133 -133 -132 -131 -133 -132 -134 -134 -132 -131 -132 -133 -134 -134 -133 -136 -134 -134 -134 -134 -134 -133 -133 -132 -133 -133 -134 -135 -133 -133 -133 -133 -132 -130 -132 -133 -131 -129 -132 -130 -130 -131 -130 -128 -130 -129 -129 -128 -128 -127 -126 -127 -125 -125 -124 -124 -122 -121 -118 -120 -118 -117 -116 -114 -114 -114 -110 -110 -107 -106 -105 -103 -102 -99 -98 -97 -95 -91 -92 -90 -86 -85 -82 -81 -75 -73 -71 -70 -68 -64 -63 -59 -58 -56 -53 -50 -47 -44 
-41 -39 -34 -32 -28 -25 -22 -17 -18 -13 -8 -8 -2 -2 -1 3 5 7 8 8 12 10 14 14 20 17 20 20 19 20 19 21 20 20 20 23 21 23 23 21 22 23 20 20 20 21 21 19 18 19 18 17 17 18 17 17 16 16 17 16 16 16 17 16 16 16 15 16 15 16 16 15 16 18 17 13 14 14 17 15 15 11 14 14 13 12 12 11 12 11 11 10 11 9 10 9 9 8 9 -1 
-1 -1 -1 -2 -2 -3 1 -1 -1 -3 -1 -2 -1 -3 2 -2 0 1 -2 1 -2 -2 -1 -1 -3 -1 -2 -1 -1 -2 -3 -1 -2 -2 -1 -2 -3 -3 -3 -1 -3 -2 -2 -2 0 -2 -2 -3 0 -1 -3 -1 -2 -2 -1 0 -2 -2 -1 0 -2 -1 -3 -2 -3 -3 -4 -1 -1 -1 -2 -1 -2 0 -1 -2 -2 -2 -2 -3 -4 -3 -3 -4 0 -1 -1 -2 -2 -1 -2 -2 -4 -2 -3 -4 -4 -3 0 -2 
-1 -2 -4 -1 -2 -3 -2 -2 -3 -2 0 -2 -2 0 -2 -2 -3 -4 0 -3 -3 -2 -2 -2 -1 -3 -2 -2 -1 -2 -2 -1 -1 -2 -2 -3 -2 1 0 -2 -2 0 -2 -1 -1 -2 -1 0 -3 -1 -2 -2 -1 1 -3 -1 0 -2 -2 -1 -2 -2 0 -1 -1 0 -1 -1 0 -1 -2 -3 -2 -3 -4 -1 -2 -1 -1 2 0 0 0 -1 -2 -1 0 -1 2 1 3 2 3 4 6 5 5 5 5 7 
8 9 8 9 9 10 11 12 10 12 10 12 11 13 14 15 13 14 13 13 13 12 12 12 11 11 10 6 6 3 2 0 -4 -7 -6 -10 -11 -15 -18 -20 -24 -28 -31 -35 -37 -41 -45 -50 -51 -55 -58 -61 -64 -68 -71 -73 -75 -79 -80 -81 -86 -88 -90 -91 -94 -96 -99 -100 -103 -103 -105 -106 -108 -109 -110 -114 -116 -117 -117 -119 -119 -122 -123 -125 -126 -128 -127 -132 -131 -133 -134 -136 -138 -136 -133 -134 -135 -135 -136 -137 
-136 -138 -138 -139 -137 -139 -138 -138 -137 -138 -138 -138 -137 -139 -139 -136 -137 -137 -139 -138 -140 -138 -136 -138 -136 -137 -136 -135 -138 -136 -137 -136 -137 -136 -138 -137 -137 -138 -137 -136 -137 -137 -137 -138 -137 -136 -136 -137 -135 -137 -136 -136 -135 -138 -138 -137 -136 -137 -137 -135 -135 -135 -137 -138 -136 -136 -137 -136 -135 -137 -135 -137 -138 -137 -135 -137 -137 -136 -134 -138 -135 -133 -137 -134 -135 -135 -134 -134 -134 -134 -134 -135 -133 -133 -132 -131 -131 -129 -128 -128 
-126 -125 -122 -121 -120 -117 -115 -114 -111 -108 -105 -102 -101 -97 -94 -89 -86 -84 -78 -73 -69 -65 -61 -58 -50 -48 -44 -40 -34 -32 -30 -24 -20 -18 -12 -11 -7 -3 0 2 6 8 11 12 14 15 18 17 20 19 20 22 20 21 20 20 19 20 22 19 19 17 18 19 19 18 19 18 18 19 19 19 19 22 20 18 21 21 19 19 22 22 20 19 19 18 17 18 17 13 13 11 10 9 7 5 3 3 2 -2 
-6 -4 -11 -13 -14 -16 -21 -22 -24 -29 -29 -33 -37 -39 -43 -45 -48 -49 -53 -54 -59 -62 -64 -67 -68 -73 -74 -76 -79 -83 -85 -86 -88 -88 -91 -93 -96 -96 -99 -100 -103 -103 -103 -104 -106 -108 -107 -110 -109 -112 -112 -112 -111 -114 -113 -115 -113 -115 -115 -118 -115 -117 -118 -119 -120 -120 -121 -122 -122 -123 -125 -125 -126 -127 -129 -129 -129 -131 -130 -132 -132 -131 -133 -134 -134 -134 -135 -133 -135 -135 -134 -134 -137 -136 -136 -135 -134 -136 -134 -133 
-133 -134 -134 -134 -134 -134 -135 -132 -135 -133 -133 -132 -130 -130 -130 -129 -130 -128 -126 -124 -121 -122 -120 -117 -114 -114 -109 -110 -108 -103 -101 -100 -94 -94 -88 -83 -80 -75 -74 -70 -64 -59 -56 -52 -50 -45 -40 -36 -33 -28 -25 -21 -16 -14 -10 -7 -5 0 3 5 8 13 14 15 17 18 19 18 19 21 21 20 21 20 22 22 21 22 19 18 20 21 19 18 18 20 20 19 18 19 19 21 22 20 21 20 22 21 21 19 
19 20 19 19 20 17 17 17 15 13 11 10 9 9 6 1 3 -1 -3 -3 -9 -12 -11 -18 -19 -21 -23 -28 -29 -32 -34 -38 -41 -43 -46 -51 -52 -56 -58 -60 -63 -63 -67 -69 -69 -72 -74 -76 -79 -81 -83 -85 -84 -89 -90 -91 -93 -94 -93 -98 -99 -99 -100 -103 -104 -106 -107 -104 -108 -108 -110 -111 -113 -114 -115 -115 -119 -117 -118 -120 -120 -120 -122 -122 -123 -124 -125 -126 -127 -128 -127 -127 -130 -128 -129 -130 -129 -130 -130 -131 
-132 -133 -133 -133 -132 -134 -134 -135 -133 -133 -133 -133 -136 -133 -133 -137 -134 -134 -134 -136 -135 -133 -135 -134 -134 -136 -133 -135 -132 -132 -134 -134 -133 -135 -133 -132 -133 -133 -131 -131 -132 -132 -131 -131 -130 -129 -130 -129 -126 -126 -127 -123 -126 -126 -123 -119 -121 -117 -118 -118 -114 -115 -111 -110 -106 -106 -103 -102 -99 -97 -95 -94 -89 -89 -83 -83 -79 -77 -75 -72 -66 -67 -61 -63 -55 -57 -51 -50 -48 -47 -43 -42 -38 -36 -33 -31 -29 -27 -23 -19 
-18 -14 -13 -13 -9 -8 -7 -4 -3 0 3 5 4 9 9 9 11 13 16 17 17 16 18 17 19 19 22 19 20 20 19 19 19 20 20 19 18 19 19 19 18 19 18 15 16 16 15 17 15 15 15 15 15 13 12 13 12 10 12 12 12 12 11 12 11 10 8 9 12 12 12 10 12 11 11 12 12 11 11 13 12 12 11 13 12 12 12 12 11 12 11 11 10 10 11 10 11 10 7 9 
7 7 7 8 7 9 6 8 6 6 7 7 7 7 7 7 9 9 9 7 9 9 8 7 7 7 7 7 8 8 8 7 7 7 7 7 9 8 9 7 9 6 9 8 8 8 8 11 9 10 8 8 8 8 7 9 8 9 10 7 7 6 8 5 9 7 9 7 8 8 7 9 7 8 8 8 9 8 7 7 6 9 9 7 9 6 8 8 8 10 7 9 8 9 9 8 8 9 9 8 
8 8 10 8 9 9 8 7 8 7 6 8 7 6 9 7 10 8 6 8 8 8 7 8 9 9 8 8 7 10 8 9 7 7 8 10 7 8 10 9 8 6 8 9 7 9 8 10 10 9 7 7 9 8 9 6 9 8 8 9 9 8 9 7 7 9 9 7 8 8 10 10 9 7 7 9 8 8 10 10 10 8 8 7 6 8 6 9 9 7 10 7 9 10 9 7 9 10 9 9 
9 8 8 8 7 8 9 8 9 8 8 8 9 10 7 8 7 9 8 9 8 6 9 8 7 8 8 8 7 7 9 10 7 6 9 8 9 8 7 8 8 8 7 8 9 9 8 7 8 8 7 9 9 10 8 9 7 8 7 7 8 9 8 9 7 11 7 7 8 7 8 9 10 9 9 11 10 11 11 11 11 11 11 11 14 13 12 13 16 14 15 16 16 18 16 16 21 18 17 19 
19 18 19 22 20 18 20 16 16 15 17 15 14 12 12 8 8 4 2 2 -1 -4 -4 -7 -10 -12 -14 -17 -19 -22 -27 -30 -33 -33 -38 -42 -44 -44 -48 -52 -51 -53 -56 -60 -64 -64 -66 -68 -72 -73 -77 -77 -78 -80 -85 -84 -86 -88 -91 -90 -92 -94 -96 -96 -98 -102 -102 -104 -103 -105 -107 -107 -110 -109 -109 -110 -113 -112 -113 -114 -115 -116 -116 -118 -120 -120 -122 -122 -121 -123 -124 -123 -124 -128 -126 -126 -128 -127 -128 -129 
-130 -129 -131 -130 -132 -131 -128 -130 -130 -131 -131 -133 -132 -134 -132 -132 -131 -131 -134 -133 -133 -134 -132 -130 -132 -131 -132 -132 -133 -133 -133 -131 -132 -132 -131 -132 -132 -132 -132 -132 -131 -131 -130 -131 -130 -131 -129 -130 -131 -127 -128 -131 -129 -129 -128 -129 -129 -128 -128 -126 -125 -125 -122 -123 -121 -119 -117 -118 -116 -113 -112 -110 -111 -107 -109 -108 -105 -103 -102 -100 -100 -99 -98 -94 -93 -90 -87 -86 -81 -80 -78 -76 -74 -70 -68 -66 -63 -61 -57 -55 
-56 -51 -49 -46 -44 -40 -41 -37 -35 -32 -30 -29 -25 -25 -23 -18 -16 -17 -14 -11 -9 -9 -9 -8 -3 -2 1 2 3 1 4 5 6 10 10 11 12 16 15 18 18 18 19 19 19 20 23 25 21 21 22 22 23 23 20 22 21 20 22 22 20 20 20 20 18 18 18 19 18 17 16 19 18 18 18 17 18 20 18 20 18 20 17 20 22 20 21 23 21 21 22 21 23 22 21 22 23 21 22 22 
24 21 19 19 22 20 21 19 18 18 16 15 14 14 10 9 9 8 5 6 4 2 1 -2 -4 -6 -4 -8 -8 -11 -16 -15 -15 -21 -21 -22 -26 -27 -28 -30 -32 -33 -34 -40 -42 -43 -47 -48 -51 -52 -51 -54 -56 -58 -58 -62 -63 -63 -67 -65 -70 -72 -75 -76 -77 -77 -81 -82 -84 -85 -87 -86 -91 -91 -93 -94 -96 -99 -99 -99 -102 -103 -106 -106 -105 -109 -111 -111 -113 -113 -115 -113 -117 -118 -118 -122 -122 -122 -124 -124 
-125 -126 -128 -127 -128 -128 -129 -130 -131 -133 -132 -133 -132 -132 -133 -133 -133 -133 -134 -133 -134 -133 -135 -133 -133 -134 -134 -135 -135 -132 -132 -134 -133 -134 -133 -133 -134 -133 -133 -133 -134 -131 -133 -132 -131 -131 -130 -130 -128 -131 -130 -130 -128 -127 -127 -127 -126 -124 -125 -123 -122 -122 -122 -120 -118 -117 -116 -114 -113 -111 -109 -107 -106 -102 -102 -102 -97 -95 -94 -93 -88 -86 -85 -81 -78 -77 -73 -73 -68 -68 -66 -62 -60 -57 -56 -53 -51 -50 -46 -45 
-41 -39 -36 -34 -32 -31 -27 -25 -21 -21 -17 -15 -12 -12 -10 -8 -6 -2 1 4 5 8 10 10 12 14 17 14 17 19 18 18 19 18 21 23 22 19 21 23 21 18 22 21 20 20 19 19 19 19 17 19 17 15 18 17 17 18 16 17 17 14 18 19 16 16 18 18 20 19 19 21 21 21 21 22 22 22 23 23 24 21 22 21 19 20 22 20 21 18 15 18 18 17 15 14 12 11 9 9 
6 3 5 1 -1 -2 -6 -7 -9 -11 -15 -16 -19 -20 -22 -24 -27 -30 -33 -36 -37 -38 -44 -46 -48 -50 -53 -54 -57 -61 -62 -64 -66 -68 -71 -72 -73 -76 -75 -79 -82 -82 -85 -86 -86 -89 -92 -92 -93 -93 -96 -98 -100 -102 -101 -103 -105 -105 -107 -108 -110 -113 -114 -114 -114 -115 -118 -117 -120 -121 -124 -122 -122 -125 -124 -125 -128 -129 -126 -128 -129 -128 -129 -130 -130 -130 -130 -132 -133 -132 -132 -133 -132 -134 -133 -136 -133 5 5 4 
5 4 6 5 5 5 5 3 5 2 6 4 4 5 3 4 6 5 4 4 5 4 5 4 4 4 5 5 2 6 3 6 5 3 4 3 3 4 5 5 4 3 3 4 4 2 2 5 5 2 3 3 4 5 3 4 3 1 4 4 3 2 1 4 2 6 2 4 4 3 4 3 3 5 5 4 4 5 6 8 7 9 8 7 9 9 10 11 10 11 13 11 13 14 15 15 15 16 20 17 
18 18 17 19 19 16 17 19 16 17 18 17 14 13 12 10 9 7 5 3 3 2 -1 -2 -5 -7 -10 -13 -15 -16 -20 -20 -27 -30 -32 -36 -39 -43 -46 -47 -51 -54 -58 -59 -63 -64 -68 -71 -69 -73 -74 -76 -79 -81 -82 -84 -86 -88 -90 -90 -96 -93 -96 -98 -99 -101 -102 -103 -106 -106 -108 -110 -110 -111 -114 -115 -116 -117 -118 -118 -118 -120 -123 -123 -127 -125 -125 -126 -128 -129 -129 -132 -133 -133 -133 -134 -136 -134 -136 -135 
-137 -136 -137 -139 -137 -138 -138 -139 -139 -140 -138 -139 -140 -138 -138 -137 -138 -136 -138 -137 -138 -135 -137 -140 -136 -135 -137 -138 -137 -137 -136 -136 -137 -135 -136 -136 -136 -135 -134 -134 -135 -134 -133 -135 -134 -134 -132 -133 -132 -131 -132 -131 -130 -130 -127 -126 -127 -127 -126 -123 -121 -120 -119 -116 -116 -115 -112 -111 -108 -106 -102 -100 -99 -96 -94 -90 -87 -85 -83 -78 -75 -73 -69 -67 -63 -60 -57 -54 -52 -49 -47 -43 -40 -38 -36 -31 -27 -26 -25 -20 
-20 -17 -12 -11 -7 -4 -4 0 0 5 6 8 8 12 13 13 14 17 17 17 19 19 18 19 21 19 20 19 21 21 21 20 20 19 19 19 18 18 20 17 15 16 16 15 18 16 16 16 17 17 15 18 16 18 18 18 18 19 19 18 18 21 21 21 20 21 21 21 21 23 20 21 22 21 21 21 22 22 24 23 21 24 20 20 20 20 19 18 17 16 16 14 14 13 10 7 6 6 4 1 
-1 -5 -6 -10 -13 -15 -16 -19 -22 -27 -29 -33 -38 -39 -45 -46 -50 -53 -58 -61 -65 -69 -71 -74 -74 -78 -83 -84 -87 -87 -90 -93 -95 -97 -98 -101 -102 -103 -107 -107 -109 -111 -115 -111 -115 -116 -117 -118 -122 -122 -125 -122 -125 -124 -125 -127 -126 -129 -131 -129 -131 -131 -134 -133 -133 -134 -133 -133 -133 -136 -135 -134 -133 -134 -134 -134 -135 -134 -134 -135 -135 -134 -134 -135 -135 -134 -134 -133 -134 -135 -132 -136 -134 -133 -133 -133 -133 -133 -132 -133 
-131 -130 -130 -131 -130 -130 -129 -129 -130 -127 -126 -128 -124 -124 -124 -122 -118 -121 -117 -116 -114 -112 -112 -110 -108 -107 -104 -102 -100 -99 -95 -94 -91 -91 -86 -85 -82 -79 -75 -71 -68 -67 -66 -61 -59 -58 -54 -53 -47 -45 -44 -40 -38 -36 -32 -29 -24 -25 -23 -20 -17 -15 -11 -10 -8 -7 -4 -1 0 4 5 7 8 10 13 13 14 17 17 16 17 18 19 20 20 20 20 20 21 22 20 21 20 22 21 19 20 23 20 21 
21 18 17 17 19 19 17 16 19 18 17 18 17 16 17 15 18 19 18 18 20 19 19 17 20 18 21 19 20 21 22 21 20 21 18 21 20 20 21 23 23 21 21 20 20 18 18 17 17 14 14 15 12 11 10 7 7 5 1 2 0 -2 -2 -4 -8 -11 -14 -15 -14 -19 -22 -22 -25 -29 -32 -34 -35 -38 -41 -45 -49 -49 -52 -55 -59 -61 -64 -67 -68 -72 -74 -76 -78 -79 -82 -84 -86 -89 -91 -93 
-95 -97 -99 -101 -102 -105 -107 -107 -109 -107 -112 -113 -113 -114 -115 -118 -121 -120 -121 -125 -126 -126 -126 -127 -127 -129 -129 -131 -131 -131 -132 -131 -132 -133 -134 -133 -134 -135 -135 -134 -136 -135 -137 -135 -136 -135 -136 -136 -134 -136 -136 -137 -135 -134 -135 -134 -134 -134 -133 -134 -134 -134 -133 -135 -132 -132 -133 -130 -134 -132 -130 -131 -130 -130 -128 -129 -130 -131 -127 -127 -125 -125 -123 -123 -121 -121 -121 -119 -120 -117 -115 -115 -115 -113 -111 -109 -108 -108 -104 -106 
-103 -101 -99 -96 -93 -90 -87 -84 -82 -79 -78 -75 -71 -68 -65 -62 -59 -55 -52 -49 -46 -43 -39 -37 -34 -30 -29 -24 -20 -18 -13 -12 -9 -6 -3 -3 0 4 7 7 9 11 13 17 15 19 18 18 20 19 20 20 20 21 18 20 18 20 19 19 18 18 18 19 17 16 16 19 15 16 15 15 13 15 15 14 12 13 13 13 14 12 11 13 13 13 14 13 13 14 13 14 14 12 12 14 13 14 14 14 
14 15 13 14 12 12 13 11 14 13 11 10 10 11 8 7 6 6 3 4 3 3 2 3 2 1 1 0 -1 0 -1 -2 -2 0 -3 -4 -5 -5 -6 -4 -7 -7 -6 -8 -8 -6 -9 -7 -8 -7 -9 -11 -10 -9 -12 -10 -12 -15 -12 -14 -16 -12 -15 -16 -14 -13 -13 -13 -16 -14 -16 -16 -15 -16 -18 -15 -16 -15 -16 -17 -16 -18 -16 -17 -16 -18 -18 -15 -15 -17 -17 -16 -15 -14 -14 -13 6 4 6 3 
2 6 5 5 6 7 5 7 3 6 5 6 2 5 3 4 5 5 4 7 5 7 6 5 7 4 5 7 5 4 7 5 5 4 4 4 5 3 6 5 5 2 5 6 7 4 5 7 5 5 4 3 6 4 3 4 5 6 4 7 6 4 6 4 5 5 7 6 6 7 8 8 7 7 7 8 9 4 10 8 10 10 10 11 10 10 12 12 14 10 13 13 13 12 15 13 13 12 12 12 
9 11 9 6 5 3 1 2 -1 -2 -5 -8 -10 -12 -12 -18 -20 -22 -22 -28 -30 -34 -39 -41 -42 -46 -49 -52 -56 -58 -59 -63 -65 -69 -70 -75 -76 -79 -81 -84 -85 -89 -90 -92 -92 -96 -97 -95 -99 -100 -104 -104 -105 -107 -108 -110 -109 -111 -113 -115 -115 -117 -118 -119 -120 -120 -122 -124 -125 -124 -125 -125 -128 -129 -128 -130 -131 -128 -130 -131 -132 -130 -131 -130 -130 -134 -130 -131 -131 -134 -133 -133 -132 -130 -132 -133 -133 -134 -130 -132 
-130 -132 -133 -132 -132 -131 -130 -132 -130 -131 -129 -128 -131 -128 -129 -128 -128 -127 -128 -126 -126 -127 -126 -124 -124 -122 -121 -123 -118 -119 -116 -117 -115 -113 -114 -110 -107 -106 -106 -102 -102 -97 -94 -94 -92 -86 -84 -82 -76 -72 -71 -68 -62 -59 -58 -53 -52 -46 -44 -41 -36 -34 -28 -28 -22 -18 -16 -14 -9 -8 -3 -2 1 1 3 8 9 10 12 13 16 16 17 16 18 17 18 20 19 20 20 20 20 19 22 19 19 17 18 18 
19 16 16 18 16 17 18 18 18 17 17 15 18 19 19 18 19 17 21 19 20 20 21 22 20 20 21 21 20 19 21 18 18 19 18 16 16 12 14 12 12 9 7 8 4 0 0 -3 -4 -7 -6 -11 -13 -15 -18 -22 -23 -27 -29 -33 -36 -39 -42 -46 -47 -51 -56 -57 -60 -61 -64 -68 -71 -74 -77 -77 -81 -84 -86 -89 -90 -91 -94 -97 -99 -100 -101 -103 -105 -106 -107 -111 -113 -113 -114 -115 -116 -117 -119 -119 
-122 -122 -123 -123 -123 -123 -124 -124 -126 -128 -129 -128 -130 -130 -129 -131 -133 -132 -132 -132 -132 -133 -134 -134 -134 -134 -133 -134 -133 -133 -134 -134 -135 -134 -135 -134 -133 -137 -135 -134 -132 -134 -132 -134 -134 -133 -135 -133 -135 -132 -134 -134 -133 -129 -133 -132 -133 -132 -131 -128 -131 -128 -129 -130 -129 -128 -127 -127 -127 -126 -122 -122 -119 -118 -116 -114 -112 -110 -108 -106 -106 -103 -101 -98 -95 -95 -90 -89 -87 -84 -79 -77 -75 -73 -69 -66 -64 -63 -61 -55 
-54 -51 -51 -45 -45 -39 -37 -32 -32 -29 -25 -24 -20 -18 -13 -11 -8 -8 -4 -1 0 5 8 9 9 12 15 15 17 18 18 17 20 19 19 18 21 20 20 21 21 20 22 20 20 19 19 19 19 18 18 17 15 15 16 13 14 15 14 14 15 14 14 14 16 15 19 16 17 20 18 19 21 20 21 20 21 21 21 20 21 20 21 23 21 21 20 21 20 20 18 17 17 15 14 15 11 10 12 10 
6 7 3 2 1 -2 -4 -6 -8 -9 -11 -12 -16 -19 -20 -23 -26 -27 -29 -31 -37 -39 -40 -41 -44 -47 -49 -52 -54 -59 -61 -63 -64 -68 -68 -71 -74 -77 -79 -83 -82 -86 -87 -89 -92 -94 -96 -98 -98 -103 -105 -108 -108 -109 -113 -114 -117 -119 -118 -121 -121 -125 -126 -125 -128 -128 -128 -129 -129 -129 -129 -130 -131 -132 -132 -133 -133 -135 -134 -133 -134 -134 -134 -136 -136 -134 -135 -135 -134 -133 -136 -135 -135 -133 -134 -133 -132 -134 -134 -136 
-131 -133 -133 -133 -133 -133 -133 -131 -130 -130 -130 -129 -127 -126 -127 -128 -127 -126 -124 -122 -123 -121 -122 -121 -120 -118 -117 -119 -115 -114 -113 -113 -111 -109 -107 -106 -103 -101 -99 -98 -94 -93 -89 -87 -85 -81 -79 -77 -71 -68 -65 -65 -63 -57 -54 -51 -48 -45 -41 -38 -34 -29 -26 -22 -19 -16 -14 -9 -8 -2 -1 1 3 6 9 10 13 14 15 15 18 18 18 19 20 22 20 22 20 21 19 19 22 19 19 19 19 19 19 17 
15 17 18 16 15 15 15 15 14 13 13 11 12 15 12 12 13 14 13 14 14 14 14 14 14 16 14 15 13 15 18 13 14 12 14 15 15 14 15 12 13 14 15 13 14 14 14 16 13 11 13 12 13 11 11 14 11 11 12 10 11 10 8 8 10 8 9 10 8 8 8 8 9 9 9 11 7 8 8 9 9 7 9 9 6 9 9 8 9 6 9 10 7 8 9 5 7 4 8 4 
5 5 6 7 8 5 4 5 5 7 4 7 6 5 6 6 3 5 4 5 4 3 3 3 1 3 1 1 0 1 2 1 -1 -1 -3 -4 -2 -3 -4 -5 -3 -6 -5 -5 -5 -9 -4 -8 -6 -6 -6 -5 -6 -8 -5 -4 -4 -3 -5 -4 -4 -2 -4 -1 -2 -2 -2 -3 -2 -1 0 -1 -1 -1 0 -1 0 1 3 1 0 2 0 2 1 2 2 0 3 2 1 -1 -2 1 0 0 0 1 1 2 
0 2 2 2 3 1 4 1 3 1 3 3 1 3 3 1 2 4 3 4 4 5 3 2 4 4 3 4 5 5 4 4 5 3 4 3 6 4 4 4 4 6 5 4 6 6 4 5 3 5 5 7 6 6 3 5 6 4 4 3 5 4 5 3 6 6 5 3 6 5 3 4 3 4 6 4 6 4 3 3 4 4 5 4 5 4 3 4 4 6 6 3 5 3 4 5 5 4 4 5 
5 3 5 4 3 4 4 3 4 5 3 2 4 5 4 7 4 4 5 5 5 4 3 5 6 6 5 4 5 4 5 5 6 3 4 5 5 7 4 3 7 3 7 4 6 5 5 4 4 5 5 7 4 4 4 6 6 4 4 4 6 6 4 4 3 6 5 4 5 7 4 3 4 5 5 7 4 4 3 5 4 5 5 7 5 5 7 4 4 5 4 5 4 5 5 4 5 7 5 4 
4 3 5 2 2 6 3 4 5 4 5 2 2 2 5 5 7 7 5 4 6 5 5 4 5 4 5 4 6 5 5 5 5 5 5 4 4 3 6 3 4 3 6 5 6 4 3 4 4 5 6 5 5 5 6 5 4 3 6 6 5 5 6 5 7 7 8 12 9 11 13 13 11 13 14 13 12 15 15 14 19 18 15 16 19 17 18 19 18 18 18 16 16 17 15 12 13 12 8 7 
6 5 3 1 -3 -4 -6 -10 -12 -17 -19 -20 -25 -27 -32 -36 -39 -43 -47 -50 -53 -56 -62 -63 -71 -72 -73 -77 -80 -82 -86 -87 -89 -92 -96 -98 -102 -104 -106 -106 -109 -111 -115 -116 -116 -121 -120 -124 -124 -125 -128 -129 -130 -132 -132 -132 -132 -133 -135 -136 -137 -137 -136 -137 -135 -135 -137 -137 -137 -138 -136 -137 -136 -135 -136 -136 -137 -136 -134 -137 -135 -136 -134 -135 -134 -135 -133 -133 -133 -132 -131 -130 -128 -129 -127 -126 -125 -123 -123 -124 
-120 -119 -118 -114 -114 -114 -113 -109 -107 -106 -103 -101 -100 -95 -95 -90 -89 -85 -85 -80 -78 -74 -71 -68 -65 -62 -60 -57 -52 -48 -44 -42 -39 -36 -30 -28 -25 -23 -19 -13 -11 -9 -8 -4 0 3 4 7 7 12 11 13 15 17 18 18 20 19 19 20 21 20 21 21 22 19 19 19 21 18 17 19 19 17 15 16 16 15 19 17 15 17 19 17 17 19 19 20 19 21 19 22 23 22 22 21 22 23 24 21 
23 22 21 22 19 20 20 19 18 17 17 13 11 10 10 7 5 3 1 -1 -3 -3 -5 -8 -11 -12 -17 -17 -22 -25 -27 -30 -33 -36 -37 -41 -48 -48 -53 -55 -58 -61 -63 -65 -70 -71 -75 -78 -80 -83 -86 -89 -88 -91 -93 -95 -97 -100 -101 -103 -103 -106 -107 -111 -110 -111 -114 -115 -116 -117 -117 -116 -119 -121 -120 -123 -123 -123 -124 -124 -126 -125 -125 -127 -126 -126 -128 -129 -127 -131 -128 -129 -128 -128 -130 -130 -128 -130 -128 -129 
-129 -130 -128 -130 -130 -128 -128 -127 -127 -126 -127 -126 -126 -125 -124 -123 -122 -122 -121 -121 -120 -118 -117 -117 -115 -113 -112 -111 -110 -109 -106 -105 -103 -101 -98 -97 -95 -91 -93 -88 -85 -85 -81 -79 -75 -72 -69 -67 -62 -59 -56 -52 -52 -47 -43 -41 -40 -37 -34 -29 -28 -21 -19 -15 -13 -11 -7 -4 -1 0 2 4 7 7 10 13 15 15 17 18 19 19 19 22 21 21 20 21 22 22 20 23 21 23 21 20 20 17 19 19 
17 18 17 17 17 18 19 19 19 20 20 18 20 22 21 19 22 22 24 22 22 22 23 21 23 24 21 23 22 21 19 18 20 20 18 19 16 16 12 10 12 9 5 6 4 1 1 -1 -4 -5 -6 -11 -14 -16 -16 -19 -22 -25 -27 -29 -33 -36 -40 -41 -43 -49 -49 -52 -58 -58 -59 -61 -65 -64 -71 -72 -73 -77 -78 -80 -81 -85 -84 -88 -90 -94 -92 -93 -94 -95 -101 -99 -102 -104 -104 -106 -108 -109 -110 -112 
-111 -113 -114 -116 -118 -120 -119 -120 -124 -122 -122 -124 -124 -124 -125 -127 -126 -125 -125 -124 -124 -128 -128 -127 -127 -128 -130 -128 -130 -130 -128 -131 -129 -127 -129 -129 -130 -131 -130 -129 -129 -129 -130 -128 -128 -128 -127 -127 -127 -127 -126 -125 -127 -123 -123 -124 -122 -121 -121 -121 -121 -119 -116 -117 -116 -114 -114 -112 -111 -110 -108 -106 -106 -104 -102 -99 -98 -97 -93 -93 -89 -87 -85 -82 -81 -77 -75 -74 -69 -68 -63 -64 -60 -56 -52 -49 -49 -44 -43 -41 
-37 -35 -33 -30 -28 -25 -22 -19 -16 -15 -12 -7 -6 -4 -2 2 3 6 8 8 10 12 14 16 16 18 19 19 19 22 22 20 23 24 22 21 18 21 20 20 20 17 18 18 18 16 17 18 18 19 19 17 17 18 19 16 20 18 19 18 19 20 22 22 19 19 20 20 20 21 22 20 20 21 20 20 20 20 21 21 19 20 21 20 20 20 20 19 19 19 17 20 19 17 10 11 9 9 10 9 
8 7 8 8 9 8 8 10 10 8 9 7 7 9 9 8 9 8 9 7 9 8 9 9 9 10 8 9 8 8 10 9 9 10 8 7 10 9 9 8 9 9 10 10 9 10 7 9 9 10 8 9 7 9 6 8 9 10 7 10 9 10 9 9 8 8 9 10 9 11 8 9 10 10 8 8 10 10 13 11 12 11 12 14 12 14 13 15 17 16 18 18 16 19 18 18 20 20 19 21 
18 18 19 17 17 18 16 14 14 10 9 7 7 4 5 0 -2 -5 -7 -9 -13 -17 -17 -22 -24 -26 -30 -34 -37 -43 -43 -47 -52 -54 -57 -60 -65 -66 -71 -75 -74 -79 -80 -84 -87 -89 -93 -96 -98 -101 -103 -108 -109 -110 -112 -115 -119 -119 -123 -120 -125 -126 -127 -129 -128 -130 -130 -131 -132 -131 -134 -134 -135 -133 -133 -133 -134 -137 -134 -133 -135 -136 -132 -133 -133 -132 -134 -131 -131 -132 -132 -132 -130 -133 -128 -131 -130 -131 -130 -129 
-129 -129 -129 -129 -129 -127 -128 -126 -124 -125 -123 -123 -121 -121 -122 -119 -117 -116 -117 -116 -113 -112 -110 -107 -106 -104 -103 -101 -100 -98 -94 -92 -92 -88 -85 -85 -79 -77 -74 -70 -67 -66 -63 -58 -54 -51 -47 -42 -39 -37 -31 -30 -25 -20 -20 -15 -11 -10 -7 -5 0 1 4 6 8 10 12 14 14 17 16 18 19 23 21 20 21 21 23 20 21 21 22 22 18 19 20 20 19 23 17 19 18 18 15 16 18 18 18 17 
18 18 20 21 20 20 20 23 22 22 24 24 23 24 23 23 22 20 21 22 21 19 20 16 16 16 14 12 8 7 2 5 0 -1 -4 -8 -12 -15 -17 -21 -23 -27 -32 -34 -37 -42 -45 -49 -54 -56 -58 -60 -65 -66 -70 -76 -75 -79 -81 -84 -86 -88 -93 -93 -98 -97 -99 -103 -103 -105 -108 -110 -110 -113 -114 -116 -116 -117 -120 -121 -122 -121 -123 -123 -124 -126 -127 -129 -127 -129 -128 -130 -129 -130 -130 -131 -131 -128 -131 -131 
-131 -131 -130 -131 -130 -130 -130 -131 -132 -131 -130 -131 -132 -130 -131 -128 -129 -127 -130 -128 -131 -130 -128 -125 -126 -126 -126 -126 -124 -128 -123 -124 -124 -121 -120 -118 -117 -117 -116 -115 -114 -113 -110 -109 -107 -106 -102 -100 -98 -96 -93 -91 -88 -84 -82 -79 -75 -73 -68 -64 -64 -58 -59 -55 -52 -49 -46 -44 -39 -37 -34 -33 -30 -29 -24 -20 -17 -14 -13 -8 -6 -3 0 4 4 5 10 11 14 16 17 17 19 18 19 23 21 21 22 21 
21 22 20 21 21 21 21 20 20 22 19 20 18 18 18 17 16 18 17 16 15 16 16 16 17 16 19 17 19 20 20 19 20 21 22 22 23 22 23 23 21 21 23 22 23 22 21 22 20 18 18 16 16 15 13 11 9 8 6 3 1 -2 -2 -6 -7 -15 -15 -18 -21 -25 -27 -30 -34 -38 -41 -44 -47 -50 -51 -57 -58 -61 -62 -63 -67 -72 -73 -76 -79 -82 -82 -84 -88 -89 -92 -94 -94 -99 -98 -103 
-106 -104 -105 -107 -109 -111 -110 -113 -115 -116 -118 -118 -119 -120 -121 -121 -122 -122 -125 -123 -124 -127 -128 -128 -127 -127 -130 -130 -130 -132 -131 -132 -131 -132 -131 -130 -131 -133 -132 -131 -129 -131 -131 -133 -131 -131 -131 -131 -130 -132 -132 -131 -132 -130 -132 -130 -131 -130 -128 -128 -127 -127 -127 -126 -126 -124 -123 -123 -122 -121 -122 -120 -118 -116 -116 -114 -112 -109 -108 -108 -105 -102 -101 -98 -94 -91 -90 -85 -86 -80 -78 -78 -73 -68 -64 -62 -59 -55 -52 -49 
-45 -43 -40 -35 -33 -29 -28 -23 -17 -16 -13 -10 -8 -4 0 1 3 5 5 9 8 12 15 17 17 19 20 20 21 22 20 22 22 22 22 20 20 20 21 21 19 21 20 20 16 17 17 17 17 15 16 14 14 13 12 13 16 15 13 15 16 14 16 16 16 17 17 19 17 17 18 18 19 17 17 17 18 17 20 19 18 18 17 17 14 18 18 16 19 17 17 18 15 19 14 19 17 16 17 15 
15 16 15 15 17 16 17 17 15 15 17 16 15 16 13 16 14 15 13 16 13 14 15 16 15 13 15 17 17 13 16 16 16 16 15 16 15 15 19 16 13 14 15 16 16 17 17 16 16 18 14 16 17 17 15 16 17 16 18 13 16 16 15 14 15 17 15 15 16 15 14 15 15 15 14 16 14 13 16 12 12 15 14 14 15 13 14 15 15 12 15 14 13 14 15 11 14 13 16 14 
14 15 16 13 14 15 14 15 14 13 15 15 14 15 16 14 15 16 12 13 15 14 16 14 15 15 16 17 15 14 12 14 16 16 15 15 16 15 13 15 15 14 14 14 15 12 15 14 17 14 14 14 15 14 14 15 16 14 16 15 14 14 15 15 15 14 14 17 16 16 16 15 16 15 15 16 14 13 15 15 16 14 16 15 13 14 14 16 15 16 14 13 16 6 8 5 7 5 7 8 
6 5 5 6 5 5 6 7 5 5 7 5 7 6 4 5 5 5 6 4 4 6 6 6 5 4 6 6 4 6 6 7 6 5 6 5 5 5 7 7 6 6 4 7 6 5 5 5 4 5 7 8 8 4 8 5 6 5 7 7 7 6 7 4 5 5 5 7 7 6 5 6 5 4 6 7 4 6 6 6 7 5 7 5 5 8 8 6 6 8 8 7 8 8 9 10 10 11 10 13 
15 11 13 14 14 16 15 17 17 19 17 18 19 20 20 20 19 21 18 17 18 17 16 17 15 16 12 12 10 8 5 4 2 -1 -3 -7 -7 -11 -13 -14 -17 -19 -25 -25 -29 -30 -34 -37 -38 -41 -44 -46 -46 -49 -54 -54 -56 -61 -62 -62 -67 -69 -72 -72 -73 -78 -78 -82 -84 -85 -88 -89 -91 -92 -94 -97 -99 -101 -103 -103 -105 -106 -109 -107 -110 -111 -112 -111 -112 -115 -115 -115 -117 -120 -119 -121 -121 -122 -123 -124 
-123 -126 -127 -127 -126 -128 -129 -129 -129 -130 -132 -132 -131 -132 -132 -134 -133 -134 -136 -132 -137 -137 -135 -135 -137 -136 -135 -133 -136 -136 -135 -135 -135 -136 -137 -137 -135 -136 -134 -136 -135 -135 -133 -135 -135 -135 -133 -134 -133 -133 -132 -132 -132 -130 -129 -127 -131 -128 -127 -126 -123 -124 -121 -119 -120 -115 -115 -114 -112 -110 -106 -108 -105 -101 -101 -95 -95 -92 -88 -86 -83 -78 -75 -71 -70 -66 -61 -58 -52 -48 -48 -44 -40 -37 -33 -28 -25 -23 -19 -17 
-15 -11 -9 -8 -5 -1 -1 2 4 6 9 10 12 13 15 15 18 19 17 21 19 22 19 19 18 19 20 18 21 20 18 19 18 18 18 20 19 19 17 19 17 18 17 18 20 20 20 19 19 21 21 20 22 23 23 19 23 22 23 22 19 22 19 22 20 19 20 20 18 19 20 16 17 14 15 12 13 8 9 7 5 4 3 2 -1 -5 -5 -8 -10 -13 -14 -16 -19 -22 -26 -28 -30 -34 -37 -39 
-44 -46 -49 -51 -53 -54 -59 -62 -64 -66 -68 -71 -76 -77 -80 -81 -81 -86 -89 -91 -93 -97 -99 -100 -104 -106 -107 -107 -111 -112 -113 -114 -115 -116 -119 -119 -122 -121 -122 -122 -124 -125 -125 -125 -129 -129 -127 -131 -129 -131 -130 -131 -132 -130 -133 -134 -133 -135 -133 -136 -134 -135 -131 -136 -134 -134 -136 -133 -137 -135 -135 -135 -136 -136 -137 -135 -134 -135 -137 -134 -137 -135 -136 -136 -134 -136 -136 -135 -133 -132 -134 -134 -132 -134 -134 -134 -134 -133 -131 -130 
-131 -129 -128 -129 -128 -126 -125 -124 -123 -122 -122 -119 -118 -116 -114 -112 -114 -110 -108 -106 -105 -103 -99 -100 -96 -95 -92 -91 -87 -84 -80 -77 -76 -72 -72 -70 -63 -63 -57 -57 -52 -50 -48 -44 -38 -34 -33 -28 -25 -21 -19 -14 -11 -9 -6 -3 -3 2 5 5 8 9 12 12 14 16 16 19 18 21 20 20 22 22 21 23 21 22 24 23 23 22 23 23 21 21 21 20 21 20 18 19 20 20 17 16 18 16 15 17 
15 17 16 17 16 17 17 14 18 16 16 20 17 17 19 19 18 20 18 19 20 19 19 18 20 20 22 20 21 20 21 21 21 21 21 20 20 20 20 22 18 16 17 15 14 13 10 8 9 5 3 2 0 -3 -6 -6 -11 -13 -15 -19 -19 -25 -28 -31 -34 -37 -40 -42 -47 -49 -56 -56 -60 -63 -66 -70 -72 -78 -78 -81 -84 -87 -89 -92 -93 -96 -96 -100 -103 -103 -106 -108 -111 -110 -113 -112 -115 -116 -119 -119 
-118 -121 -123 -124 -124 -126 -126 -126 -127 -129 -130 -131 -130 -130 -131 -134 -131 -133 -134 -133 -133 -135 -133 -132 -134 -135 -135 -135 -134 -134 -134 -135 -137 -136 -136 -136 -133 -137 -133 -135 -134 -133 -134 -133 -134 -134 -135 -133 -132 -134 -132 -130 -130 -131 -129 -129 -131 -129 -129 -125 -125 -124 -122 -122 -120 -118 -118 -115 -115 -110 -111 -108 -106 -102 -101 -98 -96 -92 -91 -88 -86 -81 -79 -75 -74 -71 -69 -64 -61 -56 -55 -48 -47 -45 -42 -38 -33 -29 -27 -22 
-20 -15 -12 -11 -8 -6 -4 -2 2 4 4 8 9 12 12 13 14 17 17 20 19 23 20 21 21 21 22 20 24 20 21 20 22 20 20 21 22 21 20 20 19 20 18 18 19 17 17 17 16 17 17 16 17 14 15 16 14 16 15 13 15 14 14 13 14 14 15 14 14 14 15 13 13 12 13 13 14 13 10 13 14 12 12 11 11 12 11 13 12 12 11 13 11 11 14 14 13 12 12 11 
11 11 13 11 14 12 12 13 11 11 12 12 11 12 12 12 13 11 10 12 14 12 13 12 12 11 11 11 13 11 12 13 11 15 12 13 10 12 12 13 13 13 12 11 12 11 11 13 11 12 11 11 12 14 14 13 12 13 13 13 12 11 13 14 11 11 10 12 12 11 13 12 12 12 12 12 11 12 13 12 11 12 12 9 13 13 11 11 11 10 12 8 13 14 15 12 14 15 15 14 
14 13 14 13 14 15 14 13 14 13 15 13 15 13 15 15 15 15 14 13 12 13 16 14 13 14 13 14 15 14 14 14 13 14 13 15 13 13 14 14 16 14 14 15 14 14 14 12 16 14 15 15 15 13 14 15 15 16 13 14 17 15 14 14 14 14 14 14 15 14 15 16 19 16 19 18 18 17 19 21 20 22 23 21 26 24 24 27 27 28 27 26 24 23 25 20 21 17 16 15 
12 9 6 4 3 -2 -4 -9 -11 -15 -17 -22 -24 -27 -33 -35 -40 -42 -46 -48 -53 -55 -57 -61 -64 -66 -68 -69 -73 -75 -78 -80 -81 -83 -86 -87 -91 -89 -90 -95 -96 -97 -99 -98 -102 -103 -105 -106 -107 -109 -112 -111 -113 -113 -116 -115 -116 -118 -118 -121 -119 -120 -118 -118 -118 -117 -117 -117 -116 -115 -115 -114 -115 -113 -111 -108 -110 -105 -104 -102 -100 -98 -95 -94 -90 -91 -88 -85 -81 -77 -73 -72 -69 -65 -62 -58 -56 -52 -50 -48 
-43 -40 -40 -35 -31 -27 -25 -21 -17 -13 -12 -6 -4 0 3 7 10 12 13 15 18 18 19 20 21 24 21 22 22 22 20 20 20 19 16 16 16 15 14 15 13 15 16 16 17 17 15 16 18 18 21 20 22 22 22 24 23 25 25 25 25 26 26 25 27 25 25 24 23 22 21 20 17 17 13 14 8 6 4 1 -2 -6 -8 -13 -17 -18 -24 -28 -33 -37 -39 -46 -49 -52 -55 -59 -62 -66 -69 -72 
-75 -79 -82 -83 -87 -90 -93 -96 -98 -101 -103 -104 -106 -107 -109 -108 -113 -110 -113 -112 -116 -117 -117 -119 -115 -116 -117 -116 -115 -115 -115 -114 -114 -111 -111 -110 -108 -106 -106 -105 -102 -101 -100 -97 -95 -92 -90 -88 -86 -83 -78 -76 -72 -69 -68 -64 -58 -57 -52 -49 -44 -41 -38 -34 -32 -27 -25 -20 -15 -11 -8 -5 0 2 7 7 11 13 13 16 17 19 18 22 21 18 21 18 20 18 18 16 17 15 16 15 11 12 12 11 
15 17 16 15 18 16 20 16 19 20 19 22 21 24 25 21 23 24 26 25 23 25 27 26 22 23 24 21 22 22 19 18 17 16 11 9 8 4 1 -2 -5 -7 -10 -13 -14 -19 -22 -24 -30 -32 -36 -39 -42 -47 -50 -53 -56 -59 -63 -66 -69 -70 -73 -76 -79 -85 -87 -89 -91 -94 -97 -99 -102 -106 -107 -106 -108 -111 -112 -113 -112 -113 -113 -114 -118 -115 -118 -116 -116 -116 -117 -115 -115 -113 -114 -113 -111 -111 -109 -104 
-104 -106 -103 -100 -98 -96 -95 -92 -90 -88 -82 -81 -78 -76 -73 -68 -65 -63 -60 -55 -52 -48 -43 -42 -37 -33 -29 -25 -24 -19 -17 -12 -10 -8 -3 0 3 5 11 11 14 12 14 17 17 18 18 18 17 19 18 17 16 14 16 15 17 15 14 14 12 13 13 12 9 8 11 10 12 11 13 10 11 10 10 10 11 12 13 12 11 10 12 14 12 15 12 15 11 13 11 14 11 14 13 13 11 12 11 10 
12 10 11 10 11 12 11 11 9 9 10 10 10 11 9 11 9 11 10 8 9 12 10 9 12 10 11 11 11 11 11 12 13 11 10 9 11 9 12 11 11 9 10 11 12 12 12 13 10 11 9 10 10 10 12 10 12 10 10 9 11 12 10 11 11 10 11 12 11 12 10 12 11 10 12 9 10 10 12 9 9 10 10 10 9 11 13 11 10 11 11 11 10 10 9 10 11 11 11 12 
9 10 11 11 11 10 10 13 12 10 9 12 10 11 12 12 10 13 13 11 11 10 11 9 10 12 9 11 12 11 9 10 10 11 11 10 11 11 12 11 10 11 11 9 10 11 11 11 11 10 11 10 10 11 11 10 10 12 11 11 12 11 12 11 12 10 11 10 11 12 10 11 11 12 11 12 9 10 11 9 10 12 10 10 12 10 8 11 12 11 9 11 11 10 10 10 10 12 11 9 
12 11 12 10 12 11 12 12 9 11 9 11 13 12 11 8 11 9 11 11 10 10 9 12 13 10 10 10 10 10 11 11 13 13 12 12 13 12 11 11 13 11 12 12 10 10 11 11 13 11 13 12 11 14 12 13 13 11 12 14 10 10 12 12 9 10 9 11 10 11 10 11 10 12 9 12 11 12 9 10 12 12 12 10 9 11 10 11 11 11 10 10 9 12 10 11 11 12 11 10 
11 11 10 11 9 10 11 12 11 10 11 12 10 9 9 11 8 11 9 9 10 9 10 9 8 9 11 10 9 9 7 11 9 7 7 9 6 7 10 11 9 9 9 10 9 8 7 8 9 9 7 8 9 10 10 8 10 10 9 9 9 12 10 11 11 9 10 9 11 10 8 10 11 12 12 11 11 13 12 10 11 12 13 10 9 11 11 11 12 12 11 12 13 12 11 13 11 13 13 9 
12 15 12 13 12 13 13 13 12 13 11 11 12 14 11 12 12 13 14 13 13 12 14 12 13 13 11 14 11 13 13 12 14 12 13 14 12 10 15 13 12 14 13 10 13 12 13 10 13 13 12 15 13 12 13 12 12 12 11 13 11 13 13 12 14 15 13 12 12 15 13 15 12 15 16 17 16 17 18 18 20 20 21 23 21 21 23 23 24 25 23 25 24 22 22 23 21 21 18 15 
16 12 8 8 5 0 0 -2 -5 -7 -13 -13 -16 -22 -26 -26 -31 -35 -36 -41 -43 -47 -50 -52 -54 -60 -61 -63 -66 -70 -71 -77 -78 -82 -82 -86 -89 -91 -93 -97 -100 -103 -105 -108 -111 -111 -113 -115 -118 -118 -120 -122 -122 -125 -124 -124 -127 -126 -128 -127 -127 -125 -126 -126 -123 -124 -121 -120 -122 -118 -117 -116 -112 -111 -108 -106 -105 -102 -101 -97 -93 -91 -87 -87 -80 -76 -78 -71 -68 -63 -61 -56 -52 -46 -43 -41 -36 -32 -26 -21 
-19 -16 -13 -10 -6 -3 1 3 4 9 10 12 14 15 17 16 16 17 17 17 15 14 16 15 15 14 12 12 13 11 11 10 10 12 11 10 11 13 13 14 14 15 15 17 17 17 19 19 20 22 23 20 22 19 17 19 18 17 16 11 10 7 4 2 -2 -6 -9 -14 -17 -20 -23 -30 -36 -40 -44 -47 -53 -54 -60 -64 -70 -71 -75 -79 -83 -84 -89 -91 -93 -97 -97 -102 -103 -105 -109 -109 -110 -113 -116 -117 
-115 -119 -119 -120 -119 -120 -120 -122 -121 -121 -120 -121 -122 -122 -123 -122 -124 -121 -122 -120 -122 -119 -118 -118 -115 -115 -114 -108 -108 -108 -103 -101 -98 -97 -92 -92 -90 -85 -80 -77 -76 -73 -65 -62 -58 -54 -49 -44 -39 -35 -29 -24 -19 -15 -10 -8 -5 -4 3 6 11 11 12 14 14 18 18 19 19 20 19 19 19 19 18 17 16 17 15 15 13 14 10 13 11 11 12 11 10 12 11 13 13 15 16 15 14 16 18 19 
20 20 20 22 21 22 23 19 20 22 20 19 17 16 14 11 11 5 5 0 -3 -6 -8 -12 -18 -21 -26 -28 -33 -37 -42 -47 -54 -57 -57 -63 -66 -71 -75 -79 -83 -86 -92 -93 -98 -101 -105 -108 -111 -112 -111 -113 -117 -118 -120 -122 -122 -122 -124 -124 -123 -124 -124 -126 -125 -127 -125 -124 -124 -124 -121 -121 -120 -119 -116 -115 -112 -111 -109 -107 -102 -100 -99 -97 -92 -90 -86 -79 -78 -74 -69 -67 -62 -58 -56 -49 -45 -41 -35 -32 
-29 -23 -18 -15 -12 -9 -5 -2 -1 3 3 11 10 12 15 17 17 18 17 20 19 20 20 20 20 22 21 20 18 20 18 18 17 18 16 16 17 14 15 14 13 13 12 12 11 11 10 12 14 10 11 12 11 14 12 13 13 10 12 13 11 13 16 13 11 13 13 12 12 13 13 13 14 11 11 11 12 13 11 14 14 12 13 13 12 11 10 11 10 11 9 11 9 10 10 10 10 10 8 10 
14 10 11 11 10 10 10 13 11 10 12 11 12 10 12 12 12 10 10 12 11 11 13 10 11 9 11 11 10 10 10 10 9 10 10 10 8 11 9 9 11 12 10 10 11 9 8 11 10 9 11 10 11 8 11 11 10 10 10 11 9 9 12 11 10 9 10 11 10 9 10 10 10 13 8 10 10 10 10 11 10 12 11 9 11 12 11 9 11 11 9 11 9 11 10 11 10 11 11 10 
11 11 11 11 12 9 11 10 11 11 11 12 9 11 11 10 11 11 10 11 10 10 10 10 10 12 10 12 12 10 10 11 11 11 11 10 10 11 9 11 10 12 11 11 9 12 11 9 9 12 12 10 10 11 9 9 11 9 10 9 10 11 9 13 11 12 9 11 9 11 12 9 11 9 10 9 12 9 9 9 10 10 11 12 11 10 10 9 10 9 10 10 10 12 11 12 12 10 9 9 
9 10 11 11 11 11 12 10 10 11 11 10 9 11 8 8 11 9 9 9 9 9 10 9 10 10 9 10 10 10 11 10 10 10 12 9 10 12 13 10 11 11 9 11 10 12 10 12 9 12 12 10 10 10 9 10 9 10 10 12 10 10 10 11 10 12 11 9 10 11 11 11 11 9 11 11 11 9 12 12 10 11 10 11 11 10 14 12 11 11 9 11 11 12 9 10 12 10 8 9 
10 11 10 10 11 12 10 11 10 12 11 13 12 10 11 13 10 8 9 8 11 11 11 11 10 9 10 10 11 10 9 10 11 10 9 10 8 10 8 7 6 6 9 7 7 7 7 7 7 7 9 6 9 7 7 7 7 7 5 7 6 7 7 9 7 7 9 7 6 9 7 8 6 6 8 8 6 6 8 7 6 8 7 6 8 7 6 6 8 8 11 11 11 9 11 10 11 11 12 11 
12 13 11 11 11 11 10 11 12 10 11 11 10 12 11 10 12 12 11 13 10 12 13 10 12 10 12 12 12 9 10 13 12 10 9 11 11 9 10 11 10 12 12 12 11 12 10 12 9 10 11 11 12 11 10 12 11 12 13 11 11 12 11 13 13 13 12 12 11 14 14 14 16 16 16 18 19 20 20 22 22 24 23 23 23 24 24 23 22 22 19 16 14 10 7 6 1 -3 -7 -11 
-16 -18 -23 -27 -32 -38 -40 -47 -52 -55 -59 -66 -68 -74 -78 -81 -86 -87 -92 -96 -98 -102 -103 -105 -108 -110 -111 -115 -115 -117 -118 -120 -119 -122 -123 -124 -123 -123 -122 -125 -123 -121 -124 -122 -121 -122 -120 -119 -116 -116 -114 -113 -109 -108 -103 -100 -97 -96 -91 -88 -85 -81 -78 -77 -69 -67 -60 -59 -57 -52 -48 -43 -39 -32 -30 -24 -19 -13 -9 -6 -1 3 7 9 12 14 17 18 18 21 20 20 20 18 20 19 19 18 19 18 
17 15 13 14 14 14 14 14 16 16 14 17 16 18 18 18 21 21 22 22 23 22 23 24 22 24 22 22 20 20 19 16 13 11 8 6 3 0 -3 -7 -14 -15 -19 -25 -27 -34 -38 -44 -50 -52 -59 -63 -68 -72 -76 -80 -84 -88 -92 -92 -95 -97 -102 -103 -105 -106 -110 -112 -114 -114 -117 -119 -119 -122 -119 -121 -122 -122 -124 -122 -125 -123 -124 -124 -125 -123 -124 -124 -122 -122 -121 -120 -120 -119 -117 -116 -114 -112 -113 -107 
-104 -101 -98 -95 -91 -89 -83 -81 -79 -72 -69 -65 -62 -57 -55 -48 -45 -39 -35 -30 -26 -21 -17 -15 -9 -7 -4 2 5 5 10 12 12 13 16 17 17 16 18 18 19 19 18 18 16 19 18 15 18 15 16 12 13 14 12 12 12 11 13 13 13 14 13 14 14 17 16 17 17 20 19 20 22 22 22 21 22 19 21 20 18 17 17 13 11 7 6 1 -2 -4 -8 -11 -16 -19 -24 -28 -35 -40 -42 -47 
-50 -58 -61 -65 -69 -73 -78 -81 -86 -87 -92 -96 -99 -103 -105 -106 -109 -113 -112 -114 -116 -118 -118 -120 -121 -124 -122 -124 -126 -123 -125 -125 -125 -126 -123 -124 -123 -125 -122 -121 -120 -120 -118 -113 -114 -112 -107 -107 -102 -101 -98 -93 -89 -86 -80 -79 -73 -72 -67 -64 -61 -56 -53 -49 -44 -39 -33 -30 -28 -23 -15 -12 -9 -3 -4 3 6 10 11 15 15 16 17 21 20 20 20 21 17 21 20 19 17 15 16 16 16 15 13 11 
12 11 11 10 10 11 10 9 11 9 8 10 8 8 7 8 6 7 11 8 8 9 10 9 9 9 10 9 9 9 8 9 10 9 10 10 11 8 10 10 13 11 11 9 10 12 10 10 12 12 10 10 11 9 10 9 8 9 9 10 9 10 10 9 9 8 9 10 7 7 7 9 8 9 7 8 8 7 8 10 8 9 7 7 10 8 8 10 9 10 8 7 10 9 9 9 8 8 8 9 
8 10 10 9 9 9 9 8 8 9 8 8 11 10 7 9 9 8 9 10 10 6 7 10 9 8 6 7 9 9 8 9 7 9 9 7 7 9 8 8 10 8 9 8 8 7 9 7 9 10 8 8 7 8 8 8 8 7 10 9 11 8 8 9 7 9 9 8 9 6 9 9 8 7 8 9 9 8 8 9 9 6 8 8 9 10 9 9 8 7 9 8 7 10 9 9 10 9 9 7 
8 9 9 9 9 9 10 7 8 9 8 9 8 8 8 9 8 8 8 9 9 10 8 9 9 8 8 9 9 9 6 8 8 7 9 8 9 10 8 9 10 9 7 9 8 10 9 8 11 7 7 9 9 7 8 8 10 9 10 8 8 9 9 8 10 10 8 9 9 9 8 8 8 8 9 7 10 9 8 8 8 9 8 7 8 9 10 9 9 8 8 9 9 9 11 7 10 7 8 8 
9 9 7 10 7 8 8 10 7 9 9 8 8 9 9 8 10 6 7 7 9 7 9 7 9 7 9 10 9 8 7 7 9 8 7 11 7 7 7 8 8 10 8 7 8 7 8 8 8 8 9 8 7 7 7 8 7 9 7 6 7 7 7 10 8 8 9 6 8 5 6 8 8 7 7 9 9 9 7 6 7 9 6 7 7 6 7 7 8 5 7 6 9 4 7 7 7 7 6 7 
6 7 7 7 7 7 6 5 6 6 6 5 7 6 6 7 6 7 6 10 6 5 6 6 7 6 7 6 5 6 8 8 8 6 7 5 7 7 5 7 6 6 4 7 6 8 7 7 5 6 6 5 6 6 8 7 8 6 6 7 6 7 7 7 5 6 5 7 7 8 8 9 9 8 7 6 8 7 7 6 7 9 7 7 8 6 8 5 7 10 11 11 9 10 10 10 12 10 9 11 
10 11 12 11 11 11 10 11 12 9 11 9 11 11 11 8 10 11 12 12 11 11 10 11 11 11 10 11 10 10 10 13 11 13 12 11 12 12 11 10 9 12 9 11 9 11 8 9 11 10 11 9 10 11 10 10 9 9 11 12 12 9 9 12 12 11 11 12 12 13 13 14 14 15 13 15 17 20 19 20 22 21 22 23 23 22 23 23 23 21 18 16 14 12 9 6 1 -2 -7 -10 
-13 -19 -25 -30 -34 -41 -45 -48 -53 -58 -63 -66 -73 -75 -83 -85 -89 -92 -96 -100 -104 -105 -108 -111 -113 -115 -118 -119 -121 -121 -123 -126 -125 -126 -127 -128 -126 -128 -124 -124 -125 -123 -123 -122 -121 -121 -117 -116 -114 -111 -109 -108 -104 -100 -96 -93 -88 -86 -81 -78 -73 -72 -65 -64 -58 -55 -49 -43 -40 -33 -30 -24 -20 -15 -13 -6 -4 1 3 6 9 13 14 15 18 17 19 21 20 21 20 19 19 20 20 19 18 16 19 18 
18 17 14 14 15 13 14 14 14 15 16 15 17 16 19 20 19 19 20 21 23 22 21 21 22 21 20 19 17 15 11 10 6 5 -1 -4 -7 -13 -16 -20 -28 -32 -38 -43 -48 -52 -55 -61 -67 -71 -77 -81 -86 -90 -92 -97 -102 -106 -108 -112 -112 -116 -120 -122 -123 -126 -128 -127 -129 -128 -130 -131 -132 -128 -131 -129 -129 -131 -131 -129 -129 -126 -130 -126 -127 -126 -124 -122 -119 -119 -116 -113 -111 -105 -102 -101 -96 -94 -90 -88 
-81 -80 -74 -70 -68 -65 -59 -50 -49 -42 -39 -32 -27 -23 -18 -14 -11 -7 -2 0 3 7 10 12 15 16 17 19 20 23 21 21 19 21 20 20 19 15 17 17 15 18 14 13 14 13 11 15 16 14 15 17 18 17 19 19 18 20 21 21 22 22 22 24 22 23 22 23 22 19 17 16 15 12 8 7 2 1 -5 -8 -12 -17 -22 -25 -34 -37 -40 -47 -51 -58 -62 -68 -73 -76 -82 -84 -89 -92 -93 -99 
-101 -102 -103 -108 -111 -110 -112 -114 -118 -119 -118 -119 -121 -121 -121 -122 -121 -125 -124 -125 -125 -124 -123 -124 -125 -123 -124 -124 -124 -121 -122 -120 -119 -119 -116 -116 -113 -115 -112 -111 -108 -109 -105 -103 -99 -97 -94 -94 -90 -87 -84 -80 -77 -72 -68 -65 -60 -55 -52 -46 -41 -39 -33 -30 -24 -22 -16 -11 -7 -3 -1 2 3 8 11 14 15 20 17 21 20 21 21 23 21 22 20 19 20 18 19 16 16 16 15 15 15 13 12 13 
11 11 12 11 12 10 9 11 13 9 11 9 11 9 11 9 11 9 11 11 12 12 10 12 9 11 10 10 10 11 9 8 11 9 8 10 8 10 10 9 9 9 11 9 7 9 8 10 10 8 10 10 10 9 9 10 10 9 9 9 9 11 11 7 11 11 11 10 10 10 12 11 9 9 9 9 10 12 10 9 9 10 11 9 11 9 12 9 12 10 10 8 10 10 10 10 11 12 12 9 
9 10 11 9 10 10 9 10 11 11 11 11 10 10 11 11 13 11 10 9 9 10 10 11 11 10 10 10 9 8 12 9 12 9 12 10 11 10 10 13 11 10 10 11 11 9 9 8 9 10 11 9 9 8 10 10 9 11 8 10 8 8 13 10 9 10 10 10 9 8 9 12 9 11 10 10 9 9 11 12 9 11 8 9 12 10 10 10 9 9 10 9 9 9 9 11 10 10 11 9 
10 10 10 10 11 10 8 11 12 11 9 10 9 10 10 9 9 10 10 12 10 11 9 12 9 9 13 9 9 9 9 10 10 8 11 9 10 8 11 11 8 9 9 10 10 11 11 11 11 11 10 10 9 9 10 9 9 10 11 10 10 12 10 10 9 10 10 9 13 9 9 10 13 11 10 9 10 9 11 9 9 10 9 9 10 9 10 12 11 10 11 13 10 9 10 10 11 11 9 9 
12 10 10 11 10 10 9 10 11 12 10 10 11 11 10 12 8 12 8 8 10 10 11 9 11 10 10 11 9 10 9 8 10 10 9 10 10 10 7 10 7 12 11 11 11 12 10 10 9 8 10 11 10 10 10 11 9 11 11 12 9 11 11 10 11 11 8 12 11 12 12 11 11 12 10 12 9 10 10 11 9 8 10 12 9 10 8 11 9 11 10 10 13 10 10 10 10 11 10 11 
10 10 12 12 8 8 10 11 9 11 11 9 10 11 10 11 10 8 10 10 10 8 12 9 10 11 11 10 10 11 9 9 11 7 10 11 11 9 12 11 9 10 11 9 11 10 11 9 10 10 10 11 11 11 9 11 10 11 12 11 9 9 10 12 9 11 11 11 10 12 8 10 11 9 9 10 9 8 10 11 11 7 11 8 10 10 11 9 11 13 11 13 10 10 11 10 13 12 10 13 
13 13 12 10 11 11 10 12 11 11 10 10 12 12 13 11 14 9 12 11 12 12 10 11 11 9 11 11 12 12 11 11 11 11 11 10 10 13 13 11 10 11 11 12 11 13 12 13 15 14 17 17 15 15 18 22 21 20 20 24 22 24 25 26 25 23 23 22 22 20 18 16 11 9 5 1 -1 -6 -9 -13 -17 -20 -27 -33 -37 -42 -48 -51 -56 -61 -65 -69 -73 -76 -82 -86 -88 -91 -95 -98 
-99 -102 -105 -106 -109 -110 -114 -115 -114 -119 -121 -122 -123 -124 -125 -127 -123 -126 -125 -123 -123 -125 -122 -122 -121 -122 -117 -116 -116 -115 -113 -111 -108 -106 -103 -102 -101 -97 -92 -90 -86 -78 -76 -71 -68 -63 -56 -54 -48 -43 -38 -34 -28 -24 -19 -15 -9 -6 -2 1 6 9 11 13 14 18 20 19 21 20 20 20 20 21 20 20 20 18 17 16 16 16 15 15 11 14 14 15 15 14 15 18 18 18 18 19 21 21 23 22 
23 23 25 24 23 24 23 22 21 19 17 15 13 8 5 2 -2 -7 -12 -15 -19 -26 -29 -36 -42 -47 -50 -55 -61 -66 -72 -74 -81 -87 -90 -93 -97 -101 -103 -106 -108 -111 -113 -112 -115 -119 -120 -122 -123 -122 -124 -124 -124 -126 -127 -125 -127 -124 -127 -123 -125 -123 -124 -122 -120 -121 -118 -114 -114 -113 -111 -108 -105 -102 -97 -96 -94 -86 -84 -81 -75 -73 -68 -61 -57 -52 -47 -41 -34 -30 -23 -19 -16 -11 -8 -2 0 4 8 8 
12 14 16 17 18 17 22 20 20 22 22 22 16 19 17 15 15 13 12 12 13 11 13 12 13 13 15 15 19 18 20 20 22 22 23 20 26 26 24 26 26 25 26 24 19 18 15 14 9 6 3 -3 -6 -11 -16 -23 -28 -32 -39 -42 -49 -54 -59 -64 -71 -75 -81 -84 -89 -93 -97 -101 -103 -107 -109 -111 -113 -116 -119 -121 -125 -126 -128 -128 -129 -129 -130 -129 -130 -132 -131 -135 -142 -147 -145 -139 -134 -130 -130 -127 
-127 -124 -120 -119 -117 -114 -110 -104 -104 -100 -97 -94 -92 -87 -81 -79 -74 -69 -66 -60 -56 -51 -43 -40 -38 -33 -29 -23 -22 -18 -13 -10 -6 -2 2 4 5 8 11 15 16 17 17 21 20 18 21 21 21 18 20 21 19 19 18 18 15 14 16 13 15 14 11 14 14 12 13 11 10 9 10 10 10 11 10 11 9 8 9 12 9 8 11 10 10 11 12 9 10 9 11 10 11 9 11 10 12 11 10 9 
10 10 10 10 9 8 8 9 9 10 10 8 10 10 9 9 11 10 9 8 8 8 11 8 10 7 10 8 10 8 9 9 9 9 12 8 10 8 8 11 10 8 9 9 7 8 9 8 9 9 9 11 8 10 11 9 9 9 11 9 9 10 10 10 10 8 10 9 11 10 10 10 9 10 11 10 9 7 10 10 10 9 12 9 7 9 11 8 11 13 11 9 8 9 11 9 10 7 11 10 
10 10 11 10 8 8 11 9 9 9 9 11 8 10 9 9 11 8 9 9 9 9 9 10 8 9 9 8 10 10 11 9 8 10 10 8 9 11 10 11 9 7 9 9 11 9 9 8 11 9 8 9 9 10 9 11 8 9 10 8 10 9 10 8 8 7 10 9 8 8 10 9 9 9 6 8 9 9 8 9 10 10 9 9 7 8 9 8 8 8 10 8 7 10 9 9 7 7 5 10 
10 8 10 9 7 11 8 8 8 8 6 8 8 7 9 9 8 6 9 8 9 8 10 8 10 11 7 9 9 8 8 9 7 9 10 8 11 11 11 7 8 9 9 8 7 10 11 8 10 10 10 8 10 9 13 9 9 9 10 8 8 8 10 8 7 7 11 7 8 9 7 9 9 8 9 6 8 8 7 8 9 6 8 7 8 8 6 7 8 7 8 7 7 8 8 7 8 7 6 6 
7 8 6 7 6 9 9 9 8 10 7 8 10 8 9 8 10 8 9 8 10 9 9 9 9 9 9 9 10 7 9 10 10 7 11 10 9 11 9 10 10 9 8 10 9 10 8 9 9 9 8 9 11 8 9 9 9 9 9 9 10 8 11 10 10 9 9 9 10 10 9 9 9 10 9 10 9 10 10 10 10 12 12 11 11 12 11 12 11 11 10 10 14 12 11 13 13 11 10 13 
11 10 12 11 11 10 11 12 12 12 11 12 10 11 12 8 13 10 10 9 11 13 11 11 12 13 10 12 11 12 12 10 11 14 12 10 10 10 11 13 13 11 11 13 10 12 12 11 11 11 11 10 11 9 9 12 13 12 9 13 11 11 10 13 11 12 10 12 12 12 11 12 13 11 11 13 12 11 11 11 10 11 11 13 11 9 13 10 11 12 10 13 12 13 11 12 12 14 12 11 
12 12 12 11 11 11 13 10 12 10 11 12 10 10 10 12 12 12 11 13 11 11 10 11 12 12 11 12 11 12 11 10 12 11 12 11 10 10 12 13 11 11 12 9 10 11 9 10 9 11 12 9 10 11 12 11 11 10 11 9 12 10 11 10 11 11 11 10 11 10 11 10 9 10 9 11 10 13 9 11 9 10 11 11 11 10 11 11 11 13 11 12 11 11 11 10 12 12 10 12 
13 12 13 11 10 14 11 12 10 13 11 9 9 12 10 12 12 12 11 10 11 11 10 12 11 11 10 10 12 12 12 10 11 11 10 11 11 12 10 10 10 11 13 11 11 11 11 12 12 11 11 11 11 12 11 11 11 10 10 10 11 11 9 10 12 10 11 12 12 10 11 11 12 13 11 9 10 11 12 10 11 11 10 11 12 10 11 14 11 15 11 15 12 15 14 14 18 19 18 19 
22 22 23 22 23 24 25 24 22 22 22 18 15 15 11 9 5 0 -1 -6 -10 -15 -20 -23 -28 -33 -40 -42 -50 -53 -57 -62 -67 -71 -74 -80 -85 -89 -90 -94 -99 -97 -103 -107 -107 -110 -115 -115 -117 -120 -121 -123 -122 -125 -125 -125 -125 -125 -125 -124 -123 -126 -123 -121 -121 -120 -121 -119 -117 -115 -114 -111 -109 -107 -101 -99 -95 -91 -87 -83 -79 -77 -74 -67 -66 -60 -58 -55 -51 -45 -41 -34 -32 -23 -18 -13 -8 -4 1 3 
7 12 13 17 20 19 21 19 19 22 21 18 19 17 17 18 14 14 15 13 12 14 13 13 15 15 17 18 20 20 20 23 21 23 23 24 22 23 24 23 21 19 18 16 11 9 7 5 -1 -4 -6 -10 -16 -21 -27 -30 -36 -42 -45 -52 -55 -62 -66 -72 -80 -86 -92 -95 -100 -103 -104 -107 -109 -109 -111 -111 -113 -111 -114 -114 -117 -116 -118 -121 -120 -122 -123 -122 -123 -121 -123 -120 -120 -119 -119 -118 -119 -117 -116 -115 
-115 -114 -110 -110 -108 -107 -102 -98 -95 -94 -90 -88 -84 -81 -75 -72 -69 -63 -59 -55 -51 -46 -40 -37 -29 -24 -22 -14 -8 -5 -1 2 5 10 13 15 16 18 19 22 20 19 19 18 18 20 17 18 17 12 16 14 14 13 14 12 13 12 15 14 17 16 19 17 20 22 22 22 24 26 23 27 22 25 23 21 20 17 13 11 9 4 -1 -3 -6 -13 -18 -23 -28 -34 -39 -44 -49 -56 -59 -65 -72 -76 -82 -87 
-93 -96 -97 -102 -107 -109 -113 -115 -116 -120 -120 -122 -122 -123 -124 -124 -124 -123 -122 -124 -124 -123 -119 -122 -120 -121 -120 -121 -118 -116 -115 -112 -109 -109 -106 -102 -100 -97 -93 -93 -88 -83 -78 -75 -73 -68 -64 -59 -54 -51 -45 -39 -35 -30 -25 -22 -15 -12 -9 -4 -1 3 5 9 14 14 16 18 17 21 19 21 19 19 21 19 19 19 18 17 15 16 15 17 15 13 11 13 12 12 11 9 7 8 10 10 10 10 11 11 
11 11 10 9 9 11 9 9 10 10 9 8 11 10 11 10 10 12 11 12 11 12 12 14 11 12 12 10 11 11 10 10 9 11 11 9 10 6 9 8 10 9 8 11 8 7 10 10 12 8 11 10 11 11 10 10 11 10 9 10 12 11 10 10 10 11 11 10 9 11 11 9 9 10 10 11 11 11 9 10 11 10 10 9 11 11 9 9 8 7 11 11 10 10 10 8 10 10 11 8 
11 8 10 10 8 12 10 9 10 11 11 12 10 11 9 10 11 10 10 8 10 11 9 11 12 11 11 8 9 10 10 10 11 9 11 10 9 9 11 9 11 9 9 9 11 10 11 11 10 12 9 9 11 9 8 10 10 10 10 9 10 9 10 11 10 9 9 11 9 11 10 11 10 10 10 9 11 9 10 12 9 10 10 11 10 10 8 9 10 9 10 10 11 10 9 8 10 9 9 10 
9 7 9 11 10 9 11 8 10 9 10 10 11 10 8 10 10 9 8 10 9 13 11 11 9 10 11 9 10 10 10 9 10 11 11 11 11 9 9 9 12 8 9 9 9 10 9 10 10 9 10 10 10 10 9 8 11 11 11 9 10 9 9 8 9 9 12 11 9 9 9 9 10 10 9 10 8 10 9 8 10 9 11 10 10 11 9 9 10 8 10 8 9 9 10 10 9 9 11 9 
10 9 10 10 10 9 10 8 11 9 10 11 12 11 11 7 8 11 11 9 10 10 12 9 10 10 10 10 9 10 9 10 11 9 10 11 10 11 11 10 9 9 11 10 9 11 8 9 9 10 12 9 9 10 11 11 9 11 9 11 11 12 10 11 9 10 12 10 7 10 10 10 10 8 10 9 11 9 9 9 11 9 9 10 10 10 10 11 12 10 10 12 11 11 13 12 11 12 12 10 
12 10 12 12 13 11 11 10 12 13 11 12 12 12 10 11 11 12 12 11 11 13 12 11 10 12 11 10 12 10 11 12 12 12 11 11 12 10 13 12 10 11 8 10 11 12 11 8 11 12 10 11 13 11 13 13 12 12 13 12 12 10 11 12 12 13 12 11 10 12 11 12 11 10 12 10 10 11 11 12 11 11 11 13 11 9 11 12 10 12 13 11 14 11 15 13 12 11 11 12 
11 13 12 12 12 14 13 10 10 13 11 11 12 12 11 11 11 11 11 11 12 12 10 12 10 12 13 11 11 12 11 13 14 14 13 14 15 18 17 17 20 21 20 20 22 23 24 23 23 21 23 23 21 18 19 16 13 9 6 5 1 -4 -7 -12 -19 -24 -28 -33 -42 -47 -52 -56 -64 -67 -72 -78 -82 -86 -89 -93 -99 -103 -105 -109 -112 -113 -116 -117 -119 -119 -121 -121 -124 -125 -126 -129 -130 -128 -130 -130 
-129 -128 -127 -125 -125 -126 -124 -121 -120 -119 -119 -118 -115 -112 -110 -107 -104 -102 -96 -93 -93 -86 -80 -79 -73 -70 -65 -59 -55 -50 -45 -40 -36 -30 -26 -20 -15 -11 -7 -5 -1 5 7 11 14 16 19 19 20 18 18 22 20 19 19 18 17 17 18 15 14 13 15 13 15 16 15 15 19 15 22 20 19 20 22 21 23 23 23 24 25 22 22 20 19 19 16 14 10 7 2 -2 -5 -9 -15 -20 -26 -31 -36 -42 
-48 -51 -59 -65 -70 -75 -81 -87 -90 -96 -100 -105 -111 -113 -116 -119 -121 -121 -123 -124 -126 -127 -127 -127 -130 -128 -127 -131 -130 -129 -130 -130 -129 -131 -128 -125 -125 -124 -120 -116 -112 -111 -108 -104 -99 -96 -90 -85 -83 -80 -74 -68 -64 -60 -53 -48 -42 -39 -34 -29 -25 -20 -15 -10 -5 -2 1 3 8 9 13 17 18 19 21 21 21 22 19 21 19 19 17 15 18 17 16 16 16 18 16 18 17 17 17 20 19 21 20 21 
21 22 22 21 19 20 19 17 13 10 6 5 2 -2 -7 -10 -15 -20 -26 -30 -36 -41 -47 -54 -58 -64 -70 -73 -77 -85 -89 -94 -99 -103 -107 -110 -114 -117 -122 -122 -125 -126 -127 -128 -130 -131 -129 -131 -133 -131 -132 -131 -132 -132 -131 -131 -131 -128 -127 -130 -127 -126 -124 -126 -124 -119 -116 -114 -112 -105 -103 -98 -95 -91 -86 -81 -76 -68 -66 -61 -58 -50 -45 -39 -35 -29 -25 -22 -14 -10 -9 -4 0 1 8 9 10 12 14 14 
19 18 19 19 19 20 19 19 19 17 16 17 15 13 14 11 12 11 12 10 11 9 10 7 9 9 9 10 9 11 10 10 9 9 7 10 9 10 11 8 12 9 9 10 10 8 10 11 11 11 10 9 10 10 8 10 9 9 7 8 10 8 8 7 7 7 7 9 8 6 8 7 9 6 8 7 5 7 7 9 9 8 6 7 7 7 7 7 9 8 8 6 9 9 8 8 7 9 8 9 
9 9 9 7 10 11 6 9 9 8 9 8 9 7 8 7 10 10 6 8 8 6 8 7 9 8 9 6 11 9 8 8 8 9 10 8 7 8 8 9 9 10 9 8 8 10 10 10 9 10 9 10 9 11 11 9 9 9 9 10 8 9 9 10 9 10 10 8 8 11 11 9 9 12 10 10 10 11 11 11 14 12 10 10 12 11 11 11 11 10 9 11 10 12 11 10 12 12 12 12 
13 12 11 11 12 13 11 12 11 12 13 14 11 13 13 13 13 11 12 12 12 14 14 15 10 13 14 12 13 12 15 13 13 13 14 11 11 13 14 11 12 14 11 14 12 13 13 13 13 12 13 12 11 13 14 12 13 14 13 12 13 14 12 13 13 12 11 12 12 12 11 12 12 13 12 10 12 13 11 12 12 12 12 12 12 13 13 11 11 12 12 11 12 12 10 12 11 13 10 11 
12 12 12 9 11 11 11 14 11 13 13 13 13 10 11 12 11 11 12 12 9 11 11 10 10 11 11 9 10 10 10 10 11 10 11 11 10 12 10 11 10 10 10 10 9 11 11 11 12 11 9 8 13 10 10 10 10 10 9 12 10 10 9 10 11 9 11 10 9 9 11 10 10 11 10 8 9 11 11 9 11 10 11 10 11 10 12 11 12 11 9 11 9 8 10 10 9 9 11 9 
12 8 9 10 12 9 13 11 10 12 12 11 8 11 10 11 11 11 10 12 11 11 9 10 10 13 12 11 10 11 9 10 9 10 8 9 10 9 7 8 9 6 10 8 7 8 8 9 7 8 7 10 9 8 7 5 7 7 5 9 9 4 7 7 8 8 6 6 6 7 7 7 7 7 7 7 5 6 7 7 6 8 7 7 7 9 10 11 11 8 11 9 10 8 10 10 9 11 8 11 
9 10 11 9 10 8 10 9 10 10 8 9 8 10 11 8 9 9 9 11 10 9 8 9 9 10 8 8 9 10 10 9 9 10 9 10 10 9 9 9 10 9 9 10 8 10 9 12 8 8 12 11 7 11 8 10 11 9 10 11 9 10 13 12 14 14 18 17 19 18 18 20 22 21 23 22 23 21 21 20 19 18 14 12 7 5 2 -1 -7 -11 -16 -22 -27 -33 -38 -43 -48 -52 -58 -64 
-69 -71 -78 -82 -86 -90 -97 -99 -100 -105 -109 -110 -111 -116 -120 -121 -124 -125 -128 -130 -131 -134 -133 -134 -133 -133 -132 -133 -132 -131 -132 -129 -130 -127 -126 -124 -124 -122 -122 -119 -116 -112 -109 -105 -101 -97 -93 -88 -86 -80 -75 -72 -68 -62 -56 -51 -47 -38 -33 -28 -22 -18 -10 -7 -3 2 3 9 12 16 16 18 20 19 21 21 19 20 22 21 20 18 16 15 15 13 14 13 15 15 15 17 15 18 18 19 21 21 22 25 
24 24 24 25 26 25 25 22 21 17 16 13 9 7 1 -5 -8 -11 -15 -21 -27 -32 -38 -42 -47 -53 -58 -62 -68 -73 -77 -81 -87 -91 -95 -98 -102 -103 -108 -108 -111 -113 -114 -117 -120 -120 -120 -121 -124 -123 -123 -124 -123 -123 -124 -123 -122 -122 -121 -120 -120 -119 -118 -117 -116 -113 -112 -112 -108 -107 -104 -104 -101 -99 -95 -93 -89 -88 -83 -81 -77 -71 -68 -63 -60 -53 -50 -49 -41 -37 -32 -27 -25 -18 -13 -12 -6 -1 3 7 
10 14 15 16 17 19 23 22 24 21 20 22 20 18 18 15 18 16 14 15 15 14 14 15 17 16 17 18 19 19 20 21 22 24 24 24 26 25 25 22 22 19 17 14 11 8 5 0 -5 -9 -14 -17 -24 -29 -33 -38 -44 -51 -55 -61 -65 -68 -76 -80 -84 -88 -91 -96 -98 -104 -106 -106 -110 -112 -112 -116 -116 -117 -119 -121 -121 -119 -119 -120 -121 -121 -120 -121 -118 -117 -115 -114 -114 -112 -111 -109 -107 -105 -103 -100 
-96 -95 -91 -88 -84 -81 -76 -70 -67 -64 -58 -52 -48 -44 -37 -32 -28 -22 -18 -14 -11 -6 0 0 3 8 10 13 16 17 18 19 21 20 21 21 20 21 18 21 19 20 19 17 18 18 12 14 13 13 11 11 10 10 8 8 6 6 7 4 7 4 5 5 5 7 5 4 4 4 6 5 6 6 6 7 6 6 8 9 8 10 8 11 8 9 11 9 10 7 9 10 8 10 9 10 8 11 9 8 
9 8 9 8 9 9 10 9 8 9 9 9 8 10 8 8 9 10 8 9 10 8 9 9 9 8 9 10 8 9 10 9 8 10 9 9 9 9 8 9 8 9 7 8 8 11 9 8 8 8 11 8 7 8 8 8 10 9 9 10 9 9 9 7 10 9 11 7 9 11 8 8 10 7 9 8 9 10 7 8 10 10 6 11 10 8 10 12 9 9 10 10 7 8 9 8 7 9 11 7 
8 7 9 9 8 8 9 10 6 11 9 8 7 8 7 8 7 7 7 7 9 8 9 6 9 9 9 9 8 8 8 7 7 9 8 10 7 8 9 8 9 6 7 9 9 7 9 7 9 9 9 5 7 6 9 7 8 8 7 9 8 9 8 10 8 9 8 9 7 7 8 8 8 9 7 9 8 8 8 8 8 7 5 8 7 8 9 7 7 8 7 6 6 6 6 6 7 6 8 7 
9 7 8 9 5 7 6 6 7 6 7 7 7 7 6 6 6 6 7 8 6 7 6 7 8 5 6 8 8 6 8 6 8 8 7 4 8 7 7 7 6 7 6 7 8 6 7 6 7 5 6 6 6 6 8 6 9 7 7 6 7 6 7 6 7 7 7 8 6 7 7 6 7 7 6 7 7 8 6 7 9 5 8 7 4 6 6 8 7 7 6 6 7 7 7 8 6 7 7 5 
4 5 6 6 8 7 6 5 6 6 6 6 6 6 5 5 9 7 7 7 8 8 6 7 7 9 9 7 7 10 9 7 9 8 8 9 9 8 8 7 10 8 9 9 10 9 9 9 8 9 10 9 8 11 8 7 8 10 9 7 10 9 9 9 8 7 10 9 8 10 6 9 9 10 11 9 9 8 6 8 9 11 8 7 6 8 7 9 10 7 8 7 11 7 7 9 7 9 10 8 
8 10 8 9 6 8 9 10 10 10 7 9 8 10 7 8 9 9 8 9 9 8 7 8 8 8 9 8 7 7 7 9 8 7 8 7 9 8 7 10 9 8 8 8 9 9 8 7 8 10 8 7 7 7 9 8 8 8 7 8 8 7 8 9 8 8 8 8 8 9 7 8 8 9 7 8 6 8 7 6 7 9 8 6 9 10 12 8 9 10 13 11 11 13 11 8 10 9 11 12 
9 12 10 8 12 12 12 11 11 12 12 12 12 12 10 10 11 12 13 11 10 11 9 12 11 9 11 9 12 10 12 10 10 11 11 8 10 13 11 10 12 12 13 9 10 8 10 11 10 12 11 12 9 10 10 10 12 9 12 13 11 12 12 13 12 14 13 15 16 18 19 19 21 21 23 21 23 24 23 24 23 23 22 20 17 15 12 7 3 0 -3 -9 -14 -19 -27 -33 -37 -41 -50 -53 
-59 -67 -72 -78 -83 -88 -90 -96 -98 -103 -106 -110 -110 -113 -115 -117 -120 -120 -121 -122 -126 -124 -125 -126 -127 -125 -126 -125 -125 -125 -122 -122 -122 -122 -121 -122 -121 -120 -117 -117 -118 -114 -109 -108 -108 -102 -100 -94 -91 -87 -82 -78 -74 -69 -64 -59 -54 -49 -42 -38 -31 -26 -22 -18 -12 -9 -5 -2 3 4 9 12 15 18 20 20 21 20 22 20 19 22 20 17 17 18 17 18 15 14 15 14 13 14 14 15 17 16 18 19 
20 21 22 22 24 23 23 23 22 22 20 21 18 16 12 10 6 1 -4 -9 -13 -17 -23 -26 -32 -37 -43 -46 -53 -58 -61 -68 -71 -76 -82 -85 -92 -95 -99 -99 -105 -107 -108 -112 -115 -115 -117 -119 -119 -122 -122 -121 -122 -122 -123 -125 -125 -125 -125 -124 -125 -127 -124 -126 -124 -122 -122 -122 -122 -120 -120 -118 -116 -112 -112 -109 -104 -103 -100 -97 -95 -92 -90 -85 -82 -78 -74 -72 -65 -61 -58 -54 -48 -45 -39 -35 -30 -25 -21 -14 
-11 -6 -1 0 5 6 11 13 15 18 20 19 19 19 21 21 20 20 18 19 16 17 16 13 13 14 13 14 12 13 11 16 16 15 15 15 18 18 19 20 22 21 23 22 24 23 24 25 21 21 21 18 15 11 7 4 1 -1 -6 -9 -13 -18 -22 -29 -32 -37 -42 -48 -50 -55 -60 -65 -69 -74 -76 -80 -84 -87 -92 -95 -98 -100 -102 -106 -109 -111 -113 -114 -118 -117 -120 -120 -122 -124 -124 -125 -125 -125 -125 -123 
-125 -125 -124 -125 -126 -124 -123 -122 -119 -120 -119 -119 -114 -114 -112 -109 -107 -107 -104 -99 -98 -94 -91 -89 -85 -80 -79 -75 -71 -64 -61 -57 -51 -47 -44 -40 -33 -29 -25 -19 -15 -11 -7 -4 1 5 5 8 13 11 16 17 18 20 18 19 20 17 18 19 19 18 18 16 16 15 17 14 14 12 13 13 13 11 10 10 11 11 9 11 7 9 9 10 8 9 7 10 8 9 8 10 8 7 9 9 11 11 11 9 
11 9 10 9 10 10 9 7 7 11 8 8 9 9 10 10 8 11 10 9 9 8 7 10 8 12 10 6 7 8 9 9 7 9 8 10 9 8 7 9 9 8 9 8 8 8 8 6 9 8 6 7 6 4 7 6 8 6 6 5 4 5 7 6 6 5 5 6 6 5 7 8 7 7 6 6 9 7 9 7 8 7 6 7 6 6 7 8 6 5 7 7 4 6 8 7 9 6 6 6 
7 8 6 6 8 7 6 7 6 7 8 7 6 6 8 7 6 8 5 5 7 7 5 7 5 7 6 5 5 5 6 4 6 4 6 5 4 6 5 5 5 4 4 2 4 4 4 4 3 3 2 5 5 1 4 4 2 3 3 5 2 3 3 2 4 2 2 3 3 4 2 3 4 5 5 3 3 4 3 3 3 2 4 5 4 3 4 4 3 3 4 5 5 3 5 3 3 5 3 3 
4 4 2 5 2 3 4 5 4 2 3 4 1 2 1 3 2 5 4 3 4 4 4 4 2 3 3 4 2 3 4 4 3 2 5 3 4 3 4 1 2 4 4 4 3 3 1 4 2 3 4 2 3 4 4 3 4 3 2 4 3 2 3 3 3 4 2 4 4 2 2 2 4 3 4 4 3 4 3 2 5 4 3 3 2 3 4 3 3 3 5 5 5 4 3 2 3 2 3 4 
5 3 2 3 5 3 4 4 2 4 4 3 5 5 5 3 5 5 6 4 4 7 5 5 6 7 4 8 7 6 7 9 9 8 8 8 7 8 8 8 7 7 8 9 9 6 7 9 8 6 7 7 8 7 7 7 6 8 7 7 7 6 8 9 7 8 7 9 9 8 8 6 9 5 8 9 10 7 7 7 8 7 11 7 10 6 9 6 7 7 8 7 8 8 8 6 9 9 8 7 
6 8 9 8 9 8 6 9 8 7 8 9 8 7 9 6 5 8 6 8 5 7 7 7 5 5 9 7 7 6 7 7 7 7 8 8 7 7 7 8 7 9 9 9 8 7 7 9 7 7 7 8 7 6 8 6 5 8 6 8 8 8 6 7 6 7 8 6 8 7 7 6 8 7 7 5 7 6 7 6 6 7 