-27 -33 -33 -35 -34 -31 -34 -35 -37 -42 -45 -39 -42 -44 -37 -34 -27 -35 -42 -47 -43 -41 -44 -40 -35 -41 -42 -38 -46 -46 -45 -45 -42 -39 -38 -32 -31 -32 -35 -34 -33 -33 -30 -34 -30 -27 -21 -16 -15 -8 -19 -16 -15 -17 -11 -5 -4 -6 -6 1 2 6 3 -1 -11 -17 -21 -26 -25 -23 -26 -22 -11 -12 -16 -33 -48 -88 -149 -225 -330 -449 -569 -689 -809 -962 -1185 -1439 -1644 -1802 -1917 -1992 -2041 -2107 -2199 -2303 -2409 -2493 -2574 -2646 
-2741 -2834 -2950 -3071 -3193 -3285 -3350 -3409 -3484 -3598 -3709 -3755 -3746 -3762 -3805 -3837 -3827 -3791 -3770 -3741 -3677 -3599 -3478 -3357 -3257 -3178 -3097 -2992 -2844 -2697 -2554 -2418 -2310 -2251 -2215 -2191 -2121 -1980 -1868 -1816 -1761 -1681 -1568 -1460 -1356 -1225 -1084 -915 -792 -726 -709 -700 -687 -653 -560 -433 -289 -122 32 135 216 241 270 302 340 392 484 573 670 761 852 957 1014 1035 1083 1110 1108 1102 1133 1207 1252 1246 1218 1143 1076 1056 1083 1118 1092 1070 945 863 842 941 1130 1239 1247 1220 1146 1071 
1028 1031 1028 972 901 829 788 742 639 515 427 358 249 135 68 -21 -166 -253 -287 -327 -354 -329 -280 -226 -191 -159 -85 -30 -25 -34 -29 1 24 62 99 83 35 32 59 118 153 194 303 446 551 637 674 666 626 560 482 410 382 429 515 618 704 760 800 844 892 966 1032 1048 1099 1135 1149 1180 1248 1338 1418 1478 1588 1741 1918 2097 2275 2434 2579 2652 2635 2645 2662 2711 2817 2994 3090 3004 2990 3100 3283 3548 3710 3734 3646 3791 3918 4015 4235 4544 
4599 4265 4021 4137 4091 3942 3860 3756 3548 3260 3014 2916 2837 2718 2590 2487 2456 2469 2527 2636 2749 2779 2641 2368 2054 1751 1594 1505 1509 1470 1325 1091 774 466 200 -43 -300 -528 -660 -696 -658 -556 -434 -315 -197 -71 22 45 46 68 100 128 160 197 244 282 326 370 394 389 346 227 27 -190 -370 -476 -505 -477 -459 -485 -578 -693 -815 -937 -1075 -1233 -1388 -1552 -1716 -1816 -1845 -1840 -1890 -1995 -2110 -2205 -2290 -2400 -2519 -2639 -2752 -2806 -2767 -2727 -2714 -2746 -2859 -2984 -3107 -3251 
-3410 -3617 -3730 -3704 -3621 -3509 -3397 -3340 -3362 -3398 -3482 -3549 -3574 -3542 -3452 -3287 -3030 -2736 -2423 -2170 -1939 -1699 -1460 -1190 -938 -689 -450 -211 -1 145 285 376 438 523 621 712 778 838 874 853 846 876 951 1029 1126 1183 1265 1329 1375 1412 1446 1475 1500 1490 1490 1463 1467 1494 1533 1614 1666 1691 1671 1645 1651 1679 1724 1743 1754 1767 1796 1843 1896 1936 1985 2013 1993 1975 1980 1930 1854 1743 1586 1459 1403 1363 1294 1224 1134 1050 993 930 854 760 680 617 544 497 461 421 
349 224 75 -44 -114 -176 -229 -254 -254 -235 -202 -189 -209 -237 -274 -344 -393 -388 -364 -337 -297 -256 -216 -158 -119 -103 -121 -140 -157 -151 -144 -161 -219 -319 -423 -516 -593 -619 -603 -575 -501 -379 -226 -60 108 271 406 551 691 814 946 1026 991 905 830 779 769 773 788 821 840 883 955 1045 1139 1226 1318 1397 1482 1516 1540 1553 1492 1422 1316 1229 1206 1215 1259 1294 1299 1351 1445 1545 1611 1604 1517 1330 1145 1169 1262 1478 1818 2069 2184 2295 2307 2400 2570 2709 
2823 2857 2810 2797 2812 2825 2989 3160 3123 3072 3009 2904 2864 2936 3069 3072 2924 2731 2424 2092 1838 1711 1715 1870 2126 2386 2535 2525 2338 2155 2012 1980 1894 1697 1366 827 219 -291 -628 -888 -1072 -1134 -1100 -1009 -872 -721 -602 -545 -499 -419 -348 -287 -252 -220 -206 -220 -243 -276 -321 -373 -433 -511 -584 -650 -722 -784 -836 -905 -1033 -1250 -1495 -1715 -1866 -1986 -2100 -2269 -2456 -2604 -2714 -2817 -2915 -3010 -3093 -3177 -3240 -3259 -3226 -3176 -3154 -3118 -3047 -2942 -2805 -2648 -2477 -2299 -2154 -2048 -1986 -1933 
-1882 -1795 -1664 -1476 -1287 -1120 -958 -798 -653 -498 -330 -123 92 250 357 398 394 393 434 482 585 685 787 881 919 912 872 857 876 925 967 952 904 861 796 743 729 732 746 763 757 746 751 756 724 640 551 518 512 568 692 828 959 1060 1118 1130 1116 1072 1022 1022 1050 1076 1148 1221 1283 1308 1332 1342 1341 1392 1435 1440 1452 1474 1505 1528 1532 1494 1434 1348 1217 1114 1006 935 919 924 879 807 739 667 594 528 456 419 411 396 348 315 244 172 
114 59 32 46 78 130 160 138 86 30 -49 -100 -124 -128 -128 -115 -105 -101 -114 -131 -115 -79 -59 -68 -106 -150 -181 -226 -289 -367 -461 -541 -578 -601 -607 -613 -649 -683 -713 -725 -700 -637 -560 -491 -445 -412 -381 -372 -360 -320 -261 -225 -214 -212 -213 -195 -138 -84 -14 62 115 159 152 151 215 303 413 515 572 559 558 605 644 688 770 837 877 912 979 1095 1216 1285 1258 1181 1132 1154 1307 1531 1682 1697 1690 1716 1767 1961 2231 2394 2493 2515 2511 2487 
2497 2509 2505 2514 2527 2535 2554 2618 2675 2686 2746 2806 2802 2795 2728 2650 2621 2623 2532 2392 2288 2245 2253 2253 2249 2259 2265 2267 2245 2175 2055 1888 1710 1583 1468 1394 1369 1408 1455 1675 1818 1950 1941 1684 1291 868 493 202 -10 -163 -251 -300 -306 -291 -265 -230 -191 -135 -69 -3 54 109 154 190 212 227 260 302 350 395 434 461 487 509 522 528 529 542 562 594 636 673 701 723 709 652 542 397 231 77 -57 -148 -201 -221 -210 -177 -133 -99 -61 22 
23 25 26 23 25 25 23 16 4 4 -2 -9 -7 -4 -7 -11 -6 1 0 -1 1 -8 -3 -9 -16 -19 -14 -11 -8 -11 -1 -8 -6 -8 -7 -13 -13 -12 -10 -12 -13 -18 -17 -17 -24 -18 -18 -19 -14 -20 -23 -22 -22 -28 -27 -53 -87 -134 -174 -172 -162 -157 -199 -324 -490 -668 -787 -879 -955 -1005 -1058 -1140 -1243 -1338 -1421 -1482 -1541 -1582 -1592 -1591 -1643 -1702 -1807 -1942 -2082 -2213 -2342 -2424 -2501 -2576 -2711 -2886 -3066 -3167 -3187 -3193 -3243 -3348 -3496 -3639 
-3750 -3805 -3811 -3849 -3956 -4085 -4169 -4223 -4235 -4195 -4128 -4071 -4053 -4028 -4006 -3976 -3934 -3894 -3847 -3745 -3630 -3523 -3406 -3302 -3173 -3037 -2892 -2741 -2604 -2485 -2372 -2275 -2163 -2086 -2035 -1951 -1867 -1782 -1713 -1649 -1551 -1405 -1322 -1302 -1262 -1131 -961 -809 -732 -727 -737 -744 -682 -503 -326 -232 -241 -276 -259 -114 163 488 780 1039 1287 1476 1592 1655 1673 1701 1719 1726 1708 1704 1661 1596 1513 1388 1239 1105 1010 959 897 804 711 620 578 588 572 581 575 538 519 490 447 400 379 360 343 291 
228 172 105 50 17 -11 -4 7 32 91 140 181 232 272 282 256 209 133 65 -2 -48 -47 7 126 262 365 429 477 511 533 520 525 585 676 777 909 1051 1190 1328 1435 1525 1598 1639 1646 1653 1673 1703 1695 1683 1662 1627 1612 1626 1662 1737 1800 1858 1908 1977 2056 2131 2237 2306 2321 2308 2295 2299 2299 2283 2251 2207 2168 2169 2272 2399 2502 2611 2616 2594 2539 2422 2285 2209 2204 2194 2109 2001 1855 1821 1835 1940 2157 2338 2422 2525 2615 2713 2833 2928 2934 
2925 2896 2862 2799 2681 2547 2562 2600 2533 2544 2687 2781 2791 2781 2798 2842 2864 2891 2889 2854 2810 2780 2742 2673 2557 2375 2074 1714 1428 1218 1094 1079 1073 995 1009 970 821 547 193 -185 -513 -725 -794 -750 -640 -532 -466 -443 -391 -329 -247 -141 -40 16 8 -30 -42 -58 -60 -24 53 110 119 88 22 -74 -164 -226 -300 -394 -516 -669 -803 -894 -971 -1025 -1074 -1161 -1276 -1387 -1480 -1550 -1609 -1713 -1839 -1961 -2087 -2194 -2326 -2503 -2704 -2894 -2992 -3018 -2989 -2919 -2841 -2806 -2812 -2866 
-2973 -3144 -3308 -3384 -3372 -3280 -3117 -2959 -2805 -2662 -2573 -2512 -2399 -2260 -2112 -1959 -1808 -1644 -1490 -1368 -1235 -1071 -883 -712 -536 -379 -248 -139 -39 48 103 126 175 236 310 377 417 485 544 562 574 580 581 565 555 575 589 597 626 650 692 733 785 857 895 919 937 933 917 912 905 910 923 926 912 904 928 998 1092 1168 1235 1262 1254 1262 1286 1292 1268 1234 1169 1069 1046 1096 1163 1238 1282 1282 1266 1241 1233 1242 1274 1290 1255 1210 1136 1037 971 905 856 861 
879 879 883 922 974 1013 1056 1132 1149 1130 1109 1091 1080 1036 971 867 747 657 589 511 431 331 242 164 101 73 75 95 90 107 130 141 132 122 107 60 -20 -110 -204 -307 -424 -521 -592 -637 -632 -563 -457 -393 -346 -289 -247 -225 -213 -210 -218 -206 -175 -123 -44 75 230 388 496 589 655 702 753 803 832 859 911 986 1077 1179 1277 1304 1242 1132 1068 998 1006 1041 1043 1026 1062 1137 1254 1385 1438 1403 1342 1412 1606 1917 2205 2310 2285 2111 2188 2500 
2887 3218 3377 3411 3275 3082 3021 3104 3218 3298 3298 3302 3270 3179 3122 3182 3227 3178 3097 2935 2714 2537 2441 2428 2438 2403 2317 2185 2029 1881 1763 1664 1594 1550 1523 1555 1564 1777 1862 2008 1980 1567 968 362 -158 -551 -828 -998 -1026 -966 -878 -770 -701 -689 -715 -711 -658 -563 -453 -346 -308 -345 -404 -451 -500 -551 -642 -789 -928 -1021 -1107 -1176 -1227 -1304 -1391 -1504 -1615 -1690 -1713 -1709 -1734 -1761 -1816 -1923 -2041 -2127 -2181 -2232 -2282 -2333 -2382 -2412 -2415 -2413 -2374 -2384 -2425 -2457 -2461 -2447 
-2384 -2300 -2246 -2200 -2141 -2099 -2056 -1964 -1849 -1747 -1642 -1528 -1450 -1359 -1241 -1098 -949 -807 -663 -541 -437 -337 -231 -120 22 139 240 306 309 295 297 314 370 442 502 545 577 589 601 597 627 670 756 821 843 893 954 1051 1212 1351 1459 1524 1556 1535 1504 1485 1441 1388 1338 1298 1277 1280 1314 1383 1483 1549 1552 1536 1480 1412 1367 1330 1262 1219 1209 1235 1265 1303 1335 1359 1349 1375 1393 1399 1417 1431 1431 1439 1439 1392 1337 1251 1125 972 832 705 617 541 464 339 
204 102 61 43 45 59 73 83 81 53 56 77 60 37 28 30 27 17 -8 -14 -31 -40 -36 -43 -24 2 13 3 -6 -6 -25 -36 -44 -45 -43 -55 -79 -92 -91 -102 -133 -154 -181 -204 -210 -215 -226 -247 -290 -359 -439 -499 -512 -510 -509 -518 -517 -501 -501 -492 -483 -506 -544 -596 -607 -592 -550 -483 -396 -284 -166 -87 -18 5 -15 -48 -37 16 58 121 200 305 432 564 702 777 845 905 920 905 860 804 816 902 1050 1263 1479 1692 1918 2096 
2253 2385 2457 2521 2567 2615 2628 2653 2665 2716 2721 2738 2832 2979 3127 3117 3048 3032 3046 3079 3177 3377 3609 3703 3602 3501 3357 3159 3029 2980 2977 3049 3071 2999 2851 2692 2543 2418 2343 2323 2336 2351 2354 2346 2356 2392 2435 2407 2301 2245 2253 2052 1085 1806 1124 684 212 28 -60 -232 -427 -582 -671 -705 -724 -717 -663 -578 -486 -420 -369 -305 -189 -14 183 374 535 657 749 807 858 906 938 956 968 976 995 1005 1009 999 972 942 912 873 829 791 757 753 -39 -33 
-31 -26 -20 -14 -8 -2 -4 -4 -9 -10 -4 -3 4 3 4 7 14 16 21 27 31 37 37 44 43 45 48 48 47 51 46 43 39 39 34 32 32 34 34 33 33 34 27 23 26 16 18 13 14 15 15 19 21 18 23 20 21 26 29 26 25 34 25 27 22 20 14 10 18 8 15 19 19 21 19 20 12 11 13 11 5 -1 -3 -2 4 3 0 -5 -6 -5 -9 -12 -21 -24 -31 -36 -41 -49 -48 -44 
-44 -45 -44 -44 -39 -41 -42 -43 -41 -44 -44 -40 -44 -45 -37 -38 -44 -43 -45 -41 -35 -39 -33 -32 -37 -36 -38 -41 -42 -41 -42 -42 -45 -40 -40 -34 -31 -31 -25 -26 -25 -22 -23 -22 -23 -14 -16 -13 -14 -9 -6 -8 -6 -11 -7 -6 -2 -7 -2 1 -1 -6 -4 -6 -13 -14 -13 -20 -22 -25 -40 -76 -156 -257 -387 -494 -583 -635 -660 -654 -634 -608 -577 -632 -772 -934 -1092 -1216 -1273 -1307 -1337 -1368 -1430 -1514 -1593 -1623 -1622 -1582 -1556 -1534 
-1603 -1651 -1672 -1707 -1779 -1893 -1996 -2085 -2141 -2216 -2338 -2469 -2613 -2739 -2834 -2909 -2981 -3117 -3311 -3514 -3716 -3873 -3947 -3945 -3976 -4083 -4204 -4265 -4260 -4221 -4184 -4144 -4089 -4046 -3977 -3837 -3656 -3508 -3351 -3202 -3062 -2949 -2804 -2656 -2521 -2384 -2183 -1997 -1853 -1727 -1586 -1433 -1278 -1116 -940 -742 -566 -439 -338 -301 -293 -309 -349 -327 -251 -159 -78 -9 51 69 86 107 136 210 291 365 518 723 966 1236 1483 1650 1778 1843 1912 1956 1986 2011 2005 2020 2053 2076 2063 1979 1820 1627 1438 1302 1222 1147 
1059 903 684 476 355 334 381 414 417 381 335 306 288 260 226 177 127 93 71 44 6 -15 -18 -19 -18 -25 -37 -60 -54 -44 -29 -28 -34 -29 -13 8 26 40 65 94 116 139 156 159 157 142 127 107 83 69 58 75 85 82 69 57 41 39 46 56 61 64 55 48 60 67 79 81 71 65 67 59 46 28 3 -6 -3 3 28 62 84 114 144 149 157 188 223 243 266 275 283 302 356 432 523 610 692 778 844 901 
970 1047 1106 1163 1252 1368 1519 1685 1879 2082 2305 2534 2767 2977 3212 3496 3777 4006 4191 4264 4240 4192 4121 4095 4052 4006 3859 3640 3454 3302 3308 3499 3762 3870 3732 3458 3216 3203 3323 3484 3568 3491 3384 3303 3213 3180 3199 3145 3082 2945 2724 2590 2426 2264 2116 1996 1931 1889 1848 2004 1805 1346 799 208 -485 -1108 -1548 -1766 -1900 -1989 -2110 -2240 -2316 -2312 -2236 -2143 -2093 -2092 -2160 -2302 -2446 -2555 -2610 -2626 -2668 -2720 -2735 -2680 -2614 -2549 -2498 -2493 -2514 -2573 -2621 -2654 -2678 -2665 -2607 -2552 
-2505 -2454 -2374 -2242 -2071 -1895 -1745 -1590 -1444 -1353 -1285 -1186 -1084 -959 -854 -757 -642 -559 -472 -397 -363 -294 -202 -114 -45 46 133 173 183 177 180 139 101 82 69 72 97 127 151 149 127 59 9 0 -13 -31 -27 -29 -25 -39 -73 -93 -100 -103 -71 1 92 166 255 359 474 577 650 687 729 792 880 992 1100 1179 1229 1283 1350 1413 1447 1458 1447 1403 1377 1359 1344 1326 1331 1315 1271 1233 1173 1100 1035 960 910 881 885 880 860 803 706 592 459 336 
254 186 124 40 -45 -138 -203 -236 -265 -288 -279 -272 -283 -288 -301 -325 -369 -421 -448 -420 -336 -220 -82 70 225 382 560 748 985 1254 1519 1717 1848 1967 2141 2350 2586 2770 2889 2972 2986 2945 2920 2917 2917 2902 2920 2931 2942 2974 2981 2992 3009 2975 2917 2900 2846 2868 2923 3023 3136 3130 3048 2986 2998 2955 2951 3000 2902 2771 2634 2465 2340 2301 2265 2256 2285 2322 2316 2173 1967 1655 1237 745 197 -370 -917 -1381 -1615 -1800 -2047 -2300 -2512 -2590 -2524 -2392 -2263 -2181 -2174 -2260 
-2392 -2526 -2631 -2720 -2789 -2828 -2860 -2877 -2872 -2814 -2731 -2648 -2586 -2598 -2625 -2627 -2619 -2600 -2557 -2494 -2399 -2293 -2172 -2060 -1952 -1822 -1671 -1523 -1423 -1332 -1248 -1167 -1110 -1071 -1005 -929 -854 -777 -703 -610 -505 -382 -269 -189 -147 -136 -153 -137 -121 -103 -71 -21 18 70 130 205 281 317 293 270 291 307 335 381 428 473 533 582 624 638 644 637 661 690 725 787 815 811 775 715 665 626 631 649 713 773 816 842 822 785 777 810 845 858 852 822 783 777 793 844 
876 922 937 930 908 887 875 857 831 792 743 682 597 513 444 404 381 381 395 388 392 355 308 288 245 179 98 10 -83 -141 -182 -208 -220 -227 -227 -230 -251 -281 -327 -381 -418 -461 -509 -567 -596 -609 -633 -652 -650 -631 -602 -557 -488 -394 -318 -258 -200 -139 -62 26 128 229 284 316 361 437 538 647 737 806 885 947 960 1004 1076 1124 1208 1291 1386 1485 1529 1571 1587 1574 1646 1724 1765 1822 1891 1929 1944 1968 1944 1892 1855 1862 1889 1977 2156 2282 
2313 2336 2299 2259 2278 2372 2689 3058 3209 3240 3249 3244 3270 3312 3369 3508 3589 3573 3498 3404 3275 3192 3208 3282 3383 3437 3324 3088 2892 2751 2594 2464 2379 2366 2277 2089 1892 1702 1532 1416 1302 1223 1210 1189 1159 1096 1043 1016 1009 1027 1058 1121 1198 1234 1255 1178 1003 846 650 461 295 133 14 -84 -180 -271 -330 -373 -387 -388 -390 -388 -386 -399 -422 -448 -451 -430 -388 -332 -237 -127 -5 123 260 407 554 672 761 793 767 689 564 401 229 70 -57 -18 -18 -14 
-15 -9 -12 -18 -23 -19 -22 -26 -22 -22 -23 -25 -26 -37 -37 -37 -36 -36 -38 -40 -37 -38 -36 -37 -35 -33 -32 -29 -29 -34 -33 -33 -33 -27 -31 -30 -37 -41 -37 -34 -28 -23 -18 -18 -17 -17 -23 -27 -33 -32 -28 -32 -27 -25 -19 -13 -17 -18 -19 -20 -19 -21 -21 -23 -16 -21 -19 -21 -22 -22 -23 -24 -28 -26 -25 -23 -21 -12 -16 -24 -27 -30 -27 -27 -20 -24 -20 -16 -17 -18 -18 -13 -10 -9 -11 -14 -10 -9 -17 -14 
-9 -8 -7 -4 -7 -7 -12 -11 -14 -13 -22 -15 -15 -12 -15 -18 -20 -28 -27 -31 -28 -29 -29 -28 -29 -35 -35 -36 -33 -35 -30 -32 -29 -29 -36 -36 -37 -38 -33 -33 -31 -31 -35 -33 -34 -36 -36 -33 -33 -30 -34 -26 -31 -26 -27 -31 -28 -31 -30 -29 -26 -26 -27 -25 -32 -34 -32 -32 -28 -27 -23 -22 -21 -20 -23 -23 -26 -24 -23 -26 -27 -27 -26 -26 -25 -20 -16 -16 -10 -9 -4 -5 0 -1 4 -2 3 -5 -3 1 
0 -4 2 7 8 11 2 5 10 6 8 12 9 8 5 7 4 2 10 13 16 12 13 11 10 14 11 13 18 11 9 6 10 8 5 5 6 5 5 1 3 0 -1 -2 0 1 -6 -11 -18 -17 -20 -19 -22 -26 -30 -27 -30 -34 -29 -35 -40 -45 -48 -58 -73 -111 -155 -198 -238 -263 -288 -316 -379 -464 -548 -616 -694 -783 -905 -1048 -1251 -1434 -1571 -1666 -1765 -1851 -1932 -2000 -2077 -2160 -2247 -2331 -2430 -2534 -2634 -2715 -2787 -2863 -2924 -2973 
-3017 -3079 -3152 -3247 -3357 -3469 -3577 -3665 -3736 -3825 -3877 -3895 -3871 -3838 -3775 -3717 -3679 -3645 -3616 -3553 -3452 -3319 -3183 -3059 -2954 -2882 -2810 -2742 -2653 -2533 -2416 -2292 -2163 -2041 -1907 -1798 -1714 -1634 -1527 -1402 -1274 -1153 -1016 -887 -795 -703 -621 -544 -498 -466 -406 -341 -266 -176 -68 53 181 311 380 396 392 350 308 283 308 308 299 261 205 171 148 124 137 149 150 158 161 169 177 171 164 195 257 318 344 355 335 322 318 321 324 348 417 530 686 816 912 966 973 954 
970 1000 1029 1039 1052 1029 973 935 926 911 858 810 745 637 537 468 431 426 411 348 275 191 101 28 -148 -354 -430 -382 -305 -239 -180 -91 33 171 320 461 576 661 690 679 631 557 483 398 310 216 131 48 -5 -24 -52 -52 -32 -19 -33 -46 -34 2 75 165 276 439 603 767 932 1040 1079 1080 1047 1004 988 954 924 874 807 725 693 685 662 665 712 769 805 881 967 1045 1134 1241 1361 1451 1525 1577 1592 1580 1586 1560 1473 1407 1380 1349 
1333 1333 1387 1488 1651 1804 1945 2003 1921 1811 1704 1595 1553 1557 1547 1437 1337 1314 1354 1437 1493 1553 1625 1699 1765 1802 1858 1949 2028 2131 2299 2412 2472 2575 2652 2718 2771 2839 2941 3014 3025 2884 2727 2562 2425 2328 2260 2237 2206 2191 2189 2182 2209 2190 2159 2127 2053 1975 1899 1826 1761 1692 1603 1532 1468 1423 1300 1038 715 325 -19 -234 -383 -511 -656 -787 -895 -996 -1084 -1155 -1225 -1300 -1400 -1533 -1689 -1798 -1853 -1877 -1907 -1954 -2010 -2076 -2142 -2169 -2169 -2169 -2231 -2322 -2425 -2519 
-2544 -2522 -2504 -2481 -2487 -2516 -2541 -2522 -2471 -2388 -2332 -2297 -2257 -2217 -2176 -2129 -2080 -2037 -1989 -1959 -1911 -1867 -1850 -1846 -1778 -1733 -1695 -1657 -1623 -1577 -1548 -1505 -1449 -1384 -1327 -1267 -1199 -1168 -1129 -1088 -1048 -1014 -989 -977 -930 -870 -793 -676 -568 -480 -430 -386 -288 -157 -36 60 87 96 117 176 269 400 458 478 496 504 515 531 541 558 596 605 583 618 668 665 675 696 695 637 591 577 622 679 724 784 867 956 1028 1092 1167 1233 1324 1390 1434 1464 1516 1534 1564 1577 
1578 1533 1473 1437 1392 1357 1347 1323 1309 1317 1321 1312 1292 1252 1186 1140 1110 1068 979 842 679 535 433 377 376 385 349 250 136 2 -63 -75 -94 -112 -117 -123 -152 -150 -153 -146 -128 -114 -92 -77 -68 -36 -36 -59 -63 -53 -60 -47 -15 24 77 92 73 92 107 66 -7 -55 -87 -104 -104 -112 -126 -151 -220 -324 -418 -469 -461 -402 -313 -208 -112 5 148 250 275 238 177 113 60 53 108 227 318 431 507 525 514 486 471 495 553 640 707 756 
806 865 998 1240 1553 1789 1818 1809 1739 1737 1859 2099 2438 2812 3073 3125 3106 3045 2989 2974 3028 3199 3389 3482 3412 3217 3030 2864 2787 2863 3076 3335 3415 3255 3099 2997 2856 2663 2498 2367 2256 2188 2150 2154 2173 2152 2108 2073 2034 1946 1804 1639 1431 1189 959 759 574 406 149 -147 -456 -729 -971 -1204 -1404 -1539 -1651 -1754 -1831 -1884 -1940 -1995 -2030 -2084 -2145 -2203 -2246 -2277 -2313 -2388 -2446 -2460 -2483 -2532 -2546 -2547 -2529 -2515 -2530 -2582 -2630 -2662 -2667 -2642 -2603 -2597 -2613 -2610 -2591 -2568 
-2514 -2408 -2305 -2228 -2162 -2088 -2004 -1874 -1717 -1566 -1421 -1300 -1218 -1159 -1103 -1044 -940 -815 -697 -589 -505 -432 -360 -313 -278 -247 -233 -216 -160 -123 -72 -32 16 73 148 257 344 402 498 621 766 856 845 780 725 700 732 792 841 890 906 908 915 908 923 944 954 930 859 750 678 686 722 757 827 884 882 865 847 813 797 818 903 1031 1145 1215 1244 1260 1238 1215 1188 1156 1131 1108 1103 1096 1092 1082 1067 1027 961 861 753 717 721 746 61 62 66 69 
76 85 86 94 95 102 99 101 104 103 93 94 83 74 72 73 67 66 62 61 48 46 34 31 21 13 1 -11 -20 -24 -33 -35 -39 -44 -47 -49 -53 -50 -52 -46 -42 -32 -31 -21 -19 -12 -14 -17 -16 -12 -14 -11 -7 -8 -5 -4 -8 -8 -16 -22 -33 -50 -83 -107 -127 -145 -165 -184 -201 -221 -293 -404 -521 -660 -761 -846 -936 -1050 -1212 -1361 -1455 -1490 -1499 -1502 -1508 -1530 -1566 -1644 -1768 -1934 -2117 -2314 -2464 -2574 -2636 -2727 -2861 -2996 -3118 -3189 
-3204 -3165 -3133 -3150 -3213 -3278 -3350 -3360 -3349 -3362 -3404 -3449 -3515 -3559 -3600 -3606 -3585 -3609 -3666 -3701 -3707 -3683 -3662 -3665 -3678 -3720 -3755 -3763 -3766 -3790 -3804 -3821 -3792 -3712 -3608 -3475 -3315 -3139 -2953 -2745 -2492 -2235 -1978 -1716 -1479 -1270 -1063 -887 -765 -647 -547 -446 -347 -287 -253 -225 -152 -71 19 119 196 215 203 194 161 101 46 -9 -51 -54 -10 34 82 150 215 263 304 366 408 443 509 574 664 774 909 1019 1152 1237 1282 1306 1322 1326 1363 1415 1456 1473 1469 1437 1427 1430 
1432 1424 1396 1331 1242 1146 1046 978 953 950 912 842 766 727 736 763 774 730 649 567 490 434 374 313 245 169 110 48 -3 -31 -56 -79 -123 -179 -230 -286 -312 -319 -315 -306 -291 -280 -273 -263 -246 -206 -138 -55 38 117 206 305 393 473 542 596 611 605 608 647 709 786 875 1003 1155 1347 1570 1782 1936 2030 2089 2124 2197 2301 2407 2501 2597 2673 2729 2792 2815 2766 2691 2650 2623 2645 2697 2721 2662 2588 2520 2466 2467 2518 2599 2623 2588 2526 2455 2428 
2622 2935 3172 3283 3256 3233 3346 3570 3858 3943 3876 3737 3489 3427 3543 3573 3517 3417 3326 3194 3158 3164 3212 3267 3101 2844 2599 2345 2106 1897 1873 1868 1887 1933 1951 1978 1964 1883 1759 1651 1322 860 308 -97 -250 -254 -116 11 -11 -187 -425 -669 -897 -1120 -1300 -1417 -1479 -1547 -1589 -1608 -1593 -1550 -1519 -1522 -1535 -1554 -1571 -1579 -1583 -1600 -1625 -1651 -1682 -1710 -1749 -1787 -1890 -2021 -2185 -2348 -2493 -2604 -2690 -2752 -2794 -2825 -2886 -2949 -3016 -3096 -3166 -3230 -3251 -3219 -3195 -3178 -3187 -3175 -3109 -3027 
-2922 -2829 -2743 -2640 -2510 -2375 -2221 -2070 -1900 -1773 -1709 -1567 -1311 -1023 -717 -442 -194 70 340 615 854 1056 1230 1378 1473 1485 1484 1449 1429 1450 1485 1522 1578 1589 1578 1551 1509 1452 1357 1221 1100 1056 1023 1010 970 882 766 692 650 642 675 708 729 778 850 922 979 1008 1041 1033 1023 1056 1113 1166 1233 1273 1299 1267 1157 1066 1013 954 873 784 679 560 445 337 238 147 92 37 -49 -67 -87 -112 -63 28 92 125 128 131 145 150 148 149 145 105 41 -34 
-112 -179 -220 -230 -234 -235 -218 -177 -104 -16 46 78 80 64 51 53 74 112 169 243 317 398 480 552 592 597 585 581 575 566 572 592 607 601 619 655 694 739 750 738 662 568 517 501 591 708 769 827 893 929 988 1060 1127 1185 1176 1179 1189 1231 1342 1467 1623 1745 1895 1986 2032 2143 2293 2409 2553 2671 2741 2785 2788 2777 2759 2791 2827 2753 2624 2506 2355 2244 2162 2129 2159 2176 2149 2093 2042 2019 2023 2037 2036 2011 2004 2003 2052 2095 2091 2004 
1837 1659 1509 1388 1284 1240 1261 1282 1152 860 523 191 -80 -348 -609 -842 -1027 -1152 -1239 -1312 -1375 -1436 -1475 -1503 -1536 -1583 -1631 -1657 -1692 -1739 -1805 -1880 -1959 -2023 -2062 -2092 -2143 -2223 -2327 -2419 -2475 -2551 -2597 -2621 -2649 -2690 -2717 -2716 -2720 -2745 -2748 -2729 -2684 -2644 -2608 -2552 -2480 -2438 -2420 -2401 -2374 -2322 -2282 -2247 -2223 -2204 -2174 -2111 -2041 -1966 -1874 -1787 -1660 -1500 -1350 -1219 -1092 -929 -798 -727 -690 -639 -586 -501 -364 -200 -42 115 229 326 423 489 554 627 694 750 791 849 899 923 
914 912 924 917 879 849 832 867 939 1027 1109 1232 1360 1491 1602 1642 1631 1660 1755 1867 1951 1984 1997 1977 1921 1881 1857 1823 1804 1787 1730 1667 1584 1493 1426 1352 1242 1118 1013 936 883 833 813 784 749 682 663 616 621 610 607 594 472 369 315 310 300 251 171 81 -38 -175 -300 -387 -467 -528 -577 -614 -631 -641 -656 -683 -726 -777 -824 -871 -920 -937 -939 -919 -869 -810 -776 -755 -753 -775 -811 -830 -825 -802 -744 -657 -539 -424 -307 -185 -84 33 147 283 
416 555 724 885 1024 1071 1011 915 859 896 1004 1128 1174 1164 1137 1179 1305 1504 1726 1925 2095 2242 2383 2506 2529 2508 2556 2571 2584 2629 2784 2861 2880 2908 2988 2964 2870 2905 3025 3139 3275 3360 3393 3330 3262 3236 3316 3420 3443 3375 3274 3166 3074 2994 2973 2981 2958 2825 2640 2446 2209 1959 1731 1550 1420 1342 1310 1351 1459 1582 1700 1801 1657 1332 1018 675 388 152 -85 -148 -174 -186 -196 -188 -166 -163 -172 -197 -218 -248 -253 -250 -243 -225 -209 -191 -151 -119 -79 -40 
27 112 198 273 331 395 449 510 622 764 905 1027 1077 1085 1080 1092 1167 1228 1231 1233 1211 1160 1064 887 675 443 233 77 -6 -23 -8 -15 -48 -6 95 226 345 430 460 474 489 474 491 435 369 423 486 545 555 510 466 442 427 409 438 486 468 415 475 610 692 670 632 574 502 312 118 -49 -154 -106 -54 -36 -136 -140 -52 100 128 88 111 170 229 243 182 92 -4 -78 -73 -63 -81 -114 -158 -209 -337 -273 -52 -46 -42 -32 -28 -22 
-13 -10 -6 3 8 10 12 14 8 5 5 5 9 3 9 10 5 1 1 1 0 -2 -3 0 2 10 11 7 10 5 -1 -5 -7 -13 -9 -9 -9 -14 -13 -11 -10 -14 -11 -10 -8 -7 -10 -8 -12 -16 -12 -12 -14 -9 -9 1 6 0 -4 -21 -47 -89 -156 -229 -294 -347 -385 -438 -552 -703 -845 -954 -1058 -1176 -1283 -1381 -1457 -1534 -1588 -1642 -1692 -1749 -1855 -1964 -2078 -2210 -2353 -2505 -2656 -2786 -2908 -3061 -3197 -3326 -3451 -3544 -3613 -3684 -3771 -3850 
-3896 -3902 -3888 -3874 -3862 -3892 -3923 -3920 -3910 -3870 -3840 -3813 -3795 -3765 -3729 -3682 -3597 -3494 -3396 -3343 -3306 -3237 -3138 -3009 -2862 -2741 -2617 -2488 -2373 -2283 -2180 -2059 -1946 -1817 -1675 -1534 -1397 -1276 -1141 -1003 -883 -777 -700 -643 -602 -562 -501 -414 -308 -219 -152 -93 -23 36 75 121 217 301 373 466 608 739 836 903 949 972 980 1008 1014 1016 1036 1069 1120 1176 1225 1252 1273 1314 1336 1360 1343 1296 1240 1202 1142 1040 934 821 719 646 610 608 578 523 449 402 349 300 271 263 
253 230 190 141 64 -25 -119 -195 -241 -257 -250 -228 -210 -223 -266 -296 -323 -355 -381 -399 -410 -385 -365 -376 -412 -461 -501 -500 -433 -336 -249 -176 -93 9 128 289 464 591 670 717 771 857 981 1124 1243 1350 1475 1629 1728 1793 1869 1866 1821 1752 1770 1891 2007 2128 2284 2531 2792 2890 2869 2898 3032 3054 3063 3086 3103 3029 2961 2924 3009 3128 3194 3375 3495 3462 3452 3465 3467 3421 3401 3463 3454 3287 2993 2751 2673 2583 2496 2414 2360 2336 2275 2150 2004 1870 1753 1643 
1555 1477 1386 1314 1243 993 758 374 -116 -557 -861 -1106 -1346 -1614 -1871 -2036 -2159 -2261 -2355 -2432 -2497 -2559 -2616 -2652 -2685 -2738 -2782 -2837 -2900 -2928 -2927 -2891 -2804 -2704 -2621 -2575 -2561 -2539 -2514 -2483 -2433 -2396 -2348 -2273 -2175 -2065 -1963 -1848 -1730 -1617 -1538 -1497 -1474 -1399 -1330 -1254 -1149 -1035 -893 -794 -695 -609 -510 -416 -301 -153 4 151 246 337 419 474 544 617 665 724 797 855 891 948 972 978 998 1050 1137 1175 1186 1210 1226 1229 1241 1258 1284 1318 1356 1373 1401 1438 1441 1414 
1348 1267 1205 1151 1114 1050 953 917 938 940 955 964 913 846 779 765 800 825 857 861 861 846 823 791 776 723 659 614 594 592 625 651 629 601 578 520 440 369 273 188 126 120 130 155 167 161 152 155 174 189 189 183 139 44 -49 -108 -152 -212 -260 -304 -361 -410 -450 -465 -476 -459 -415 -340 -234 -83 72 214 333 418 461 492 523 554 603 671 752 797 786 763 754 767 796 807 793 788 796 870 942 928 887 838 757 716 691 673 
744 863 1002 1141 1263 1366 1373 1440 1573 1728 1842 1906 1906 1928 2026 2186 2412 2684 2915 3096 3202 3241 3246 3209 3231 3282 3236 3195 3120 3043 3045 3093 3162 3254 3352 3358 3257 3124 2984 2896 2847 2657 2452 2333 2297 2266 2228 2180 2149 2101 2011 1914 1867 1826 1676 1249 751 202 -354 -825 -1206 -1421 -1490 -1518 -1590 -1728 -1886 -2010 -2056 -2048 -2030 -2013 -2010 -2016 -2031 -2054 -2086 -2127 -2167 -2213 -2277 -2359 -2436 -2460 -2480 -2518 -2554 -2628 -2702 -2755 -2764 -2764 -2765 -2759 -2744 -2729 -2719 -2695 -2638 -2560 
-2494 -2458 -2452 -2421 -2351 -2267 -2146 -2057 -1998 -1945 -1899 -1859 -1798 -1742 -1690 -1643 -1597 -1564 -1506 -1444 -1405 -1352 -1282 -1214 -1137 -1051 -1003 -984 -986 -925 -805 -667 -514 -397 -352 -315 -216 -47 93 180 220 265 317 387 451 500 538 575 600 626 662 715 753 780 860 966 1049 1133 1260 1407 1548 1661 1762 1813 1845 1836 1791 1712 1635 1592 1597 1640 1680 1668 1614 1560 1512 1492 1459 1414 1294 1150 1017 917 820 738 697 639 553 454 348 218 76 -26 -70 -77 -91 -164 -272 -401 
-521 -621 -667 -707 -752 -809 -886 -958 -1023 -1073 -1107 -1128 -1193 -1283 -1333 -1337 -1317 -1286 -1231 -1153 -1075 -1019 -992 -956 -928 -931 -905 -850 -803 -732 -651 -605 -580 -545 -503 -410 -274 -105 101 308 498 647 751 854 894 936 984 1005 1015 1069 1125 1235 1389 1563 1801 2081 2325 2426 2467 2518 2643 2857 3100 3226 3215 3334 3520 3661 3873 4053 3981 3906 3971 4001 3994 3992 3931 3823 3726 3727 3807 3842 3828 3793 3687 3406 3047 2755 2534 2387 2330 2335 2392 2424 2419 2355 2275 2205 2152 2073 
2006 1931 1855 1772 1665 1536 1385 1194 952 628 288 1 -213 -357 -437 -504 -549 -577 -585 -567 -520 -460 -381 -295 -206 -126 -66 -18 13 21 13 -7 -23 -48 -58 -54 -46 -32 -2 39 79 136 205 271 337 387 431 467 524 571 620 655 671 676 691 715 738 764 786 800 798 765 744 720 622 476 291 127 12 -74 -159 -232 -289 -315 -312 -300 -291 -280 -270 -249 -233 -197 -147 -86 -32 24 61 77 87 114 147 181 218 252 274 279 281 270 269 258 
238 225 200 178 146 112 64 26 6 5 24 52 107 164 243 320 363 387 407 445 514 628 757 878 965 988 970 915 820 733 642 568 554 564 556 527 506 486 424 378 354 322 253 164 61 -34 -102 -145 -159 -163 -141 -126 -117 -120 -135 -156 -174 -210 -236 -257 -279 -284 -283 -290 -299 -303 -315 -335 -358 -361 -344 -306 -255 -206 -168 -127 -92 -66 -42 -15 1 17 41 57 79 95 109 110 87 51 14 -30 -59 -76 -173 -185 -203 -212 -222 -226 
-236 -230 -226 -215 -196 -181 -156 -133 -119 -133 -149 -173 -194 -216 -227 -225 -216 -202 -196 -178 -171 -158 -148 -134 -113 -97 -88 -78 -72 -74 -68 -71 -72 -72 -61 -48 -44 -41 -40 -37 -42 -45 -43 -50 -53 -58 -64 -67 -78 -74 -72 -61 -52 -45 -35 -27 -19 -18 -13 -10 -9 -12 -18 -21 -26 -26 -26 -28 -26 -29 -23 -17 -13 -12 -8 -6 -6 -7 -6 -10 -10 -10 -5 -5 2 -1 -3 0 3 5 8 1 1 2 0 -6 -3 -13 -15 -16 
-21 -21 -26 -24 -36 -30 -35 -42 -39 -41 -41 -44 -45 -43 -46 -41 -42 -46 -44 -43 -47 -45 -45 -44 -44 -46 -47 -46 -45 -40 -44 -44 -47 -47 -44 -42 -44 -44 -41 -39 -39 -37 -36 -33 -29 -28 -22 -28 -25 -15 -14 -16 -17 -16 -20 -15 -15 -13 -12 -6 -4 2 6 8 9 3 -3 -1 -1 -1 1 3 5 8 10 11 14 15 14 18 20 19 19 12 18 13 11 11 13 14 23 24 25 25 24 22 25 19 15 13 
8 9 7 11 6 10 6 7 9 4 12 11 4 4 2 9 2 3 1 3 1 3 8 6 4 5 8 8 11 5 0 2 -4 -9 -10 -17 -16 -18 -13 -12 -2 -4 -2 3 0 -8 -17 -23 -51 -67 -85 -95 -100 -120 -191 -309 -439 -569 -729 -871 -963 -1034 -1138 -1278 -1425 -1524 -1566 -1595 -1636 -1677 -1730 -1813 -1918 -1994 -2068 -2173 -2305 -2419 -2532 -2618 -2694 -2773 -2869 -3012 -3162 -3290 -3361 -3419 -3507 -3648 -3798 -3878 -3896 -3876 -3860 -3924 -3984 -4023 -4070 -4085 
-4060 -3997 -3965 -3988 -4049 -4078 -4039 -3980 -3898 -3790 -3724 -3645 -3547 -3444 -3315 -3168 -2996 -2823 -2643 -2454 -2270 -2103 -1944 -1788 -1620 -1483 -1312 -1096 -917 -772 -604 -444 -298 -190 -69 89 244 379 557 734 896 1030 1117 1165 1183 1208 1239 1301 1371 1489 1600 1650 1670 1671 1598 1557 1516 1484 1474 1458 1443 1438 1398 1374 1357 1333 1257 1158 1035 903 776 627 487 335 200 86 -30 -152 -289 -447 -551 -587 -595 -577 -539 -471 -407 -344 -314 -314 -341 -393 -440 -465 -451 -416 -363 -285 -194 -103 
-5 76 132 187 232 238 248 272 325 388 489 597 677 729 794 870 907 935 1023 1114 1221 1324 1418 1527 1674 1797 1907 2024 2104 2206 2302 2412 2618 2810 2944 2984 2965 2982 3085 3242 3386 3426 3435 3518 3669 3803 3937 4039 4088 4084 4020 3953 3925 3934 3932 3839 3711 3563 3431 3353 3336 3336 3266 3166 2996 2839 2681 2527 2422 2373 2365 2358 2334 2260 2105 1744 1333 475 -298 -882 -1397 -1717 -1912 -2100 -2262 -2384 -2478 -2542 -2567 -2560 -2470 -2393 -2331 -2294 -2293 -2298 -2319 -2375 -2500 -2677 
-2870 -3021 -3121 -3204 -3252 -3230 -3174 -3127 -3094 -3089 -3131 -3191 -3215 -3182 -3137 -3100 -3106 -3088 -2996 -2868 -2804 -2783 -2733 -2689 -2625 -2548 -2470 -2376 -2243 -2107 -2026 -1982 -1917 -1859 -1755 -1597 -1402 -1191 -1003 -828 -648 -506 -419 -340 -222 -63 89 194 256 331 389 473 563 668 766 864 940 981 985 984 995 1019 1050 1058 1033 993 958 967 1014 1071 1181 1303 1376 1453 1565 1671 1710 1732 1748 1737 1705 1634 1524 1452 1338 1256 1164 1043 951 922 936 948 925 889 849 784 723 652 546 397 
238 70 -94 -239 -363 -459 -507 -522 -512 -480 -460 -462 -465 -482 -505 -526 -574 -616 -642 -682 -712 -707 -695 -659 -607 -550 -522 -493 -447 -401 -352 -300 -221 -184 -113 -4 111 190 282 403 501 638 806 932 1000 1058 1103 1141 1185 1255 1318 1367 1372 1402 1461 1557 1696 1849 1986 2070 2101 2188 2349 2581 2759 2857 2874 2826 2827 2887 2971 3105 3232 3297 3323 3313 3283 3239 3211 3223 3289 3290 3197 3079 2972 2889 2836 2849 2850 2745 2579 2397 2283 2223 2173 2177 2224 2196 2196 2007 
1780 1419 951 340 -318 -860 -1179 -1402 -1640 -1847 -1980 -2046 -2055 -2087 -2144 -2187 -2191 -2191 -2199 -2250 -2329 -2399 -2472 -2542 -2601 -2666 -2718 -2737 -2732 -2705 -2681 -2667 -2662 -2650 -2628 -2609 -2577 -2542 -2543 -2559 -2544 -2536 -2510 -2473 -2431 -2379 -2299 -2221 -2165 -2076 -1991 -1932 -1904 -1837 -1795 -1759 -1713 -1619 -1534 -1431 -1336 -1256 -1203 -1110 -1017 -945 -838 -756 -687 -620 -535 -442 -352 -251 -152 -100 -77 -42 45 172 321 504 713 881 1007 1073 1081 1044 1000 995 1020 1071 1097 1125 1144 1198 1258 1337 1429 1505 
1584 1601 1598 1619 1641 1680 1729 1774 1778 1763 1748 1745 1779 1856 1957 2009 1994 1947 1815 1683 1518 1365 1224 1083 954 836 740 649 567 473 345 219 97 -15 -101 -168 -209 -219 -210 -204 -191 -184 -215 -258 -318 -382 -446 -508 -570 -626 -664 -681 -671 -656 -660 -683 -725 -762 -793 -822 -833 -820 -769 -679 -573 -472 -398 -360 -345 -317 -266 -193 -125 -61 35 134 213 296 356 425 476 487 488 436 406 416 438 508 644 716 768 808 823 856 865 915 980 950 878 809 
776 831 901 1049 1233 1355 1411 1523 1660 1824 2041 2232 2383 2558 2698 2819 2963 3167 3355 3521 3556 3541 3570 3608 3644 3661 3675 3699 3603 3516 3394 3245 3166 3184 3273 3238 3014 2766 2571 2440 2350 2230 2315 2186 2025 1656 994 288 -347 -791 -982 -1111 -1364 -1649 -1825 -1896 -1909 -1873 -1826 -1762 -1677 -1558 -1418 -1282 -1146 -1006 -863 -715 -587 -481 -376 -271 -171 -67 25 111 177 232 273 317 358 410 458 509 554 613 674 741 818 882 952 1025 1098 -5 -2 -10 -7 -7 -13 -16 
-13 -15 -14 -13 -10 -10 -6 -8 -8 -1 5 7 13 11 8 4 2 3 2 8 9 11 18 21 28 29 34 29 35 37 32 30 27 18 19 12 9 -1 -2 -7 -11 -8 -11 -5 -11 -10 -8 -10 -9 -5 -9 -8 -6 -10 -6 -4 -5 -5 -6 -5 -11 -11 -13 -17 -20 -20 -25 -21 -18 -38 -94 -203 -362 -528 -698 -827 -921 -983 -1080 -1172 -1280 -1403 -1523 -1622 -1722 -1873 -2058 -2253 -2444 -2593 -2705 -2823 -2960 -3121 -3268 -3366 -3403 -3415 -3453 -3554 
-3697 -3817 -3894 -3945 -3980 -3972 -3983 -4034 -4079 -4142 -4166 -4161 -4165 -4171 -4182 -4201 -4239 -4227 -4193 -4158 -4103 -4049 -4017 -4015 -3986 -3896 -3819 -3769 -3718 -3682 -3618 -3551 -3446 -3314 -3151 -2977 -2778 -2600 -2462 -2329 -2215 -2127 -2066 -1966 -1874 -1803 -1729 -1650 -1580 -1457 -1267 -1107 -984 -866 -750 -645 -531 -392 -204 -12 158 285 252 149 109 138 297 551 754 888 970 974 956 934 930 954 958 906 843 731 622 511 462 436 407 388 358 303 250 214 234 274 285 277 262 213 211 245 273 291 
306 315 298 282 295 312 346 387 418 447 447 474 527 590 652 681 695 676 708 748 772 807 858 904 955 1006 1119 1238 1325 1380 1445 1540 1646 1774 1857 1905 2016 2111 2188 2228 2266 2349 2473 2642 2807 2981 3120 3261 3345 3485 3572 3491 3358 3312 3312 3408 3485 3581 3591 3594 3637 3732 3847 3924 3961 3974 3921 3892 3900 3916 3893 3824 3709 3602 3424 3255 3087 2971 2845 2638 2460 2355 2293 2238 2198 2174 2175 2163 2103 1996 1860 1769 1644 1413 916 375 -144 -670 -1086 -1347 
-1570 -1797 -1993 -2162 -2286 -2403 -2519 -2600 -2689 -2780 -2834 -2866 -2929 -3011 -3104 -3193 -3258 -3297 -3331 -3351 -3398 -3454 -3519 -3578 -3627 -3631 -3574 -3502 -3455 -3394 -3315 -3261 -3172 -3065 -2935 -2764 -2560 -2367 -2204 -2055 -1897 -1743 -1583 -1421 -1274 -1159 -1031 -896 -758 -600 -406 -238 -82 47 180 314 461 593 674 750 755 738 738 741 816 889 984 1111 1203 1283 1360 1386 1461 1578 1681 1732 1754 1761 1767 1760 1777 1825 1852 1864 1870 1860 1880 1880 1846 1784 1718 1701 1689 1683 1679 1635 1568 1439 1301 1139 
993 883 814 744 620 481 325 152 46 72 129 199 233 184 83 -28 -133 -251 -348 -435 -519 -612 -683 -743 -826 -901 -981 -1049 -1088 -1076 -1026 -922 -782 -637 -512 -425 -349 -274 -197 -116 -2 141 310 511 741 964 1155 1327 1523 1725 1937 2111 2235 2318 2371 2443 2481 2439 2358 2224 2074 1975 1956 2009 2080 2151 2177 2116 2042 1974 2001 2167 2442 2661 2846 2993 3118 3263 3449 3636 3715 3818 4026 4181 4225 4250 4237 4171 4099 3986 3839 3727 3592 3492 3417 3399 3362 3190 2968 2785 
2680 2663 2588 2472 2363 2234 2121 2018 1959 1945 1899 1799 1681 1559 1451 1359 1199 921 527 111 -183 -370 -468 -629 -859 -1098 -1333 -1576 -1784 -1928 -2059 -2162 -2270 -2416 -2516 -2600 -2685 -2770 -2853 -2914 -2955 -3001 -3049 -3102 -3163 -3231 -3305 -3351 -3410 -3486 -3501 -3488 -3480 -3456 -3451 -3436 -3394 -3330 -3258 -3221 -3172 -3105 -3021 -2921 -2810 -2681 -2568 -2430 -2274 -2096 -1887 -1649 -1443 -1280 -1166 -1051 -911 -731 -505 -306 -160 -43 24 99 242 406 553 683 817 929 1015 1118 1210 1280 1353 1358 1296 1288 1296 1400 
1537 1618 1696 1803 1879 1907 1931 1965 1963 1942 1960 1969 1963 1982 1969 1925 1852 1785 1726 1635 1485 1301 1111 946 793 696 770 897 1022 1087 1116 1100 1065 1056 1034 943 854 741 645 516 406 317 256 251 221 88 -46 -189 -301 -345 -347 -338 -287 -196 -178 -227 -328 -439 -549 -652 -761 -796 -788 -702 -602 -539 -530 -591 -676 -758 -807 -812 -778 -664 -488 -249 24 302 535 674 766 808 812 774 730 688 716 809 942 1118 1249 1363 1437 1457 1529 1663 1792 1833 1846 1886 
1959 2067 2259 2440 2568 2631 2670 2671 2839 3078 3177 3227 3221 3181 3192 3301 3567 3787 3840 3776 3746 3607 3545 3629 3792 3916 3941 3955 3829 3552 3386 3384 3415 3477 3541 3513 3338 3124 2905 2682 2517 2408 2326 2305 2278 2245 2221 2003 1882 1598 1106 653 383 169 5 -280 -642 -942 -1122 -1275 -1414 -1532 -1571 -1559 -1506 -1418 -1300 -1126 -930 -733 -535 -356 -182 -37 63 112 138 157 157 147 134 111 99 78 84 105 141 190 249 306 349 382 409 445 482 522 568 611 642 661 
652 644 618 577 550 528 516 500 481 478 465 426 352 270 194 112 34 -41 -111 -167 -213 -242 -265 -274 -285 -289 -291 -309 -328 -344 -360 -371 -380 -383 -369 -361 -341 -314 -286 -249 -200 -147 -104 -82 -71 -71 -85 -85 -78 -63 -32 -4 32 73 106 154 192 230 257 284 309 329 347 349 346 331 294 248 222 208 212 230 243 250 257 257 255 232 198 155 97 50 7 -30 -52 -70 -85 -103 -119 -139 -155 -166 -171 -179 -181 -186 -193 -195 -201 -197 
-188 -178 -169 -149 -127 -113 -95 -80 -82 -83 -79 -68 -63 -49 -29 -15 3 25 25 36 47 46 38 36 36 36 35 51 56 58 53 39 22 18 19 19 25 23 27 25 15 19 27 18 7 -16 -39 -60 -69 -78 -71 -59 -51 -45 -32 -30 -29 -39 -47 -63 -68 -76 -73 -68 -63 -46 -37 -21 -14 -15 -6 -10 -17 -17 -28 -29 -27 -12 0 17 29 29 34 36 22 7 -19 -34 -52 -64 -64 -50 -37 -37 -42 -46 -49 -57 -60 -55 
-50 -45 -44 -39 -32 -29 -26 -21 -14 -6 0 12 14 17 14 21 20 17 19 15 8 -2 -19 -31 -37 -46 -47 -49 -43 -46 -42 -34 -26 -16 -8 -4 -5 -10 -8 -6 -6 1 7 2 3 9 6 6 7 4 2 2 0 2 4 4 7 10 10 15 16 18 20 19 22 20 12 12 12 9 0 -10 -11 -18 -23 -27 -33 -29 -33 -24 -29 -32 -49 -68 -92 -151 -267 -433 -617 -768 -874 -997 -1158 -1365 -1584 -1740 -1835 -1921 -1993 -2072 
-2163 -2256 -2342 -2444 -2536 -2619 -2665 -2692 -2703 -2743 -2781 -2850 -2982 -3101 -3172 -3259 -3385 -3496 -3620 -3741 -3826 -3872 -3916 -3984 -4044 -4102 -4134 -4114 -4105 -4105 -4067 -3972 -3877 -3781 -3685 -3595 -3472 -3319 -3159 -3020 -2914 -2803 -2700 -2604 -2506 -2398 -2322 -2251 -2211 -2170 -2102 -2015 -1953 -1899 -1846 -1795 -1760 -1705 -1634 -1510 -1379 -1194 -993 -811 -618 -426 -247 -70 93 252 374 462 496 491 455 406 353 318 301 285 291 294 299 293 340 384 440 494 527 578 628 708 775 814 872 928 937 919 904 894 
909 939 990 1013 1028 1033 1008 959 875 759 637 585 599 637 647 620 596 593 608 654 671 656 670 716 749 755 732 598 415 241 14 -149 -239 -248 -181 -110 -49 13 57 49 21 16 41 84 139 171 176 191 236 281 291 289 291 306 316 331 383 459 541 632 704 760 814 868 925 980 1029 1060 1096 1127 1168 1232 1287 1353 1451 1572 1690 1799 1928 2070 2166 2301 2474 2648 2833 3014 3140 3171 3150 3179 3230 3249 3316 3471 3608 3659 3628 3495 3374 3378 
3367 3283 3171 3023 2959 3021 3245 3369 3284 3138 3077 2995 2888 2898 3066 3295 3313 3168 3102 3118 3073 2900 2753 2561 2315 2071 1880 1777 1696 1635 1602 1542 1422 1262 1105 937 765 574 238 -248 -697 -1064 -1262 -1400 -1576 -1736 -1849 -1914 -1926 -1920 -1926 -1936 -1945 -1974 -2012 -2033 -2034 -2015 -1999 -2010 -2011 -2035 -2075 -2118 -2167 -2230 -2266 -2291 -2326 -2357 -2352 -2354 -2336 -2345 -2386 -2427 -2468 -2496 -2497 -2469 -2461 -2459 -2469 -2455 -2440 -2418 -2375 -2333 -2296 -2254 -2221 -2195 -2159 -2118 -2082 -2059 -1993 -1917 -1818 -1712 
-1598 -1509 -1412 -1313 -1223 -1131 -1052 -992 -912 -798 -694 -607 -542 -506 -504 -501 -498 -488 -503 -526 -541 -535 -499 -447 -362 -306 -215 -119 -4 96 215 360 494 623 703 785 890 1035 1200 1330 1457 1539 1553 1524 1521 1546 1567 1581 1593 1623 1658 1673 1612 1570 1513 1450 1392 1348 1265 1165 1092 1067 1059 1034 964 892 773 606 414 246 114 -21 -163 -286 -380 -443 -444 -422 -392 -355 -328 -279 -213 -125 -34 25 28 10 -33 -123 -204 -284 -382 -465 -506 -519 -509 -468 -403 -353 
-312 -288 -257 -222 -203 -185 -143 -87 -2 105 240 354 406 432 457 473 483 519 550 589 658 759 896 1029 1150 1247 1276 1285 1258 1171 1092 1075 1137 1208 1309 1404 1463 1533 1628 1739 1873 1969 2129 2335 2452 2543 2592 2624 2663 2696 2727 2764 2716 2653 2581 2434 2278 2201 2276 2466 2738 3007 3149 3198 3097 2960 2893 2826 2787 2741 2700 2626 2554 2528 2527 2493 2425 2332 2202 2095 1997 1963 1994 2027 2005 1939 1843 1738 1675 1652 1688 1764 1807 1815 1778 1637 1395 1076 663 167 
-357 -766 -1013 -1110 -1063 -916 -725 -607 -562 -560 -566 -567 -586 -665 -795 -886 -926 -926 -915 -947 -1043 -1184 -1323 -1444 -1563 -1721 -1906 -2084 -2236 -2347 -2412 -2463 -2520 -2597 -2677 -2724 -2747 -2791 -2825 -2870 -2953 -3052 -3124 -3156 -3153 -3194 -3219 -3226 -3244 -3245 -3242 -3219 -3200 -3211 -3270 -3302 -3286 -3259 -3227 -3186 -3152 -3089 -2989 -2871 -2777 -2665 -2560 -2444 -2308 -2188 -2063 -1963 -1860 -1715 -1548 -1384 -1210 -1041 -925 -848 -784 -696 -619 -573 -508 -450 -388 -361 -298 -222 -171 -94 -8 81 184 296 405 532 634 695 
738 808 866 927 1007 1122 1219 1275 1311 1309 1272 1226 1192 1174 1151 1122 1089 1028 957 898 842 776 789 842 859 855 846 849 866 872 826 690 494 329 117 -14 -43 -14 26 59 56 -16 -128 -249 -337 -378 -411 -440 -443 -447 -446 -445 -441 -447 -457 -475 -493 -492 -459 -410 -348 -286 -220 -147 -64 14 83 128 178 233 268 295 319 369 441 484 522 578 620 648 693 773 863 973 1123 1308 1524 1735 1864 1875 1830 1756 1713 1722 1816 1879 1859 1805 1800 1838 
1858 1874 1904 1950 1960 1987 2062 2156 2254 2248 2189 2141 2119 2172 2220 2230 2185 2114 2117 2138 2155 2186 2202 2183 2064 1920 1826 1734 1671 1656 1674 1717 1764 1803 1809 1805 1782 1711 1642 1591 1543 1484 1382 1223 1034 878 773 718 723 801 911 988 992 864 672 477 327 259 245 268 301 322 299 294 316 353 389 407 396 363 312 232 136 61 18 33 67 104 123 146 152 144 104 36 -30 -75 -98 -97 -75 -33 -9 -17 -39 -49 -43 -25 9 55 100 131 
153 142 117 72 17 -40 -84 -108 -107 -86 -63 -46 -38 -37 -50 -72 -70 -68 -66 -60 -53 -48 -44 -46 -51 -59 -58 -59 -62 -51 -39 -22 -8 -4 -10 -23 -50 -72 -80 -80 -68 -55 -44 -29 -24 -21 -20 -27 -26 -30 -39 -43 -38 -31 -27 -19 -15 -10 -4 -3 3 7 2 -6 -16 -8 -4 -8 5 9 13 27 33 30 34 36 32 33 33 35 52 59 63 72 76 78 85 89 95 97 108 -34 -37 -29 -30 -32 -36 -36 -43 -45 
-43 -50 -55 -51 -57 -65 -60 -63 -62 -66 -64 -68 -68 -66 -68 -67 -68 -66 -66 -62 -64 -60 -56 -55 -53 -51 -49 -49 -46 -50 -51 -48 -43 -38 -38 -31 -29 -23 -27 -25 -18 -19 -15 -8 -5 -3 0 2 3 3 4 9 14 17 16 9 -23 -80 -126 -182 -212 -219 -213 -193 -148 -116 -78 -137 -323 -589 -884 -1151 -1384 -1581 -1714 -1922 -2186 -2439 -2652 -2919 -3215 -3465 -3637 -3773 -3859 -3976 -4214 -4469 -4672 -4771 -4837 -4845 -4815 -4852 -4930 -5025 -5070 -5042 -5003 -4988 
-5008 -5025 -5040 -5043 -4972 -4842 -4745 -4718 -4688 -4624 -4466 -4241 -3980 -3660 -3421 -3259 -3126 -2982 -2774 -2544 -2344 -2148 -1930 -1725 -1547 -1378 -1234 -1103 -948 -784 -637 -496 -379 -290 -151 -18 119 239 332 336 297 231 156 97 43 -37 -82 -122 -148 -189 -283 -397 -458 -458 -428 -367 -411 -257 83 337 287 172 141 167 131 110 171 242 321 410 534 680 829 961 1067 1150 1227 1288 1354 1448 1534 1599 1666 1739 1801 1862 1954 2087 2239 2388 2478 2530 2566 2640 2742 2869 2986 3088 3165 3248 
3373 3552 3786 4079 4362 4559 4689 4815 4970 5261 5565 5941 6325 6459 6349 6182 6115 5986 5967 6023 5956 5755 5531 5304 5059 4981 4913 4776 4629 4475 4172 3964 3739 3593 3432 3134 2824 2630 2470 2149 751 -198 -664 -1061 -1354 -1658 -1965 -2204 -2356 -2525 -2728 -2971 -3169 -3259 -3298 -3302 -3355 -3509 -3674 -3826 -3914 -3984 -4043 -4056 -4078 -4162 -4275 -4393 -4505 -4558 -4574 -4599 -4686 -4783 -4885 -4899 -4867 -4829 -4814 -4784 -4741 -4705 -4589 -4431 -4308 -4180 -4046 -3862 -3642 -3427 -3264 -3179 -3072 -2949 -2789 -2624 -2489 -2343 -2230 -2152 
-2028 -1881 -1745 -1649 -1578 -1462 -1332 -1206 -1097 -995 -891 -812 -734 -646 -530 -423 -343 -267 -214 -215 196 371 585 604 496 450 473 447 411 460 538 612 721 843 970 1109 1216 1290 1379 1465 1527 1570 1643 1784 1915 2032 2192 2365 2557 2746 2927 3073 3155 3282 3387 3472 3616 3800 3989 4154 4249 4268 4283 4398 4662 5001 5338 5566 5686 5709 5758 5947 6097 6163 6059 5821 5664 5857 6052 5996 5684 5313 4991 4928 5097 5079 4903 4525 4167 3984 3840 3812 3798 3666 3439 3109 2799 2486 1577 321 
-408 -1010 -1368 -1611 -1797 -1990 -2169 -2269 -2365 -2554 -2805 -3000 -3044 -3043 -3071 -3130 -3282 -3499 -3679 -3776 -3810 -3804 -3853 -4068 -4317 -4412 -4439 -4462 -4474 -4544 -4672 -4826 -4927 -4907 -4828 -4758 -4801 -4894 -4925 -4936 -4874 -4746 -4611 -4520 -4469 -4454 -4411 -4337 -4187 -4027 -3911 -3906 -3842 -3768 -3709 -3644 -3552 -3422 -3281 -3139 -3028 -2922 -2839 -2765 -2668 -2524 -2394 -2306 -2230 -2168 -2123 -2036 -1833 -1602 -1409 -1305 -1228 -1111 -992 -894 -759 -619 -531 -449 -333 -177 -14 162 293 436 564 676 809 966 1147 1321 1486 1641 1758 1851 
1966 2106 2230 2341 2448 2506 2546 2610 2731 2850 2975 3110 3235 3314 3353 3435 3590 3749 3882 3969 4048 4155 4265 4333 4398 4453 4526 4654 4825 4993 5198 5384 5503 5523 5577 5689 5830 5883 5567 5264 5025 4985 5111 5048 4923 4698 4347 4124 4044 3990 3977 3983 3916 3780 3553 3253 3012 2851 2733 2642 2569 2434 2272 2207 2087 1262 484 106 -26 -127 -207 -362 -537 -684 -779 -817 -840 -850 -825 -749 -620 -494 -431 -359 -251 -142 -38 50 133 203 259 289 319 346 366 374 370 367 361 365 
386 421 458 490 534 555 545 463 333 187 77 -28 -87 -113 -113 -98 -75 -65 -62 -65 -80 -89 -98 -113 -126 -134 -142 -160 -177 -186 -199 -188 -176 -150 -106 -63 -31 -3 24 55 78 100 119 113 113 94 65 37 19 3 -2 -3 -10 -19 -23 -41 -50 -65 -66 -61 -51 -39 -33 -21 -6 4 3 14 13 14 15 6 16 16 15 18 6 -4 -15 -23 -26 -23 -19 -12 -2 1 4 10 1 -6 -15 -31 -35 -38 -33 -27 -10 -6 -4 3 
-3 2 -3 -7 0 -6 -3 2 7 6 3 3 2 -6 -7 -18 -19 -22 -13 -13 -13 -7 -8 -10 -9 -6 -10 -13 -12 -6 -8 -9 -11 -8 -11 -10 -11 -13 -10 -8 -10 -7 -9 -9 -8 -1 -1 5 6 10 14 17 20 24 16 14 8 1 -3 -2 -8 -3 -3 -4 -9 -12 -21 -24 -23 -25 -20 -11 -6 -7 3 14 22 21 28 24 18 14 0 -8 -18 -24 -28 -24 -21 -24 -26 -18 -12 -6 -6 4 9 -3 -11 -21 
-31 -35 -32 -30 -30 -30 -29 -34 -40 -38 -35 -37 -23 -12 -5 1 3 -3 -5 -8 -9 -17 -27 -42 -64 -82 -101 -115 -111 -97 -84 -68 -49 -34 -30 -35 -33 -33 -38 -45 -50 -50 -56 -51 -50 -39 -35 -28 -17 -9 0 6 4 6 5 7 10 12 28 29 29 26 13 1 -11 -18 -13 -6 -3 7 8 11 14 16 14 15 21 24 32 26 26 23 20 20 25 27 35 46 64 71 84 77 62 47 23 0 -10 -9 -3 23 
50 67 87 103 100 92 74 70 92 119 146 193 243 256 251 241 206 150 77 8 -52 -103 -144 -156 -146 -129 -114 -81 -54 -27 -14 12 39 76 108 129 149 175 189 200 204 198 175 144 109 54 -2 -51 -102 -153 -181 -204 -228 -242 -259 -272 -286 -297 -305 -313 -318 -307 -284 -259 -226 -194 -163 -139 -122 -110 -103 -113 -125 -135 -140 -150 -153 -125 -107 -105 -106 -93 -90 -89 -80 -65 -40 -18 -2 15 -25 -19 -25 -27 -25 -28 -30 -32 -31 -30 
-21 -22 -13 -12 -14 -23 -24 -28 -30 -33 -33 -36 -30 -31 -28 -34 -28 -27 -20 -17 -19 -11 -5 -1 0 0 2 9 7 1 3 7 8 15 21 22 23 24 25 23 17 11 7 1 -5 -9 -15 -18 -21 -29 -28 -30 -30 -37 -44 -48 -61 -96 -139 -186 -211 -237 -253 -240 -214 -173 -227 -303 -553 -846 -1090 -1273 -1402 -1459 -1466 -1489 -1622 -1863 -2116 -2327 -2466 -2577 -2692 -2836 -3052 -3270 -3436 -3532 -3642 -3827 -4014 -4156 -4276 -4383 -4471 -4546 -4623 -4670 -4721 -4776 
-4781 -4786 -4800 -4771 -4750 -4757 -4727 -4679 -4665 -4679 -4611 -4520 -4432 -4310 -4184 -4062 -3855 -3637 -3444 -3317 -3245 -3138 -3021 -2858 -2748 -2726 -2650 -2536 -2431 -2357 -2294 -2220 -2176 -2155 -2189 -2286 -2419 -2505 -2566 -2597 -2615 -2613 -2627 -2570 -2369 -2144 -1971 -1819 -1669 -1429 -1125 -835 -601 -355 -87 119 191 242 310 380 469 563 659 769 901 1070 1257 1456 1668 1863 2008 2151 2273 2396 2517 2636 2776 2890 2979 3085 3244 3431 3593 3727 3846 3962 4083 4201 4333 4503 4663 4737 4795 4828 4868 4967 5107 5290 5333 5295 
5248 5148 5121 5243 5450 5701 5875 5892 5675 5490 5383 5435 5640 5634 5454 5153 4874 4732 4630 4509 4369 4098 3770 3409 3131 2813 2583 2429 2223 1817 1280 819 369 -62 -566 -1103 -1542 -1856 -2074 -2282 -2472 -2725 -2996 -3176 -3333 -3586 -3880 -4095 -4222 -4373 -4556 -4734 -4868 -4976 -5073 -5101 -5129 -5149 -5151 -5161 -5165 -5086 -4912 -4751 -4616 -4408 -4208 -3999 -3815 -3630 -3421 -3184 -2916 -2623 -2351 -2084 -1810 -1580 -1349 -1111 -843 -581 -334 -94 103 302 537 772 1019 1277 1477 1598 1703 1774 1857 1934 1990 2014 2043 2036 
2013 1951 1816 1672 1497 1317 1111 892 698 678 404 258 116 -15 59 154 103 8 -68 -147 -151 -101 -73 -62 11 103 201 291 382 453 515 608 742 920 1148 1405 1670 1961 2259 2567 2899 3261 3645 4013 4346 4674 4955 5165 5346 5547 5714 5849 5918 5906 5928 5956 6019 6000 5947 5849 5816 5969 6109 6069 5797 5559 5368 5196 4932 4579 4337 3994 3635 3388 3418 3668 3715 3483 3185 2916 2651 2453 2292 2104 1832 1423 732 -116 -805 -1176 -1390 -1696 -2064 -2385 -2636 -2877 -3104 -3309 -3446 -3576 
-3736 -3895 -4126 -4362 -4552 -4685 -4808 -4923 -4918 -4934 -4952 -4950 -4864 -4714 -4592 -4409 -4222 -4036 -3897 -3710 -3473 -3279 -3023 -2799 -2644 -2402 -2132 -1895 -1680 -1383 -1109 -815 -573 -404 -256 -111 46 176 286 431 582 726 868 978 1030 1027 1027 1075 1170 1180 1152 1035 920 869 891 901 846 685 213 -87 -365 -517 -401 -229 -26 64 39 9 -39 -54 -17 3 38 113 234 400 599 847 1106 1305 1423 1517 1631 1785 1988 2241 2519 2773 2976 3045 3134 3312 3561 3778 3933 4044 4167 4409 4707 4837 
4911 4936 4916 5087 5162 5003 4873 4880 5091 5311 5377 5321 5229 5088 4971 4995 5019 5002 4902 4752 4566 4331 4033 3808 3830 3679 3404 3316 3386 3367 3156 2869 2622 2368 2147 2007 1900 1782 1693 1643 1641 1673 1595 1035 313 163 159 54 -41 -195 -361 -486 -516 -506 -496 -479 -446 -377 -326 -296 -282 -272 -277 -289 -285 -252 -200 -128 -70 -10 45 100 155 202 245 291 314 338 364 394 412 416 420 429 434 437 450 468 484 492 432 296 164 48 -67 -143 -166 -151 -137 -123 
-111 -116 -130 -159 -186 -215 -241 -246 -235 -215 -192 -167 -142 -114 -88 -57 -26 4 37 66 94 126 143 162 187 204 203 189 151 107 58 22 -5 -19 -24 -20 -14 1 1 4 3 -1 0 2 -4 -8 -7 -14 -25 -34 -31 -38 -47 -54 -50 -45 -33 -30 -21 -6 3 17 21 35 40 39 36 25 10 1 -11 -15 -22 -20 -13 -9 0 -1 0 -4 -16 -22 -31 -37 -42 -51 -48 -48 -53 -53 -56 -61 -60 -66 -67 -70 -66 -58 -48 -34 
-16 -16 -12 -12 -15 -20 -21 -15 -17 -21 -25 -33 -37 -44 -45 -49 -49 -43 -35 -29 -16 6 23 33 43 51 57 53 36 30 14 -6 -7 -16 -24 -21 -26 -22 -24 -30 -29 -25 -21 -17 -14 0 9 16 20 30 34 36 40 35 31 38 39 36 28 12 2 -3 -11 -18 -14 -10 -5 0 7 9 14 20 21 23 24 28 31 39 37 26 14 3 -13 -18 -24 -16 -14 -8 7 19 25 25 34 30 27 28 24 18 14 7 
1 -5 -9 -11 -13 -8 -8 -7 -11 -3 -10 -15 -15 -16 -11 -13 -13 -13 -17 -12 -12 -16 -25 -31 -32 -36 -40 -42 -41 -36 -32 -27 -28 -30 -34 -35 -42 -43 -42 -38 -37 -28 -15 0 18 24 27 26 30 23 15 24 22 20 16 6 -5 -19 -40 -64 -89 -110 -124 -139 -143 -135 -123 -110 -89 -80 -75 -75 -77 -84 -74 -52 -22 0 12 15 25 27 33 25 14 4 -10 -23 -30 -31 -30 -25 -17 -5 -4 0 -8 -23 -39 -60 
-76 -87 -95 -91 -75 -65 -60 -41 -39 -35 -41 -45 -52 -52 -40 -34 -19 3 15 19 18 28 36 62 99 133 170 203 237 254 248 231 227 237 225 199 166 122 80 50 21 5 7 21 38 54 62 61 63 56 47 41 34 22 33 41 52 61 71 73 77 101 119 145 157 161 142 125 102 64 30 -6 -31 -53 -66 -66 -60 -64 -66 -74 -88 -102 -121 -144 -162 -172 -167 -158 -148 -19 -18 -17 -13 -9 -9 -8 -6 -4 -7 -7 
-6 -2 2 -1 1 -5 -2 0 -3 -2 -8 -8 -5 -6 -3 -4 -2 -3 -2 -2 -4 -5 -11 -8 -12 -11 -4 -10 -13 -14 -12 -13 -12 -10 -10 -11 -12 -11 -16 -12 -15 -9 -16 -16 -17 -23 -23 -19 -21 -25 -26 -29 -34 -37 -40 -42 -52 -79 -134 -193 -251 -276 -296 -372 -477 -656 -875 -1174 -1553 -1845 -1961 -2048 -2312 -2708 -3093 -3381 -3605 -3877 -4192 -4541 -4843 -5021 -5089 -5189 -5408 -5682 -5946 -6159 -6249 -6230 -6177 -6153 -6180 -6181 -6093 -5937 -5771 -5596 -5466 -5366 
-5224 -5056 -4859 -4648 -4438 -4245 -3947 -3620 -3360 -3057 -2763 -2494 -2254 -1984 -1654 -1305 -975 -742 -598 -502 -403 -349 -281 -179 -53 32 66 26 -13 -57 -76 -42 13 8 106 164 175 193 156 205 282 367 494 663 847 982 1101 1255 1423 1617 1864 2141 2402 2644 2844 2998 3091 3173 3267 3372 3489 3630 3794 3958 4130 4342 4577 4858 5179 5523 5772 5925 6065 6282 6627 7060 7298 7298 7093 6882 6965 7206 7282 7179 6891 6659 6647 6554 6293 5902 5454 5086 4839 4567 4293 3896 3540 3399 3338 3108 
2807 2546 2303 2078 1615 654 -368 -1149 -1518 -1734 -1902 -2181 -2474 -2692 -3005 -3334 -3598 -3730 -3770 -3818 -3904 -4111 -4334 -4519 -4658 -4734 -4788 -4827 -4877 -4922 -4932 -4870 -4708 -4535 -4407 -4331 -4313 -4244 -4119 -3927 -3690 -3525 -3456 -3300 -3122 -2880 -2633 -2420 -2174 -1919 -1604 -1211 -783 -369 74 464 783 1116 1430 1692 1913 2108 2250 2266 2175 2024 1861 1778 1561 1298 1028 776 583 441 373 325 184 5 -148 -238 -271 -241 -195 -166 -160 -173 -134 -79 -44 -8 52 105 181 288 433 650 940 1264 1549 1766 
1962 2187 2368 2526 2701 2886 3052 3222 3440 3647 3847 4050 4264 4540 4877 5169 5319 5312 5245 5294 5576 5921 6103 6002 5834 5798 5984 6240 6293 6005 5680 5419 5310 5266 5395 5479 5250 4927 4579 4235 4100 4012 3998 3921 3639 3353 3152 3065 3043 2976 2893 2717 2370 1978 1616 1251 834 162 -550 -1057 -1386 -1717 -2091 -2320 -2504 -2735 -3001 -3343 -3659 -3854 -4009 -4267 -4607 -4879 -5111 -5288 -5363 -5403 -5457 -5494 -5448 -5340 -5162 -4918 -4623 -4329 -3999 -3715 -3410 -3099 -2784 -2596 -2357 -2125 -1890 -1716 -1569 -1443 -1329 -1220 
-1117 -992 -907 -807 -651 -487 -323 -135 41 206 358 515 699 855 1005 1159 1289 1346 1359 1277 1284 1232 1135 1018 896 789 826 39 -192 -370 -388 -282 -112 -40 -11 29 49 50 105 203 333 497 710 935 1221 1572 1969 2358 2706 3028 3291 3555 3774 3951 4065 4163 4259 4341 4443 4549 4686 4871 5100 5341 5591 5817 5978 6176 6420 6669 6857 6893 6824 6750 6741 6720 6684 6608 6461 6255 6053 5819 5648 5523 5248 4947 4752 4500 4232 4006 3787 3656 3432 3174 2984 2769 2502 2217 1973 1785 
1607 1388 1157 958 816 690 563 434 303 172 96 47 -22 -94 -154 -193 -217 -200 -177 -179 -215 -245 -250 -234 -206 -183 -161 -134 -145 -189 -237 -294 -339 -370 -393 -379 -342 -301 -249 -196 -135 -72 0 66 102 134 147 154 167 196 231 278 323 355 379 391 387 385 387 386 384 377 367 351 338 326 308 299 235 175 102 19 -64 -132 -185 -218 -222 -220 -203 -180 -155 -131 -106 -85 -67 -54 -43 -35 -30 -15 9 26 33 38 40 39 38 18 5 -14 
-24 -25 -27 -23 -17 -8 -1 -3 0 8 15 7 9 6 -9 -21 -27 -40 -52 -55 -57 -58 -49 -47 -34 -14 5 27 42 53 55 57 43 27 14 11 -3 -12 -19 -13 -4 14 28 47 58 69 77 73 61 57 50 52 51 51 46 31 11 -19 -38 -61 -85 -91 -85 -84 -82 -79 -69 -57 -57 -47 -37 -38 -29 -18 -4 5 7 5 2 -16 -30 -51 -67 -83 -92 -91 -93 -99 -107 -109 -95 -78 -60 -43 -37 -31 -38 -47 -51 -47 
-43 -41 -46 -44 -51 -55 -59 -65 -59 -56 -52 -43 -43 -35 -32 -23 -24 -16 -7 11 38 66 81 90 96 110 105 86 71 69 66 60 61 67 70 59 40 13 -15 -27 -34 -23 -18 -14 -17 -14 -10 -8 -2 0 -6 -3 -1 -6 -9 -17 -23 -44 -59 -64 -69 -67 -55 -48 -41 -38 -36 -42 -43 -43 -36 -33 -27 -23 -14 -6 -11 -8 -5 -5 -5 -18 -22 -22 -31 -24 -27 -17 -17 -12 -14 -16 -11 -10 -11 -8 -3 1 -1 4 
3 -2 -3 -1 -3 6 16 23 23 27 23 18 13 8 -2 -2 -11 -7 -17 -13 -15 -14 -7 -10 -7 -10 -8 -8 -5 -4 -6 -1 -1 -3 -1 1 1 1 7 1 5 6 8 9 18 25 25 36 40 32 30 23 21 16 16 15 12 15 23 22 15 16 15 13 13 17 21 22 29 39 41 53 52 60 68 72 81 95 102 114 121 127 129 138 141 135 139 137 132 123 112 110 98 83 69 62 61 49 46 41 
39 33 26 26 19 14 14 12 4 8 9 13 4 6 -7 -15 -20 -20 -22 -24 -25 -29 -35 -38 -40 -42 -43 -46 -38 -38 -34 -33 -36 -38 -39 -43 -46 -51 -58 -61 -59 -65 -64 -64 -62 -67 -71 -70 -72 -72 -80 -74 -76 -87 -81 -77 -69 -72 -76 -78 -83 -80 -87 -87 -88 -91 -94 -92 -96 -95 -94 -103 -106 -102 -107 -102 -97 -87 -79 -76 -69 -65 -71 -69 -74 -70 -69 -66 -41 -42 -38 -40 -39 -29 -25 -29 -21 -23 -21 -20 
-22 -21 -25 -23 -28 -26 -29 -26 -22 -27 -20 -24 -25 -26 -28 -27 -24 -20 -21 -22 -15 -12 -13 -18 -20 -17 -20 -15 -15 -14 -14 -11 -11 -6 -8 -12 -11 -12 -17 -8 -10 -10 -12 -15 -13 -11 -16 -14 -12 -12 -13 -13 -15 -10 -13 -13 -12 -16 -20 -59 -108 -178 -244 -300 -419 -620 -770 -959 -1200 -1463 -1698 -1931 -2115 -2277 -2480 -2784 -3163 -3581 -3957 -4289 -4594 -4876 -5117 -5289 -5486 -5747 -5979 -6176 -6297 -6349 -6362 -6421 -6419 -6372 -6332 -6288 -6211 -6076 -5908 -5766 
-5617 -5419 -5198 -4893 -4568 -4258 -4003 -3723 -3492 -3243 -3004 -2723 -2386 -2045 -1694 -1370 -1085 -860 -575 -284 -58 137 303 423 500 594 636 580 581 635 729 827 918 991 1032 1023 861 837 642 549 463 426 449 466 446 443 489 617 827 1015 1181 1353 1559 1799 2064 2352 2661 2964 3253 3574 3944 4318 4672 4949 5196 5481 5789 5959 5998 5953 5982 5893 5841 5964 6280 6262 5922 5595 5517 5657 5882 6098 6065 5755 5336 4962 4858 4970 5084 4878 4539 4194 3894 3603 3314 3192 3150 3058 2859 2612 
2459 2399 2188 1554 633 -162 -1014 -1669 -2010 -2192 -2283 -2413 -2692 -2979 -3148 -3314 -3481 -3633 -3783 -3942 -4101 -4289 -4412 -4494 -4551 -4515 -4445 -4409 -4377 -4344 -4245 -4130 -3981 -3808 -3656 -3501 -3338 -3156 -3007 -2848 -2638 -2345 -2052 -1849 -1608 -1431 -1367 -1279 -1111 -943 -693 -400 -133 154 404 591 762 857 883 867 834 813 772 735 827 945 1131 1228 1188 1164 1162 1099 836 569 410 270 131 50 -14 -3 72 106 94 63 92 185 294 414 606 821 1016 1240 1442 1624 1802 1974 2129 2299 2512 2715 
2941 3203 3496 3818 4174 4527 4890 5320 5699 5958 6100 6104 6043 6072 6127 6167 6064 5897 5813 5858 5899 6017 6109 6000 5851 5795 5584 5318 5292 5262 5119 4935 4766 4395 4092 3908 3748 3559 3334 3072 2849 2695 2491 2089 1537 866 125 -656 -1260 -1563 -1819 -2141 -2395 -2643 -2902 -3129 -3315 -3538 -3818 -4092 -4312 -4453 -4611 -4771 -4895 -5031 -5154 -5195 -5192 -5165 -5146 -5200 -5237 -5244 -5241 -5143 -4980 -4771 -4554 -4335 -4102 -3832 -3583 -3328 -3108 -2875 -2630 -2319 -1995 -1684 -1338 -979 -534 -163 146 413 635 815 989 1117 
1207 1326 1444 1521 1621 1748 1887 1993 2007 1920 1815 1683 1534 1406 1237 1065 951 915 910 858 772 662 541 488 475 409 307 224 149 101 107 93 84 72 56 36 11 -15 -26 -28 -22 -9 21 87 191 345 528 732 943 1161 1428 1710 1976 2233 2511 2832 3157 3545 3934 4199 4385 4558 4741 4896 5081 5276 5554 5778 5753 5604 5429 5526 5827 5919 5768 5585 5356 5199 5401 5792 5968 5572 4852 4372 4306 4208 4235 4068 3791 3642 3513 3298 2958 2462 2067 1894 1751 1572 1410 1266 
1180 1117 1016 886 730 478 207 98 90 64 29 -24 -83 -143 -171 -174 -168 -160 -141 -112 -71 -15 67 125 168 186 187 173 151 122 109 105 100 100 100 92 82 69 51 39 36 24 22 24 25 22 11 4 -8 -10 -22 -19 -19 -19 -20 -25 -25 -31 -32 -37 -39 -49 -55 -81 -137 -195 -232 -235 -234 -211 -186 -165 -133 -105 -75 -36 0 35 54 61 62 57 46 32 27 16 5 -4 -14 -18 -30 -17 -8 -1 8 21 33 42 47 56 
60 63 63 51 37 31 21 12 -1 -3 -3 1 0 0 7 5 7 9 7 7 -1 -1 -6 -12 -20 -15 -16 -18 -9 -4 -3 -10 -20 -27 -32 -37 -42 -36 -35 -30 -22 -15 -16 -10 -11 -11 -13 -4 -6 0 -4 -3 -9 -3 -6 0 -1 -5 -2 -4 -7 -9 -10 -7 -11 -15 -20 -17 -23 -26 -29 -27 -35 -31 -34 -29 -34 -32 -34 -37 -41 -44 -44 -49 -40 -38 -35 -31 -29 -31 -25 -30 -26 -21 -26 -28 -24 -23 -23 -26 
-27 -27 -27 -28 -23 -24 -26 -25 -22 -23 -25 -23 -26 -24 -24 -27 -26 -23 -14 -13 -14 -13 -14 -15 -19 -23 -22 -22 -21 -19 -19 -18 -16 -15 -16 -10 -10 -9 -12 -11 -13 -14 -20 -20 -17 -13 -12 -14 -14 -7 -9 -15 -30 -40 -47 -46 -43 -41 -36 -26 -28 -24 -18 -17 -11 -3 -4 -4 -6 -3 -6 -16 -22 -25 -30 -32 -33 -30 -27 -26 -28 -24 -23 -30 -27 -32 -29 -30 -26 -22 -16 -17 -17 -20 -17 -21 -24 -20 -26 -26 
-25 -20 -23 -24 -20 -23 -21 -22 -25 -24 -20 -18 -23 -27 -24 -24 -28 -29 -31 -38 -41 -47 -40 -42 -41 -35 -30 -30 -21 -17 -14 -12 -8 -7 -7 -8 -8 -10 -13 -11 -18 -10 -11 -14 -11 -7 -7 -8 -3 -3 -9 -19 -17 -18 -22 -19 -15 -14 -8 -6 -7 -8 -2 -5 -2 5 -6 -6 0 0 3 4 10 18 22 21 18 25 25 29 31 28 20 15 15 12 8 7 5 3 -3 -9 -7 -10 -14 -6 -1 -2 -2 4 
2 -1 0 4 -1 -1 -1 -3 -7 -12 -19 -13 -6 -11 -6 -7 -10 -10 -12 -17 -22 -23 -23 -24 -15 -14 -13 -11 -11 -9 -7 -4 -8 -16 -22 -27 -30 -30 -28 -21 -18 -13 -10 -13 -9 -11 -14 -18 -22 -21 -16 -14 -14 -10 -7 -12 -13 -12 -16 -16 -12 -13 -11 -15 -16 -19 -21 -18 -20 -24 -26 -27 -20 -22 -24 -25 -19 -13 -19 -21 -18 -26 -23 -27 -32 -31 -30 -9 -4 -9 -7 -4 -1 -5 -2 -4 -4 -6 -6 -8 
-8 -11 -4 -8 -6 -8 -11 -2 -11 -5 -2 -2 -3 -3 -6 -8 -9 -9 -4 -8 -8 -10 -7 -11 -11 -11 -13 -10 -8 -14 -13 -14 -10 -15 -26 -48 -64 -85 -103 -108 -123 -178 -353 -603 -833 -1008 -1168 -1362 -1601 -1867 -2079 -2195 -2375 -2683 -3059 -3411 -3630 -3823 -4040 -4291 -4629 -5017 -5358 -5597 -5753 -5882 -6029 -6237 -6377 -6443 -6394 -6302 -6129 -6000 -5967 -5933 -5885 -5748 -5573 -5374 -5160 -4930 -4749 -4548 -4308 -4020 -3590 -3109 -2692 -2317 -1917 -1554 -1207 -912 -589 -267 47 319 552 792 
1027 1205 1305 1381 1464 1539 1605 1590 1505 1426 1352 1240 1166 1105 1077 1128 1137 997 880 946 1029 1054 1000 784 604 560 555 562 614 684 746 842 977 1148 1346 1566 1769 1960 2155 2357 2593 2834 3090 3367 3714 4059 4396 4671 4896 5206 5499 5734 5908 6093 6212 6162 6225 6391 6401 6175 5873 5700 5939 6455 6755 6517 5957 5401 5134 5239 5623 5809 5483 4843 4136 3663 3642 3876 3933 3460 2804 2266 1852 1515 1149 495 -463 -1204 -1571 -1780 -2093 -2387 -2501 -2636 -2957 -3428 -3783 -3930 -4061 -4293 
-4566 -4832 -5091 -5273 -5399 -5443 -5504 -5619 -5695 -5705 -5640 -5524 -5425 -5345 -5227 -5083 -4914 -4714 -4537 -4357 -4188 -4010 -3698 -3412 -3218 -2979 -2665 -2341 -1824 -1304 -802 -343 44 379 735 1084 1366 1557 1648 1664 1647 1621 1590 1463 1434 1401 1413 1478 1434 1418 1370 1303 1181 500 111 -56 -83 2 48 143 242 275 256 271 340 424 517 648 809 970 1170 1423 1683 1938 2172 2382 2568 2781 3051 3331 3622 3963 4335 4728 5140 5544 5893 6133 6178 6133 6027 6065 6299 6445 6330 6202 6068 6004 6041 6239 
6489 6489 6423 6372 6298 6229 6206 6050 5748 5378 5079 4828 4680 4414 4057 3726 3397 3027 2755 2509 1946 565 -602 -1228 -1537 -1966 -2404 -2790 -3075 -3345 -3634 -3854 -4046 -4277 -4497 -4696 -4963 -5274 -5601 -5885 -6125 -6294 -6422 -6453 -6442 -6423 -6375 -6284 -6175 -6014 -5793 -5552 -5267 -5028 -4831 -4571 -4272 -3933 -3564 -3189 -2833 -2451 -2107 -1785 -1406 -1024 -592 -142 343 748 1130 1511 1791 2044 2182 2128 2050 1930 1834 1848 1832 1823 1621 1469 1035 465 -509 -1875 -1322 -978 -598 -63 336 499 766 653 719 850 938 1098 
1290 1433 1602 1799 1982 2070 2070 2025 2037 2095 2149 2310 2632 3033 3472 3951 4357 4644 4833 4875 4839 4895 4992 5077 5141 5117 5112 5222 5305 5338 5552 5839 5872 5702 5482 5422 5516 5700 5878 5831 5585 5182 4766 4538 4682 4915 4911 4659 4360 3995 3691 3521 3539 3606 3510 3363 3095 2780 2560 2312 1970 1615 1448 1412 1270 1050 839 678 576 515 536 429 241 95 55 32 12 -16 -60 -102 -125 -138 -146 -140 -123 -75 -35 -24 -16 -11 -24 -47 -71 -103 -108 -90 -70 -52 -30 -20 
-11 6 21 42 65 78 82 82 85 90 96 103 105 101 103 98 91 74 51 9 -29 -59 -57 -48 -28 -5 14 14 2 -3 -11 -4 3 20 14 13 10 2 -2 6 10 19 21 29 25 25 24 14 -4 -10 -30 -41 -47 -57 -63 -62 -56 -43 -33 -29 -34 -25 -20 -27 -38 -43 -49 -54 -58 -49 -44 -39 -39 -35 -38 -52 -58 -63 -65 -65 -58 -44 -37 -22 -11 1 12 20 28 27 19 14 13 8 9 16 20 27 38 47 
56 69 75 77 69 59 45 29 15 6 -7 -11 -14 -17 -24 -29 -43 -50 -44 -41 -50 -39 -37 -35 -34 -29 -25 -22 -22 -25 -28 -34 -42 -53 -51 -47 -45 -31 -19 -13 -15 -17 -8 -5 -4 -7 -7 -13 -13 -10 -5 11 24 30 30 31 24 21 17 7 6 10 15 33 33 35 34 26 22 15 15 17 14 18 20 18 11 10 8 14 22 15 20 29 26 21 15 26 40 37 42 40 27 9 -10 -19 -1 50 114 151 
173 180 148 109 66 23 -15 -52 -70 -77 -84 -84 -78 -68 -56 -47 -46 -48 -62 -87 -99 -121 -128 -125 -117 -102 -96 -85 -88 -87 -92 -91 -96 -97 -96 -97 -90 -83 -68 -57 -57 -48 -43 -36 -34 -23 -21 -11 7 23 35 45 45 43 47 45 37 39 39 41 50 59 72 83 99 103 99 90 91 90 85 92 88 84 74 63 48 34 25 14 10 9 7 12 13 13 24 20 16 8 9 12 12 20 22 22 23 15 5 -9 
-18 -28 -33 -38 -44 -46 -52 -59 -81 -103 -126 -145 -147 -152 -140 -124 -107 -97 -91 -86 -90 -100 -105 -118 -122 -116 -120 -112 -98 -93 -82 -68 -58 -53 -57 -53 -50 -45 -47 -45 -42 -28 -18 1 7 10 14 8 -4 -2 -12 -17 -32 -44 -54 -60 -62 -65 -67 -68 -68 -68 -73 -78 -86 -98 -104 -117 -118 -126 -129 -135 -133 -135 -142 -145 -156 -185 -209 -216 -219 -218 -205 -189 -175 -169 -161 -158 -156 -153 -153 -153 -142 -131 -109 -84 -63 -30 -11 17 
35 48 58 66 70 80 83 78 75 71 62 57 49 44 36 28 20 15 2 -3 -5 -19 -23 -27 -30 -38 -37 -41 -45 -56 -58 -60 -72 -66 -62 -64 -57 -58 -63 -59 -57 -55 -54 -57 -56 -53 -62 -62 -67 -62 -62 -57 -57 -53 -52 -46 -52 -50 -49 -53 -53 -48 -50 -55 -57 -57 -62 -61 -62 -58 -61 -60 -51 -58 -50 -46 -37 -34 -34 -35 -35 -25 -25 -19 -15 -7 -17 -13 -15 -26 -32 -26 -23 -29 -26 -21 -17 -13 -14 -8 
-14 -11 -7 -14 -14 -14 -19 -19 -20 -19 -19 -25 -21 -19 -15 -11 -10 -9 -15 -8 -5 -10 -7 -4 -3 2 2 3 -1 1 -1 4 0 0 3 -3 3 -3 -5 -7 -6 -7 -6 -6 -10 -4 -6 -3 -4 -3 -5 -3 -5 -1 -4 2 -7 -7 -11 -9 -17 -15 -22 -20 -19 -16 -16 -16 -19 -16 -20 -20 -18 -19 -23 -17 -10 -15 -17 -16 -16 -14 -10 -13 -12 -13 -11 -10 -11 -8 -14 -11 -11 -7 -14 -8 -5 -4 -8 0 
-1 4 8 8 6 9 8 -2 2 6 11 9 7 15 12 11 10 8 5 4 4 1 3 0 4 6 6 4 8 5 2 3 2 5 2 6 3 0 1 -2 1 3 8 3 3 1 2 0 -5 -6 -6 -5 -7 -8 -4 -4 -4 -5 -7 -8 -8 -9 -11 -6 -10 -9 -11 -12 -11 -11 -10 -16 -15 -11 -16 -14 -15 -29 -46 -87 -127 -183 -245 -400 -536 -726 -954 -1125 -1169 -1194 -1310 -1527 -1770 -1999 -2284 -2605 -2919 -3200 -3436 -3591 
-3717 -3935 -4305 -4773 -5262 -5612 -5844 -6039 -6222 -6377 -6514 -6592 -6700 -6752 -6742 -6605 -6378 -6033 -5656 -5342 -5091 -4848 -4508 -4171 -3827 -3435 -3047 -2689 -2276 -1924 -1540 -1141 -826 -495 -178 83 267 408 550 683 858 1048 1231 1405 1546 1591 1552 1512 1431 1333 1215 1169 1152 1129 1109 1080 1019 950 860 788 686 575 471 392 351 381 494 626 723 818 940 1116 1285 1477 1652 1812 1975 2135 2287 2440 2612 2797 3024 3329 3646 4038 4455 4898 5290 5620 5913 6273 6683 7030 7249 7316 7148 6915 7033 7440 
7593 7320 6827 6398 6467 6686 6612 6201 5692 5155 4818 4675 4495 4211 3743 3207 2870 2591 2208 1547 851 -26 -885 -1509 -1990 -2362 -2753 -3132 -3457 -3724 -4006 -4290 -4519 -4706 -4887 -5044 -5171 -5310 -5412 -5439 -5462 -5414 -5331 -5190 -5037 -4980 -4884 -4804 -4705 -4513 -4291 -4123 -4071 -4013 -3877 -3700 -3428 -3026 -2766 -2539 -2196 -1758 -1190 -531 170 755 1174 1464 1649 1797 1901 1950 1937 1902 1844 1730 1582 1507 1456 1440 1297 1147 1009 852 820 836 862 837 746 529 384 304 245 222 185 127 83 60 22 14 
43 127 245 395 554 743 986 1252 1524 1813 2101 2365 2628 2901 3186 3493 3805 4135 4527 4890 5182 5397 5688 6086 6531 6869 6899 6736 6327 6136 6441 6923 7057 6874 6429 6035 5998 6105 6132 5947 5718 5456 5184 4976 4924 4631 4191 3755 3448 3208 3004 2604 2105 1753 1354 717 -252 -1182 -1770 -2121 -2447 -2839 -3221 -3538 -3798 -4063 -4291 -4494 -4718 -4974 -5224 -5474 -5697 -5844 -5941 -6013 -6020 -6004 -5927 -5748 -5498 -5249 -5007 -4757 -4499 -4273 -4056 -3797 -3539 -3249 -2953 -2683 -2390 -2127 -1796 -1442 -1120 -799 -434 -63 
261 526 727 840 922 1073 1252 1399 1391 1289 1220 1290 1364 1463 1493 1558 1324 1022 883 802 654 381 197 84 97 144 215 281 328 381 467 567 693 846 1012 1189 1386 1587 1796 2015 2244 2496 2751 3048 3358 3603 3843 4134 4379 4610 4868 5034 5047 5009 5227 5488 5574 5705 5743 5582 5424 5566 5852 6030 6087 5943 5702 5517 5436 5465 5447 5238 4957 4741 4662 4536 4126 3686 3428 3342 3260 3075 2735 2346 2085 1911 1768 1654 1579 1552 1566 1664 1546 971 404 251 281 144 35 -74 
-194 -278 -342 -381 -423 -480 -527 -550 -545 -524 -522 -519 -508 -472 -437 -374 -312 -228 -140 -56 7 66 121 157 182 217 248 279 314 351 400 432 464 487 508 516 505 448 329 151 -27 -154 -250 -293 -296 -272 -211 -140 -71 -27 1 15 18 11 -7 -32 -60 -76 -88 -84 -74 -60 -46 -31 -12 6 26 43 57 78 103 121 127 128 106 75 43 7 -25 -48 -62 -62 -60 -51 -43 -35 -28 -21 -19 -18 -21 -28 -30 -34 -35 -28 -27 -24 -19 -21 
-22 -27 -28 -31 -34 -29 -38 -36 -34 -34 -28 -27 -22 -15 -9 -9 -12 -11 -9 -12 -8 -13 -13 -11 -7 -2 -1 4 6 13 8 3 -2 -10 -10 -15 -12 -14 -5 -4 5 14 16 14 16 8 4 4 3 8 6 13 11 15 13 11 6 -1 -5 -15 -16 -17 -17 -22 -15 -11 -7 -3 1 -1 -6 0 -4 -4 -3 -8 -4 -8 -6 -5 0 -1 2 9 2 3 -2 -1 -3 -5 -16 -18 -17 -18 -16 -17 -13 -9 -9 -13 
-9 -7 -3 -1 -5 1 -3 2 1 3 -1 1 0 -6 -9 -5 -9 -13 -16 -8 -14 -12 -18 -14 -20 -18 -15 -18 -14 -12 -8 -9 -13 -8 -18 -18 -14 -17 -11 -10 -7 -8 -7 -14 -18 -23 -25 -24 -26 -26 -24 -20 -14 -14 -14 -16 -15 -20 -20 -20 -23 -22 -23 -22 -20 -18 -21 -22 -22 -19 -23 -23 -18 -25 -21 -23 -18 -26 -22 -25 -24 -20 -20 -18 -15 -14 -15 -17 -11 -16 -15 -27 -26 -23 -19 -22 -15 -14 -17 -18 
-15 -18 -20 -27 -30 -30 -29 -21 -19 -21 -24 -23 -26 -31 -29 -28 -25 -28 -21 -24 -23 -20 -20 -20 -20 -23 -24 -24 -22 -23 -21 -20 -19 -19 -20 -20 -19 -18 -19 -20 -17 -18 -24 -22 -20 -18 -14 -17 -12 -16 -11 -10 -5 -7 -7 -12 -13 -15 -19 -22 -21 -25 -20 -24 -16 -19 -20 -21 -19 -20 -15 -13 -11 -11 -13 -13 -13 -20 -18 -17 -17 -19 -17 -14 -15 110 106 83 52 29 4 -7 -7 -11 -12 -16 -17 -12 -5 4 
9 10 2 -5 -15 -20 -23 -20 -23 -25 -28 -36 -27 -16 -3 8 27 50 86 119 132 127 103 75 41 20 25 36 46 56 60 72 71 67 53 39 17 5 -7 -21 -32 -37 -33 -35 -35 -30 -26 -28 -30 -29 -28 -27 -27 -29 -35 -33 -33 -42 -43 -34 -31 -30 -16 -10 -16 -12 -19 -21 -21 -25 -24 -28 -29 -30 -35 -41 -42 -45 -49 -45 -39 -40 -37 -34 -34 -23 -27 -22 -19 -19 -15 -13 -17 -21 -19 -22 -19 -17 -12 -13 
-15 -11 -7 -5 -6 -2 -2 -8 -10 -15 -19 -30 -28 -30 -33 -39 -38 -39 -47 -62 -90 -122 -168 -200 -227 -290 -388 -539 -715 -936 -1180 -1366 -1486 -1624 -1755 -1875 -2094 -2426 -2766 -3074 -3365 -3679 -3995 -4241 -4463 -4703 -4973 -5242 -5448 -5563 -5672 -5863 -6101 -6288 -6367 -6381 -6299 -6189 -6104 -6059 -5983 -5829 -5604 -5285 -5011 -4741 -4435 -4161 -3876 -3574 -3340 -3114 -2928 -2736 -2533 -2286 -2017 -1798 -1628 -1465 -1290 -1093 -874 -582 -291 -98 25 136 235 360 503 649 720 708 670 703 858 979 1050 1181 
1347 1439 1444 1404 1354 1379 1421 1408 1399 1450 1545 1680 1841 2014 2217 2417 2611 2804 2994 3175 3332 3499 3694 3952 4213 4479 4814 5231 5596 5771 5799 5859 5945 6138 6349 6482 6528 6448 6367 6334 6401 6591 6678 6642 6459 6178 6018 5996 5928 5763 5450 5021 4744 4556 4424 4235 3959 3635 3285 3019 2729 2474 2229 1609 347 -1085 -1864 -2433 -2835 -3151 -3393 -3441 -3463 -3447 -3447 -3492 -3589 -3778 -4020 -4300 -4572 -4771 -4899 -4941 -4935 -4896 -4824 -4782 -4702 -4547 -4279 -3972 -3725 -3505 -3322 -3153 -2879 -2559 -2208 -1825 
-1420 -1093 -823 -490 -167 116 394 731 1029 1199 1272 1290 1290 1278 1272 1167 999 880 707 519 411 233 11 -167 -374 -511 -605 -643 -558 -424 -288 -119 48 241 461 710 948 1169 1371 1584 1772 1923 2072 2229 2405 2575 2780 3061 3427 3907 4397 4744 5059 5332 5554 5595 5363 5136 5174 5437 5826 6168 6390 6392 6256 6047 6039 6360 6683 6797 6666 6209 5669 5338 5353 5308 5111 4803 4466 3995 3585 3260 2746 2052 1314 669 139 -288 -706 -1150 -1594 -2083 -2543 -2946 -3266 -3559 -3812 -4065 -4294 -4480 
-4672 -4801 -4908 -4987 -5048 -5102 -5100 -5004 -4858 -4752 -4662 -4574 -4489 -4302 -4025 -3842 -3727 -3614 -3491 -3271 -3032 -2822 -2533 -2303 -2131 -1911 -1644 -1413 -1295 -1187 -1042 -881 -687 -462 -253 -42 237 470 644 749 844 1013 1175 1301 1380 1294 1189 1117 996 950 913 839 755 616 498 462 487 562 702 897 1087 1230 1336 1437 1568 1712 1844 1964 2088 2219 2393 2605 2810 3059 3332 3642 3949 4230 4580 5018 5340 5460 5484 5587 5877 6209 6314 6199 6016 6021 6202 6535 6607 6500 6391 6294 6342 6359 6258 6058 
5785 5529 5434 5284 5160 5052 4745 4399 4126 3896 3690 3453 3200 2769 2257 1839 1568 1379 1303 1309 1366 1460 1547 1099 498 212 93 39 44 -71 -229 -296 -286 -284 -331 -371 -405 -430 -433 -432 -424 -409 -380 -347 -329 -313 -247 -152 -64 19 89 139 185 220 244 272 298 337 379 415 442 469 487 525 542 532 473 364 222 95 17 -25 -54 -62 -50 -20 9 16 7 -25 -60 -104 -146 -191 -224 -250 -275 -296 -313 -331 -338 -351 -357 -350 -333 -306 -281 -249 -212 -171 
-135 -100 -61 -20 13 62 120 162 198 225 250 265 277 270 237 183 107 29 -41 -96 -121 -148 -152 -143 -127 -117 -108 -110 -112 -120 -129 -133 -142 -144 -144 -144 -138 -137 -130 -120 -105 -87 -71 -54 -39 -40 -34 -38 -37 -41 -34 -33 -30 -33 -44 -48 -67 -77 -91 -106 -118 -125 -129 -126 -117 -108 -83 -70 -52 -36 -30 -18 -4 -2 5 16 17 21 21 16 10 -11 -31 -54 -74 -96 -127 -150 -180 -212 -244 -261 -278 -279 -268 -254 -231 -212 -189 -171 
-153 -133 -116 -105 -101 -95 -106 -107 -113 -115 -106 -93 -72 -44 -14 10 31 47 47 52 34 19 1 -12 -24 -31 -39 -44 -46 -45 -43 -38 -26 -22 -23 -15 -3 -6 -5 -5 -7 -20 -23 -15 -7 10 26 40 66 70 62 65 55 38 26 15 5 1 6 7 16 18 25 21 15 10 3 -1 -1 -5 7 15 25 34 35 33 32 29 28 26 20 33 40 34 36 29 24 12 11 8 8 9 15 12 12 16 16 19 29 31 
37 35 34 34 32 33 31 35 40 38 40 45 45 52 57 66 64 68 65 63 50 40 26 16 13 5 1 0 -18 -31 -41 -49 -51 -44 -39 -21 -8 0 -1 6 12 32 48 45 46 36 8 -25 -66 -113 -141 -158 -173 -158 -139 -91 -45 -7 25 41 37 20 -19 -51 -83 -112 -133 -126 -103 -60 -14 19 49 55 53 43 29 16 10 -2 -9 -10 -13 -9 -16 -22 -21 -27 -42 -52 -57 -60 -57 -47 -34 -22 0 11 15 4 
-50 -128 -177 -213 -238 -231 -197 -144 -92 -48 -6 16 29 32 32 40 35 37 38 30 23 16 10 21 30 44 65 69 80 87 104 120 176 230 249 251 266 263 253 249 257 268 282 299 313 309 297 267 227 191 156 126 105 89 79 79 77 77 76 82 78 81 80 87 97 95 94 84 67 48 24 10 4 -6 -3 5 10 15 22 27 33 25 30 32 -13 -14 -12 -10 -11 -11 -10 -9 -9 -11 1 -1 -4 -1 -2 -7 
-10 -16 -15 -15 -14 -11 -19 -7 -13 -12 -10 -14 -15 -9 -14 -9 -13 -9 -6 -14 -17 -19 -18 -20 -14 -15 -10 -10 -7 -8 -13 -13 -14 -14 -12 -17 -11 -15 -13 -8 -10 -15 -11 -13 -15 -20 -25 -60 -98 -144 -196 -236 -262 -274 -268 -290 -411 -580 -854 -1169 -1495 -1786 -1917 -1953 -2125 -2499 -3023 -3583 -4018 -4317 -4549 -4790 -5102 -5457 -5792 -6102 -6420 -6579 -6607 -6693 -6829 -6986 -7043 -7003 -6903 -6807 -6792 -6667 -6438 -6199 -5906 -5503 -5138 -4707 -4246 -3724 -3269 -2807 -2339 -1967 
-1651 -1393 -1113 -860 -634 -388 -146 44 225 454 689 899 1067 1177 1263 1305 1376 1459 1526 1552 1584 1583 1556 1531 1752 1300 1051 823 569 412 326 214 89 61 26 52 158 340 584 872 1169 1455 1714 1951 2200 2434 2683 2964 3272 3617 3998 4439 4873 5298 5677 5957 6139 6302 6495 6741 6939 7035 6818 6430 6149 6218 6506 6614 6449 6305 6187 6159 6163 6156 6006 5768 5497 5253 5084 4883 4562 4276 3859 3429 2990 2560 2270 1177 -544 -1322 -1688 -2063 -2486 -2817 -3062 -3342 -3652 -3842 -4009 -4181 
-4431 -4763 -5101 -5414 -5684 -5883 -6002 -6043 -6057 -6022 -5910 -5779 -5583 -5322 -4989 -4624 -4352 -4094 -3844 -3576 -3297 -3117 -2988 -2848 -2752 -2572 -2334 -1984 -1636 -1302 -934 -542 -132 272 643 939 1157 1343 1541 1594 1590 1598 1602 1640 1695 1654 1594 1524 1489 1440 1388 1467 828 568 417 467 564 705 782 864 860 794 667 576 560 571 618 715 810 837 807 730 655 603 607 682 836 1067 1360 1680 1984 2254 2561 2886 3175 3449 3779 4117 4451 4758 4979 5142 5311 5544 5970 6427 6778 6877 6635 6203 
6099 6184 6236 6107 5808 5547 5507 5440 5253 5151 4980 4628 4226 3897 3677 3389 2950 2635 2344 2072 1652 834 -108 -944 -1685 -2306 -2843 -3186 -3469 -3692 -3832 -4051 -4331 -4692 -5109 -5476 -5828 -6128 -6296 -6419 -6421 -6354 -6305 -6263 -6259 -6184 -5977 -5604 -5165 -4778 -4414 -4048 -3683 -3272 -2818 -2339 -1922 -1527 -1142 -857 -525 -216 58 385 681 937 1151 1334 1527 1675 1827 1916 1984 2101 2191 2160 2093 2004 1903 1755 1518 1223 960 762 582 427 170 -15 -179 -278 -337 -374 -396 -359 -321 -270 -150 24 244 528 
860 1235 1637 2090 2579 3090 3594 4073 4505 4933 5369 5782 6153 6459 6727 6959 7114 7155 7113 6976 6749 6557 6526 6524 6580 6409 6028 5747 5559 5353 5225 5195 5105 4868 4385 3938 3724 3683 3856 3970 3595 2893 2186 1840 1878 2070 2191 2204 2015 1675 1284 980 739 551 426 423 446 343 213 141 121 75 44 29 16 -16 -43 -68 -81 -106 -139 -164 -195 -227 -260 -266 -241 -198 -126 -48 53 157 228 280 298 290 275 278 284 294 279 264 242 226 195 148 96 37 -33 -100 
-165 -208 -229 -228 -208 -167 -124 -93 -63 -45 -36 -20 -12 -4 2 11 6 5 14 30 37 47 56 58 53 35 7 -12 -23 -30 -29 -14 -2 14 29 40 48 59 58 52 45 31 21 17 9 12 16 19 25 21 17 6 -2 -6 -17 -26 -26 -25 -31 -28 -22 -21 -18 -16 -1 4 4 1 -9 -18 -26 -38 -44 -49 -57 -56 -50 -46 -42 -43 -44 -37 -36 -29 -28 -25 -17 -8 -4 2 11 15 14 14 18 15 18 19 27 27 
33 34 33 38 35 38 32 26 20 19 16 18 16 24 31 36 35 38 39 42 36 32 25 24 17 10 18 12 12 14 9 9 6 1 6 8 5 10 12 16 26 28 29 45 56 62 77 83 78 71 65 55 54 40 28 24 12 -11 -34 -65 -87 -93 -89 -62 -34 0 31 54 74 78 93 113 137 154 160 157 154 141 117 94 74 58 41 34 30 29 25 13 -2 -21 -41 -61 -73 -88 -85 -70 -42 -25 -8 12 
19 24 24 20 23 29 38 53 60 68 60 52 39 23 1 -9 -16 -26 -13 4 17 27 27 20 10 3 -10 -22 -30 -28 -30 -28 -22 -11 5 11 14 20 12 10 9 0 2 3 13 22 26 25 16 -6 -19 -37 -47 -50 -43 -32 -33 -37 -53 -77 -94 -109 -122 -124 -133 -144 -158 -171 -187 -214 -227 -234 -238 -237 -232 -220 -199 -182 -162 -137 -128 -117 -102 -93 -73 -64 -43 -7 25 59 97 131 155 173 189 186 182 152 118 93 
70 50 43 37 46 54 59 56 43 23 5 -12 -40 -57 -62 -60 -55 -49 -52 -61 -87 -117 -157 -190 -229 -264 -256 -239 -226 -233 -227 -229 -244 -256 -271 -291 -311 -338 -360 -382 -402 -414 -432 -447 -454 -464 -457 -444 -424 -419 -413 -396 -383 -351 -320 -281 -242 -216 -180 -152 -118 -84 -63 -46 -37 -32 -32 -27 -22 -21 -14 -18 -12 -14 -2 6 10 19 30 39 46 53 60 74 81 87 100 105 112 113 120 125 131 143 148 146 133 116 122 122 
130 139 153 166 176 187 201 216 227 244 250 254 249 241 234 232 235 241 251 255 255 251 244 230 211 195 168 149 121 102 81 68 49 37 29 21 19 20 16 9 7 0 -9 -12 -13 -20 -10 -8 -4 5 10 17 23 27 29 19 13 5 -8 -18 -30 -33 -35 -42 -61 -73 -78 -90 -105 -116 -133 -145 -160 -173 -186 -192 -199 -205 -217 -224 -229 -222 -210 4 -4 -15 -19 -32 -34 -47 -46 -48 -51 -49 -48 -46 -53 -48 -49 -45 
-41 -35 -35 -33 -26 -23 -19 -16 -10 -7 -4 -1 -1 -1 -3 -7 -11 -14 -19 -26 -29 -27 -30 -33 -27 -28 -29 -32 -30 -20 -22 -21 -22 -23 -25 -23 -22 -15 -10 -10 -9 -16 -27 -35 -46 -64 -87 -116 -154 -169 -174 -177 -161 -134 -141 -160 -206 -272 -468 -783 -1027 -1192 -1354 -1602 -1869 -2140 -2406 -2637 -2853 -3153 -3477 -3793 -4090 -4307 -4555 -4925 -5313 -5667 -5959 -6183 -6373 -6562 -6712 -6784 -6744 -6601 -6386 -6128 -5845 -5509 -5157 -4806 -4413 -4013 -3625 -3273 -2913 -2601 -2323 -1950 
-1561 -1194 -809 -433 -123 80 254 416 515 562 633 710 850 1006 1190 1311 1364 1415 1438 1438 1464 1473 1485 1463 1410 1264 1107 991 804 666 444 252 171 132 116 116 146 204 252 332 502 719 971 1244 1540 1843 2154 2432 2720 2976 3265 3614 4001 4431 4848 5256 5628 5855 5975 6124 6209 6164 6193 6342 6399 6429 6554 6648 6714 6745 6737 6655 6490 6420 6447 6310 6046 5704 5300 4969 4779 4768 4476 3942 3526 3106 2707 2403 2089 1639 1192 798 463 89 -456 -1102 -1650 -2169 -2595 -2959 
-3249 -3411 -3465 -3511 -3611 -3788 -4009 -4231 -4448 -4586 -4686 -4806 -4859 -4772 -4572 -4342 -4081 -3830 -3604 -3396 -3223 -3061 -2812 -2520 -2268 -1983 -1693 -1352 -1039 -753 -502 -217 48 304 618 927 1194 1345 1326 1240 1132 1061 1032 946 878 915 929 958 990 1030 978 911 855 790 685 492 401 295 137 35 -4 -7 -23 -72 -101 -72 -37 -8 27 96 173 263 358 438 505 568 648 757 905 1080 1246 1401 1571 1773 2005 2212 2443 2724 2995 3286 3633 3999 4344 4664 4958 5257 5509 5757 5999 6221 
6306 6299 6276 6336 6619 6773 6745 6666 6310 5808 5676 6021 6071 5765 5412 4932 4581 4442 4465 4413 3951 3421 3083 2684 2282 1817 1459 1026 479 -109 -725 -1309 -1809 -2251 -2632 -2985 -3331 -3651 -3922 -4089 -4178 -4257 -4498 -4813 -5078 -5291 -5454 -5553 -5619 -5622 -5548 -5431 -5302 -5117 -4896 -4639 -4382 -4171 -3999 -3895 -3773 -3639 -3456 -3268 -3142 -2932 -2726 -2608 -2492 -2370 -2149 -1919 -1691 -1390 -1109 -827 -518 -297 -105 46 120 230 321 419 474 548 627 745 811 706 600 587 620 660 670 599 722 150 -309 -354 
-299 -157 58 283 427 472 386 271 207 151 129 161 252 374 546 760 1017 1257 1455 1592 1726 1859 1993 2153 2365 2631 2967 3310 3651 3985 4287 4584 4834 5055 5333 5671 5962 6200 6329 6287 6267 6245 6368 6559 6537 6300 6122 5943 5933 6195 6334 6109 5791 5424 5002 4720 4775 4740 4514 4188 3845 3537 3320 3152 3015 2772 2365 2050 1884 1765 1547 1267 1034 877 720 568 399 290 226 180 109 21 -38 -58 -33 -27 -78 -138 -157 -154 -134 -103 -64 -1 6 -53 -83 -79 -68 -48 
-17 18 50 81 96 70 16 -46 -69 -80 -88 -81 -53 -21 17 56 117 184 224 246 238 194 131 74 23 -10 -10 19 56 65 55 44 21 -6 -30 -42 -22 5 19 31 25 18 8 -6 2 29 63 69 71 78 81 78 68 60 39 28 29 33 35 41 45 19 -6 -42 -58 -61 -74 -68 -54 -27 -15 -1 16 26 33 44 43 40 27 23 9 -3 -16 -26 -22 -14 -5 8 15 22 31 39 38 32 19 11 6 2 9 23 
49 65 77 82 86 82 84 85 83 100 114 129 152 164 178 184 193 204 217 229 245 261 246 221 194 164 142 136 136 134 149 155 157 148 138 150 187 258 342 431 496 491 457 408 352 304 276 258 234 203 174 134 109 89 64 40 34 25 13 6 -6 -20 -20 -23 -22 -29 -25 -14 1 18 23 13 2 -22 -54 -63 -67 -67 -68 -60 -63 -63 -58 -52 -43 -16 3 26 45 57 66 66 64 53 43 47 59 74 85 99 
109 121 133 131 124 107 101 102 104 115 121 116 107 97 88 81 71 62 62 63 52 33 12 -9 -39 -55 -59 -57 -59 -47 -33 -21 -1 6 13 9 9 1 -12 -9 -1 22 45 55 72 79 79 72 65 60 48 36 30 15 3 2 0 6 11 16 30 33 42 42 42 40 47 55 59 60 58 34 10 -18 -46 -68 -77 -76 -69 -62 -56 -52 -50 -50 -49 -38 -29 -18 -15 -15 -27 -27 -35 -41 -47 -47 -49 -52 -52 -65 
-67 -74 -76 -71 -70 -60 -40 -23 -24 -35 -47 -52 -76 -107 -140 -179 -226 -265 -307 -342 -368 -385 -396 -392 -396 -392 -383 -361 -338 -302 -268 -241 -204 -163 -128 -92 -66 -46 -39 -36 -41 -47 -55 -58 -67 -81 -102 -110 -126 -135 -144 -145 -143 -146 -142 -152 -159 -165 -168 -162 -153 -145 -126 -99 -63 -32 0 26 51 66 84 100 102 105 108 107 105 88 75 52 28 8 -8 -21 -39 -45 -43 -44 -42 -33 -31 -35 -41 -44 -47 -46 -47 -44 -45 -43 
-34 -32 -31 -28 -23 -36 -54 -89 -108 -119 -131 -124 -117 -117 -117 -116 -113 -115 -120 -129 -144 -149 -165 -168 -178 -171 -164 -145 -129 -122 -109 -88 -65 -51 -33 -19 1 16 34 39 41 44 48 64 76 88 98 111 116 125 122 133 126 132 129 128 109 85 75 70 67 73 83 77 66 52 39 23 8 10 19 26 27 36 39 46 60 72 90 110 132 149 