3666 3672 3678 3684 3724 3686 3726 3736 3714 3676 3688 3728 3692 3718 3706 3710 3698 3690 3640 3638 3672 3692 3726 3694 3656 3670 3662 3696 3762 3786 3812 3834 3842 3810 3796 3766 3724 3770 3754 3782 3748 3736 3730 3798 3824 3890 3846 3820 3776 3726 3698 3690 3726 3786 3782 3818 3832 3800 3802 3756 3754 3652 3636 3596 3618 3606 3656 3720 3700 3722 3746 3710 3672 3542 3404 3268 3116 2914 2728 2644 2834 2914 2816 2632 2412 2456 2828 3022 3184 3402 3762 4142 4452 4730 4966 5144 5366 5474 5640 5870 
6136 6216 6418 6640 6748 7006 7128 7164 7288 7288 7218 7468 7854 8312 8446 8218 8092 8154 8030 8056 8298 8550 8954 9462 9502 9126 8312 7738 7680 7894 8250 8626 8590 7856 7080 6468 6252 6174 6520 6718 6468 6254 5914 5766 5632 5822 6284 6508 6444 6020 5220 4432 4116 4438 5062 5830 6086 5980 5532 5026 4690 4272 4272 4296 4346 4636 5020 5388 5740 5912 5750 5018 4116 3494 3038 2804 3022 3316 3428 3180 2998 2400 1392 656 -8 -310 -528 -998 -1302 16 -1480 -1162 -1132 -1298 -1882 -2330 -3082 -3156 -3084 -3162 
-3440 -4070 -4710 -4830 -4732 -4616 -4666 -4866 -4940 -5176 -5758 -5890 -5736 -5626 -5688 -5224 -4600 -4094 -3458 -3114 -3168 -3472 -3832 -4282 -4748 -4872 -4602 -3966 -3434 -3106 -3198 -3896 -4810 -5698 -6578 -6626 -5896 -4742 -3828 -3122 -2584 -2362 -2448 -2826 -3194 -3992 -4626 -4948 -4806 -4154 -3080 -1966 -860 -200 212 46 -384 -620 -330 342 796 1172 1536 1458 980 1228 2374 3586 4682 5440 5630 5574 5356 5476 5866 6120 5862 5244 4288 3916 4826 6210 7936 9196 8976 8618 7688 7102 7298 8728 10118 10880 11312 9908 8220 7378 7946 9026 9320 10296 
10360 8998 6386 4408 4040 5016 5790 6574 6824 6632 6062 5830 6194 6428 6430 6454 6572 6712 6912 7206 7178 6836 5918 4238 2640 2250 2292 4270 5506 5008 3762 2238 1238 642 394 418 674 1082 1646 2252 2976 3548 4022 4318 4590 4672 4206 3630 3048 2532 2418 2560 2936 3466 3826 3820 3510 3056 2868 2712 2382 1890 1344 968 1146 1760 2634 3150 3042 2882 2692 2484 2154 1812 1402 1154 1178 1668 2564 3480 4288 4734 4776 4326 3808 3574 3570 3798 4248 4834 5480 6030 6324 6604 6976 7014 6324 5398 4586 3972 
3816 4148 5104 6464 7996 9204 9246 8506 7406 6388 5610 5326 5712 6534 7562 8526 9468 10100 10530 10494 10108 9910 9880 10040 10220 10380 10420 10412 10090 9798 9220 8760 8216 7856 7644 7702 7714 7488 7172 6556 5982 5646 5520 5594 5950 6362 6296 6150 5994 5934 5618 5276 4908 4448 4166 4250 4716 5264 5554 5378 4742 3902 3080 2354 2102 1832 1488 1224 1072 1244 956 604 254 -28 -102 -240 322 -204 -504 -1096 -1710 -2076 -1920 -1952 -2298 -2768 -3318 -3560 -3534 -3652 -3780 -3800 -3586 -3164 -2674 -2276 -2260 -2520 -2744 -3196 
-3916 -4546 -4626 -4096 -3410 -2758 -2210 -1796 -1334 -1162 -1732 -2502 -2908 -2848 -2464 -2090 -1830 -1508 -1384 -1384 -1358 -1192 -1254 -1610 -2084 -2528 -2716 -2568 -2212 -2024 -2224 -2954 -4186 -5248 -5902 -5754 -5050 -3992 -2682 -1380 -658 -544 -794 -1206 -1454 -1432 -1528 -1900 -2298 -2878 -3598 -3906 -3760 -3440 -3240 -2980 -2832 -2598 -2102 -1492 -866 -322 258 816 1136 1436 1574 1734 2172 2702 3010 3224 3620 4120 5044 6438 7828 8516 8418 8268 8442 9172 10216 10292 9486 8376 8394 9978 12036 14796 16816 15910 13638 11630 10146 9568 9970 11046 12074 11546 
9180 7418 6570 7466 9410 10784 10580 9232 7238 5942 5866 7036 8224 9178 9452 7638 4970 2464 1584 2284 3890 5822 7998 9994 11244 11208 10144 8088 5782 5686 6302 6754 5282 1814 -940 -3842 -4724 -4420 -3946 -2714 -1290 160 1640 3044 4062 4298 3972 3310 2800 2282 2182 2378 2832 2986 2848 2372 1814 1456 1766 2536 3412 4096 4312 3826 3296 2974 3186 3826 4550 4908 4734 4498 4388 4692 5122 5342 5524 5730 6326 6974 7124 7078 7250 7432 7766 8212 9020 9992 10806 11156 11190 11070 11092 11314 11462 11634 11382 10928 10098 9210 
8424 8510 9054 9558 9864 9616 9270 9016 9058 9062 9074 9132 9140 8708 8056 7458 6780 6326 6236 6546 6826 7180 7204 6818 6248 5426 4720 4298 4204 4246 4354 4174 3788 3632 3666 3528 3588 3738 3402 3126 2928 2714 2656 2678 2158 1920 1864 2248 2966 3600 3978 4012 4030 3836 3328 2484 1762 1222 852 1072 1856 2702 3110 3090 2416 1386 786 666 1176 1514 1636 1392 1044 846 714 264 -220 -452 -856 -1024 -1434 -1194 -734 -508 -598 -970 -1320 -1642 -1624 -1658 -1910 -1958 -1814 -1620 -1576 -1748 -1922 -2358 -2526 -2358 
-1986 -1708 -1580 -1570 -1562 -1674 -1664 -1720 -1744 -1796 -1580 -1536 -1490 -1390 -1326 -1276 -1230 -1102 -1236 -1530 -1568 -1126 -456 -190 -570 -1328 -2214 -2874 -3368 -3410 -2892 -2226 -1920 -1992 -2114 -2284 -2402 -2394 -2236 -1966 -1602 -1474 -1654 -1732 -1674 -1484 -1366 -1376 -1256 -1182 -1020 -800 -362 54 606 1400 2094 2652 2602 2332 2066 2260 3062 4270 5658 6630 6710 5818 4804 4562 5440 7202 8788 9108 8452 8226 8636 9664 10522 10482 9420 8294 8164 8908 10176 11060 11236 11186 9826 9200 8492 9232 10218 10612 10400 9328 7624 5964 5126 5674 
7052 8490 9122 8426 6820 5610 5158 5896 7980 9746 10018 8590 6690 4884 3494 3084 3700 5128 6786 7560 7616 7002 6220 5630 5128 4524 4096 3886 4002 4356 4240 4136 3838 3142 2622 2936 3936 5298 7682 7934 9932 10200 6416 1886 -1172 -2470 -1838 -626 528 1452 2220 2778 3092 3416 3644 3944 4240 4450 4308 4006 3858 3636 3362 3100 3030 3168 3372 3568 3702 3760 3838 3832 3872 3868 3936 3978 4062 4194 4314 4368 4332 4314 4208 3810 3154 2350 1536 838 392 300 524 1006 1620 2318 2848 3250 3512 3646 3700 4268 
4248 4238 4220 4210 4206 4192 4202 4222 4178 4164 4188 4238 4214 4278 4290 4288 4300 4326 4324 4304 4308 4306 4330 4292 4294 4290 4316 4318 4296 4312 4288 4282 4272 4252 4244 4300 4256 4264 4234 4238 4234 4228 4246 4290 4308 4302 4334 4356 4344 4352 4304 4316 4294 4282 4218 4020 3850 3804 3878 4036 4008 3820 3636 3726 3612 3368 3172 3052 2950 2880 2986 3374 3842 4192 4390 4292 3984 3590 3278 3230 3252 3244 3194 2878 2400 2026 1856 2154 3060 3852 4258 4332 4146 4028 4338 4842 5350 5368 5066 4614 
4432 4378 4544 5114 5582 5582 5466 5646 5812 5930 6190 6184 6212 6152 6252 6334 6312 6206 6072 6208 6520 6692 6580 6354 6102 6146 6398 6640 6700 6634 6324 6002 5446 4732 3996 3556 3666 4076 4558 4438 4220 3642 3556 3840 4446 4628 4528 3968 3006 2358 2088 2428 3030 3274 2776 1748 840 550 880 1918 3210 4076 4178 3676 2998 2094 1202 488 142 -222 -384 -510 -666 -874 -1358 -2294 -3164 -3848 -3988 -3596 -3172 -3260 -3980 -4962 -5352 -4994 -4638 -4112 -3672 -3358 -3226 -3534 -3644 -3528 -3384 -3210 -3202 -3252 -3372 -3470 
-3534 -3294 -3176 -3402 -3498 -3508 -3614 -3390 -3168 -3046 -3050 -3000 -2770 -2810 -3658 -4552 -5180 -5500 -5670 -5520 -4818 -3790 -2912 -2720 -3152 -4154 -4676 -4972 -5092 -4874 -4518 -4212 -4020 -3734 -3326 -3148 -3032 -3228 -3382 -3444 -3456 -3528 -3584 -3516 -3442 -3274 -2960 -2472 -1908 -1504 -1008 -812 -700 -210 572 1226 1626 1508 1206 1008 1338 2326 3732 4544 4430 3874 3178 2904 3334 4630 6168 7258 7304 6500 6178 6138 6466 6600 5886 5270 5084 5470 6634 7706 7906 7196 6642 6944 8192 10086 10892 10634 9678 8310 6994 6868 7664 8386 8896 8026 
6530 4890 3674 3348 3996 4856 6004 7160 7232 6512 6250 6390 6672 7158 7580 7828 7408 6748 6316 5852 5438 5212 4816 4304 3740 3224 2730 2764 3464 4554 5766 6340 6164 6380 6188 4030 1218 -1020 -2226 -2226 -1064 482 1862 2634 2918 2936 2758 2614 2466 2514 2626 2736 2818 2796 2710 2568 2330 2188 2268 2384 2474 2806 2990 2882 2634 2316 1834 1318 1046 1176 1458 1768 2086 2260 2468 2628 2724 2842 2982 3108 3398 3618 3802 3806 3782 3676 3692 3500 3186 2962 2922 3444 4358 5590 6904 7936 8270 7706 6378 5174 
4252 3886 4328 5288 6414 7502 8222 8458 8360 8202 8256 8328 8408 8634 8954 9182 9384 9342 9100 9008 8690 8602 8700 8828 8976 9246 9258 9270 9190 8946 8686 8486 8426 8498 8428 8384 8206 8038 7820 7424 6908 6578 6248 6054 6124 6178 6158 5910 5636 5460 5320 5418 5488 5562 5570 5376 5234 4948 4820 4926 5026 5038 4970 4660 4492 4396 4514 4850 5204 5400 5152 4678 4186 3784 3344 3108 2942 2766 2548 2294 2158 2398 2606 2464 2084 1640 1366 1106 990 840 552 222 -320 -1140 -1382 -1844 -2336 -2458 -2714 -3078 
-3018 -2632 -2340 -1952 -1660 -1656 -1948 -2040 -1976 -1844 -1786 -1730 -2010 -2342 -2666 -2580 -2616 -2556 -2442 -2336 -2490 -2574 -2726 -2832 -2754 -2422 -2322 -2248 -2324 -2642 -2770 -2666 -2594 -2642 -2820 -3220 -3936 -4884 -5546 -5824 -5772 -5620 -5190 -4566 -3968 -3644 -3662 -3634 -3684 -3870 -4286 -4858 -5074 -4814 -4376 -3576 -2634 -1576 -664 -132 -36 -76 -154 -64 140 374 796 1490 2266 3234 4066 4622 4900 4698 3922 3174 3036 4164 6238 8060 8812 8526 8098 8302 8962 10104 10484 9576 9184 9606 10842 11986 12918 12278 11058 10258 9774 11052 13104 14540 
13812 10772 8348 7150 6374 6508 7436 9380 10050 8908 7122 5678 5882 6836 7642 8276 7816 5982 4416 3394 3078 3436 4016 4852 5654 5896 5488 4640 4028 3892 4020 4530 4968 5232 5610 6134 7586 8062 10118 8928 4454 -830 -3932 -5302 -4672 -2892 -708 1040 2146 2820 3170 2954 2486 2248 2284 2604 3202 3692 3788 3122 2346 1916 1806 2062 2600 2934 3174 3396 3434 3586 3832 3882 4034 4148 4222 4460 4680 4928 5100 5542 5944 6116 6112 6024 5884 5834 6066 6468 6900 7236 7316 7172 7076 7228 7790 8200 8022 7764 7708 7828 
8234 8930 9576 9828 9672 9542 9214 9254 9900 10210 10160 9878 9252 8850 8694 8680 8904 9054 8844 8450 8210 7998 8076 8286 8432 8332 8346 8068 7758 7336 7208 7362 7580 7768 7702 7396 6844 6442 6332 6542 6928 7236 7402 7364 7108 6938 7098 7260 7550 7766 7478 6970 6374 5870 5338 4774 4384 3938 3838 3942 4180 4332 4466 4534 4376 4338 3950 3148 2530 1886 1352 900 646 368 420 554 842 1252 1294 840 280 -54 58 170 136 -170 -610 -1064 -1122 -1568 -1946 -2478 -2778 -2772 -2390 -2162 -2342 -2444 -2430 -2436 
-2430 -2246 -1998 -1722 -1586 -1752 -1886 -2066 -2216 -2300 -2398 -2512 -2594 -2828 -3118 -3316 -3172 -3142 -3080 -3012 -2994 -2694 -2394 -2176 -2068 -2264 -2318 -2294 -2172 -1966 -1866 -1776 -1754 -1694 -1692 -1838 -2052 -2264 -2466 -2616 -2512 -2320 -2256 -2436 -2668 -2814 -3200 -3518 -3850 -3740 -3268 -2668 -2306 -2104 -2012 -1832 -1520 -1278 -1202 -1210 -1498 -1760 -1450 -902 -338 74 606 1170 1798 2034 1826 1482 888 856 1420 2146 2632 2710 2726 2942 3474 4160 4486 4330 4084 3900 3672 3416 3362 3504 4174 5452 6936 8328 9100 8800 8034 7156 6804 7018 
7200 7418 7316 6746 5784 5584 6610 8168 9932 10386 8588 6528 5878 7550 10410 12338 11656 8544 5766 5454 6616 8134 9906 9452 7756 5258 3084 2186 2778 3822 4774 5574 6062 6022 5344 4438 4130 4148 4080 3992 4194 4528 4986 5586 6276 6684 6800 6412 6172 6304 8304 10456 13102 7442 2088 282 -114 1324 2570 2896 2844 2624 2556 2748 3038 3252 3320 3214 3160 3164 3246 3346 3556 3988 4336 4464 4336 3996 3672 3540 3334 3100 2884 2806 2914 3122 3226 3320 3450 3544 3508 3320 3110 2832 2676 2648 2758 3116 4412 4428 
4454 4474 4490 4388 4376 4324 4234 4206 4222 4224 4202 4170 4208 4186 4184 4204 4234 4226 4204 4216 4194 4168 4174 4174 4150 4188 4162 4140 4140 4126 4100 4080 4086 4138 4162 4188 4226 4224 4258 4250 4276 4232 4262 4228 4228 4248 4236 4232 4262 4248 4234 4240 4234 4200 4254 4226 4226 4252 4220 4220 4200 4170 4212 4202 4130 4128 4192 4216 4206 4186 4200 4202 4130 4166 4136 4160 4188 4212 4196 4216 4230 4258 4220 4236 4186 4180 4200 4206 4204 4184 4178 4158 4126 4120 4106 4130 4130 4162 4142 4148 
4196 4180 4192 4182 4180 4188 4220 4204 4156 4180 4152 4210 4204 4186 4254 4212 4216 4198 4222 4224 4242 4234 4268 4284 4270 4214 4206 4250 4232 4266 4244 4244 4258 4228 4266 4288 4302 4340 4312 4312 4280 4266 4262 4294 4294 4318 4300 4306 4288 4296 4298 4276 4284 4238 4238 4214 4168 4210 4238 4216 4216 4254 4214 4236 4204 4120 4160 4136 4126 4120 3970 3754 3512 3222 2998 3052 3250 3636 3996 4244 4488 4700 4474 4004 3464 3174 3266 3364 3498 3504 3510 3510 3472 3882 4318 4680 5002 5010 5062 5428 
5240 4960 4854 4920 5030 4988 4900 4856 5026 5374 5612 5730 5618 5634 5770 6152 6802 7274 7346 7050 6672 6436 6526 6848 7336 7550 7560 7470 7564 7962 8498 8938 9234 9062 8674 8080 8242 8584 8968 9416 9490 9012 8238 7608 7070 6872 6940 7094 7016 6898 6580 6536 6366 6264 6156 6162 5974 5198 4310 3766 3166 3158 3458 3876 4288 4456 4362 4018 3712 3438 3402 3678 3650 3422 3484 3620 4240 4694 4880 4606 3786 2736 1838 1456 1182 952 726 316 124 -78 -430 -1228 -2268 -3446 -4036 -3672 -3618 -3374 -5536 -8360 
-10562 -10882 -9472 -7274 -5182 -3792 -3778 -4660 -5584 -5862 -5598 -5330 -5254 -5230 -5256 -5324 -5346 -5362 -5286 -5014 -4560 -3950 -3522 -3368 -3558 -3844 -4048 -3952 -3718 -3576 -3568 -3582 -3446 -3376 -3416 -3556 -3712 -3856 -3912 -3854 -3756 -3710 -3766 -3792 -3794 -3816 -3980 -4020 -3954 -3774 -3640 -3676 -3730 -3910 -4084 -4136 -4192 -4146 -4080 -4062 -4150 -4218 -4290 -4328 -4338 -4436 -4514 -4536 -4454 -4344 -4360 -4442 -4656 -4738 -4776 -4778 -4730 -4766 -4796 -4968 -5252 -5496 -5602 -5440 -5196 -5138 -5400 -5832 -6160 -6332 -6344 -6384 -6456 -6820 -7158 -7310 -7028 -6472 -5738 -5456 
-5448 -5724 -5990 -6394 -6464 -5852 -4708 -3408 -2296 -1560 -1030 -658 -292 -8 232 446 642 940 1208 1744 2436 3428 4514 5494 7310 8926 10308 10646 10368 10086 9846 10258 11086 12710 13888 14414 13796 12970 13366 14340 15636 16496 15906 13560 12688 10688 10524 11186 12494 13894 13906 13564 13182 12660 12246 12134 12508 13220 14584 13762 15836 17460 14498 7632 3964 3136 3200 3768 4574 4928 5272 6044 7144 8234 8750 8746 8382 7752 7040 6284 5850 5844 6304 7430 8166 8284 8220 8382 8724 9036 9164 8760 8486 8406 8216 8208 8110 7940 7714 7642 
8046 8478 8788 9114 9168 8986 8482 8124 7992 7966 7986 8092 8182 7912 7526 7020 6752 6634 6558 6412 6264 6034 6036 6018 5992 5952 5660 5104 4504 3958 3634 3594 3586 3702 3904 3852 3626 3284 2802 2422 1752 1246 1202 1490 1854 2238 2490 2488 2280 2066 1772 1556 1638 1914 2500 3016 3448 3642 3578 3502 3332 3070 2856 2718 2556 2492 2360 2460 2444 2350 2248 2046 1566 810 80 -652 -1256 -1806 -2112 -2182 -1992 -1874 -1834 -2602 -3530 -4314 -4708 -4862 -4600 -4172 -3774 -3282 -3670 -4882 -6430 -7518 -8266 -8460 -7994 -7322 
-7008 -7106 -7410 -7910 -8486 -9132 -9618 -9570 -8900 -8072 -7274 -6730 -6428 -6716 -7182 -7312 -6896 -5782 -4434 -3384 -2710 -2388 -2432 -2482 -2518 -2182 -1638 -888 -62 632 880 1040 1226 1578 2430 3448 4506 4846 4884 5012 5574 6458 7286 8314 9208 9956 10510 10830 10498 10246 10044 10574 11506 12744 13710 13958 13668 13964 14402 14610 14570 14212 13046 12310 13016 13878 14486 14444 13202 11322 10342 10130 10208 10634 11224 11642 11828 12158 12244 11850 12122 11916 12438 12428 8054 4626 3330 4138 5144 4968 4892 5358 6630 8236 9796 11064 11502 10926 9866 8762 
7826 7190 7052 7612 8620 9450 9868 9782 9650 9688 9992 10156 10068 9600 8676 7950 7618 7702 7886 8200 8270 8414 8418 8434 8470 8564 8646 8700 8004 7026 6726 6708 6822 6852 6784 6526 6192 5828 5642 5750 6072 6396 6438 5842 5074 4450 4212 4362 4458 4468 4206 4064 3900 4018 4224 4180 3734 3058 2514 2326 2492 2660 2762 2732 2700 2648 2636 2754 2480 1988 1682 1522 1674 1866 2048 2028 1846 1258 734 468 178 284 734 1236 1572 1584 1182 712 226 -188 -232 -302 -482 -886 -1262 -1372 -1232 -1064 -1208 -1470 
-1650 -1958 -2240 -2384 -2406 -2454 -2382 -2462 -2700 -3134 -3648 -4136 -4552 -4612 -4532 -4346 -4200 -3968 -3792 -3894 -4104 -4218 -4146 -4252 -4670 -5042 -5130 -4974 -4458 -4058 -3790 -3614 -3462 -3418 -3590 -3782 -3844 -4010 -4382 -4624 -4676 -4486 -4202 -3852 -3578 -3416 -3292 -3330 -3262 -2982 -2680 -2204 -1960 -1958 -2008 -1846 -1538 -1064 -688 -366 -486 -694 -750 -316 408 1440 2290 2638 2312 1770 1744 2348 3696 5310 6614 6930 6338 5814 5442 5612 6196 7072 8124 8340 7658 7062 6646 6394 6732 6896 6796 7128 8110 9218 9704 9508 8808 8904 8894 8260 
7688 7030 6230 5660 4984 5522 7306 9944 11194 10100 7594 4576 2492 2124 3606 5850 8316 9164 8276 6472 4950 4160 4892 6354 8056 9364 9162 7550 5568 3612 2522 1890 1530 1730 2668 3536 4152 4232 4012 3706 3472 3530 3510 3402 3480 3680 4190 4836 5572 6058 6442 6650 6722 6896 6080 4164 2650 1492 760 428 424 734 1328 1918 2366 2760 2976 3076 3100 3104 3050 3098 3180 3244 3286 3166 3020 2954 2890 2874 3014 3278 3548 3908 4238 4412 4382 4140 3718 3216 2680 2048 1344 800 502 436 800 3688 3674 3694 
3652 3646 3600 3638 3614 3652 3656 3670 3662 3626 3662 3620 3566 3590 3614 3672 3672 3726 3720 3736 3788 3790 3834 3806 3750 3754 3730 3676 3658 3614 3596 3624 3660 3694 3682 3722 3760 3774 3790 3762 3810 3756 3752 3664 3682 3660 3628 3686 3686 3676 3690 3730 3736 3746 3708 3734 3736 3690 3722 3746 3706 3740 3712 3726 3720 3706 3728 3742 3706 3750 3744 3758 3736 3728 3714 3702 3730 3710 3728 3710 3730 3728 3718 3780 3716 3728 3748 3720 3726 3744 3728 3728 3766 3790 3732 3752 3756 3708 3738 3722 
3706 3700 3714 3702 3688 3718 3728 3742 3742 3704 3710 3718 3774 3730 3732 3700 3708 3682 3704 3708 3742 3694 3732 3708 3698 3698 3696 3704 3704 3760 3706 3724 3740 3758 3738 3776 3754 3796 3808 3760 3772 3736 3718 3704 3712 3726 3736 3724 3738 3734 3742 3788 3822 3840 3758 3754 3756 3718 3756 3724 3746 3746 3738 3716 3744 3766 3762 3766 3802 3784 3768 3782 3794 3776 3762 3766 3752 3756 3762 3774 3784 3766 3766 3816 3824 3812 3794 3788 3826 3790 3830 3822 3826 3772 3808 3850 3796 3798 3774 3786 
3758 3754 3826 3754 3746 3728 3706 3726 3758 3738 3764 3728 3728 3744 3726 3728 3742 3798 3800 3812 3788 3804 3774 3798 3800 3788 3800 3766 3764 3700 3716 3724 3728 3716 3716 3716 3716 3698 3696 3686 3710 3704 3708 3736 3720 3686 3684 3678 3690 3648 3654 3696 3692 3686 3688 3728 3766 3764 3778 3772 3706 3706 3652 3514 3364 3176 2954 2868 2772 2786 2866 2818 2726 2732 2852 3106 3278 3168 2954 3154 3314 3332 3084 3008 2934 2970 3290 3570 3942 4264 4558 4756 4944 5162 5272 5316 5444 5536 5644 5754 
5880 6110 6390 6624 6574 6314 6212 6238 6544 6624 6708 6674 6712 6962 7426 7910 8210 8156 7732 7260 7066 7222 7676 8210 8200 7790 7160 6706 6652 6862 7438 7862 7804 7626 7428 7286 7256 7356 7494 7736 7804 7730 7526 7320 7130 6940 6744 6464 6152 5892 5762 5756 5638 5544 5404 5266 5288 4822 3966 3224 2858 2668 2736 2970 3030 2604 1972 1466 1294 1414 1534 1532 1598 1614 1504 1356 1066 736 650 842 1088 1492 1898 1900 1390 444 -126 -390 -466 -230 102 620 784 786 852 374 -180 -636 -908 -1138 
-1016 -1178 -1584 -2016 -2364 -2670 -2718 -2540 -2422 -2806 -3272 -3636 -3946 -4304 -4508 -4178 -3444 -3196 -3246 -3312 -3298 -3182 -3230 -3380 -3346 -3888 -4230 -3776 -2698 -1510 -700 -392 -216 -292 -492 -870 -1214 -1352 -1534 -1956 -2226 -2572 -2984 -3620 -4332 -4720 -4646 -4344 -4030 -3722 -3298 -2958 -3220 -3666 -3972 -3968 -3716 -3458 -3192 -2806 -2592 -2686 -2934 -3594 -4336 -4996 -5328 -5518 -5394 -4896 -4408 -4126 -4106 -4334 -4410 -4300 -3556 -2158 -856 84 660 1000 1522 2452 3654 4654 4914 4244 3084 2522 2624 3512 4514 4778 4352 4110 4644 5528 6774 7616 
8262 8500 8544 9498 9594 9162 8634 8348 8200 8458 8992 9888 10522 10976 9838 9098 8792 9304 10110 10222 9476 8274 7574 7418 8164 8750 8496 7580 6582 6060 6598 7578 7988 7552 6860 6092 5542 5756 6732 7702 7750 6774 5814 5416 5806 6584 7328 7796 7858 7726 7464 6978 6874 6818 6732 6362 6064 5924 5958 5962 6132 6416 6392 6270 6100 5686 5840 5016 3276 1956 2134 2508 2616 2230 1754 1352 1252 1440 1848 2156 2404 2596 2922 3526 3856 4030 4212 4638 4998 5306 5224 4886 4804 4932 5276 5704 5868 5748 5602 5550 
5766 6392 7156 7768 8174 8074 7600 7438 7688 8294 9012 9268 8988 8538 8184 7836 7986 8214 8424 8532 8362 7884 7642 7352 7370 7620 7648 7556 7368 7148 7004 6804 6784 6852 7020 7004 7104 7060 6878 6576 6452 6234 6082 6232 6676 7348 7808 7940 7842 7806 7662 7566 7794 8330 8586 8334 7594 6888 6564 6854 7286 7676 7894 7514 6880 6390 6222 6244 6226 5998 5774 5554 5690 5888 6232 5930 5010 4334 3876 3618 3272 3218 3476 3664 3558 3334 3278 3158 3166 3422 3526 3480 3090 2538 1884 1412 1360 1296 966 554 
-186 -948 -1786 -2188 -1608 -2140 -2028 -2014 -2212 -2282 -2438 -2558 -2742 -2742 -2900 -3156 -3764 -4290 -4778 -4772 -4454 -3984 -3748 -3402 -3332 -3604 -3986 -4418 -4360 -3774 -3178 -2784 -2594 -2778 -2966 -3150 -3302 -3368 -2880 -2302 -2048 -2320 -2856 -3134 -3168 -3174 -3312 -3418 -3552 -3534 -3344 -3340 -3492 -3714 -3718 -3650 -3636 -4220 -4808 -5328 -5362 -5028 -4548 -3916 -3432 -3072 -2780 -2374 -2054 -1522 -620 750 2176 3280 3854 4106 4354 4744 5416 6156 6630 6514 5864 5360 5952 7764 9752 10944 10826 9384 8052 7488 8106 9328 10172 10080 9282 8736 8690 8990 
9404 9394 9068 9380 10004 9002 7700 6404 5494 5518 6708 8378 9572 9914 8446 6438 4574 2872 2266 3478 5696 8130 9328 9146 8250 6358 4936 4946 6512 8846 10924 11934 11474 10010 7384 6082 5882 5942 6220 6620 6792 6828 6238 5470 5110 5394 5866 6190 6226 5874 4908 3744 2210 1910 1986 1416 780 638 286 -290 -636 -952 -1024 -680 484 1728 2832 3298 3278 3334 3454 3630 4070 4280 4162 4060 4280 4868 5632 6432 6880 7004 6922 6708 6770 7136 7962 8628 8814 8468 7970 7902 8380 8806 9156 9196 8828 8410 8192 8312 
8948 9580 9866 9972 9336 8716 8376 8340 8894 9370 9734 9656 9086 8362 8014 8086 8598 9174 9510 9256 8730 8200 7866 7628 7458 7246 6922 6726 6540 6502 6118 5618 5082 5124 5494 5812 6334 6940 7524 7436 6674 5392 4112 3408 3580 4316 5034 5364 5182 4674 4238 3774 3624 3782 3912 3754 3078 2230 1512 1192 1642 2040 2508 2638 2064 1448 914 426 88 42 112 326 856 1300 1192 608 -304 -896 -1470 -2166 -2452 -2660 -2578 -2352 -2002 -1760 -1932 -2498 -3420 -4224 -4254 -3666 -2944 -2144 -1288 -824 4106 4124 4152 4192 
4184 4208 4246 4298 4242 4240 4238 4244 4214 4198 4212 4192 4190 4232 4226 4244 4214 4206 4174 4148 4136 4186 4214 4240 4244 4232 4218 4216 4192 4174 4188 4152 4106 4070 4056 4030 4086 4104 4104 4138 4136 4154 4104 4128 4066 4094 4066 4074 4060 4092 4056 4082 4098 4078 4022 3968 3964 3922 3934 3930 3914 3924 3960 4002 4046 4018 3898 3868 3786 3468 3164 3042 2976 3134 3242 3336 3636 4020 4272 4242 4054 3872 3838 4128 4320 4392 4158 3710 3174 2728 2476 2478 2658 3512 4448 5406 6088 6288 6370 6274 
6244 6508 7008 7192 6988 6654 6290 5956 5860 5884 5838 5844 5696 5546 5398 5380 5406 5482 5154 4696 4406 4450 4792 5154 5256 4962 4266 3652 3160 3014 2978 3266 3578 3964 4410 4938 5514 6102 6588 6958 7210 7520 7860 8194 8290 8128 7846 7360 6842 6412 6226 6072 5732 5260 5054 5214 5504 5898 6100 5916 5376 4930 4420 3736 3238 2794 2456 2162 2010 1860 2080 2214 2138 2056 1788 1664 1716 1648 1420 1146 918 866 1080 1408 1544 1680 1260 114 -774 -1344 -1216 -836 -254 -10 -262 -952 -1770 -1900 -2638 -2602 
-2672 -2804 -3462 -4412 -5212 -5480 -5014 -4168 -3602 -3904 -4922 -5922 -6292 -5896 -5470 -5322 -5358 -5490 -5860 -6012 -5888 -5388 -4696 -4230 -4274 -4768 -4940 -4656 -4368 -4032 -4074 -4380 -4788 -5054 -5120 -4844 -4440 -4108 -3828 -3802 -4030 -4428 -4566 -4544 -4630 -4842 -4944 -5228 -5374 -4986 -4324 -3554 -3042 -3114 -3534 -4258 -4626 -4340 -3550 -2756 -2120 -1664 -1352 -1198 -1172 -1144 -1304 -1470 -1552 -1620 -1758 -1546 -940 6 906 1560 1700 1534 1378 1644 2182 2684 2988 3024 3012 3234 3998 4892 5552 5482 5044 4534 4624 5556 6960 8500 9476 9286 8036 6908 
7012 8950 11744 14206 14438 12050 8866 6336 5144 5258 5918 6494 6768 6406 6568 6976 6698 5914 5240 5654 5366 5914 6902 8254 8504 7444 6062 5152 5518 6226 7334 8774 10060 10688 10592 9530 8244 7148 6666 5466 4690 2736 2060 3322 5634 7550 8330 7552 5050 2174 -558 -2434 -2732 -1520 296 1992 2996 3426 3552 3676 4144 4888 5630 6008 6098 5978 5822 5632 5704 6120 6650 6994 6794 6342 5814 5500 5366 5026 4690 4654 5088 5916 6816 7380 7410 7042 6648 6340 6592 7026 7386 7388 7324 7208 7062 7482 7944 8198 8168 8172 
8476 8764 8974 9384 9896 9840 9406 8896 8492 8178 8090 8532 9166 10148 10936 10900 10432 9996 9710 9538 9526 9182 8654 8120 7352 6438 5680 5052 4838 5014 5052 4910 4644 4254 3842 3682 3690 3290 2046 822 492 742 1250 1688 1406 804 186 -456 -720 -948 -1300 -1418 -1378 -1004 -646 -682 -1300 -2060 -2312 -2464 -2618 -3100 -3386 -3308 -3028 -2700 -2588 -3052 -3544 -4134 -4596 -4872 -4970 -4914 -4646 -4552 -4446 -4404 -4234 -4006 -4134 -4152 -4090 -3830 -3280 -2880 -2886 -2970 -3128 -3352 -3384 -3268 -3044 -3038 -3292 -3668 -4372 -4972 -5360 -5408 
-5246 -5084 -4972 -4734 -4486 -4306 -4010 -3694 -3692 -3782 -4094 -4610 -5032 -5012 -4510 -3694 -2900 -2176 -1636 -1400 -1426 -1510 -1608 -1624 -1480 -1154 -640 32 846 1588 2086 2494 3064 3918 4882 5530 6056 5944 5756 5838 6940 8606 9922 10354 9732 8928 8430 8912 10072 10902 11240 10990 10094 9230 8910 9256 10674 11560 11572 10674 9234 7952 7166 7730 8716 10138 10960 10724 9642 8416 7240 6614 7116 8008 8758 8800 8114 7386 6636 6450 7096 7530 7718 7826 7742 7900 8032 7984 7512 6878 6202 5864 5796 5782 5900 6148 6318 6302 6226 5584 
5070 4668 4452 4286 4422 4898 5410 5898 4664 2690 822 352 650 1176 1732 1976 2134 2564 3194 3838 4490 4902 4898 4818 4804 4888 5082 5284 5468 5548 5482 5382 5330 5398 5618 6032 6444 6460 6230 6040 6088 6214 6286 6392 6586 6748 6668 6598 6804 6808 6746 6914 7200 7532 7590 7460 7242 6990 6706 6602 6782 7226 7406 7190 6782 6730 6956 7616 8602 9460 10248 10562 10580 10618 10520 10480 10138 9704 9494 9096 8470 8046 7994 7994 8198 8300 8022 7254 6430 6030 6104 6142 6132 6050 5892 5648 5354 4536 3678 2988 
2680 2692 2748 2700 2158 1442 958 808 1280 1942 2492 2738 2540 2436 2346 1974 1556 1062 852 906 732 434 388 470 336 -194 -630 -842 -1008 -884 -1192 -1664 -2304 -2748 -2942 -3228 -3640 -4080 -4124 -4056 -3676 -3276 -3276 -3308 -3400 -4044 -4282 -4568 -4256 -3596 -3404 -3868 -4528 -3904 -2592 -1628 -1748 -2408 -3250 -4210 -4778 -4676 -4158 -3668 -3416 -3260 -2920 -2332 -1720 -1494 -1790 -2420 -3158 -3658 -3782 -3360 -2734 -2108 -1382 -810 -604 -760 -1372 -1874 -2264 -2182 -1796 -1076 -300 528 1104 1164 728 66 -506 -608 -484 -548 -722 -832 
-352 364 980 876 72 -530 -366 826 2580 4098 4356 4348 4274 5006 6312 7328 8374 9018 9004 8580 8102 7478 7226 7718 8194 7708 7304 7164 7552 8448 10046 10870 9944 8018 7676 8772 10040 11800 13010 12498 10536 7924 6142 6502 7378 8894 10330 10258 9112 6956 5506 5290 6236 7502 8072 8264 8178 7084 5756 4734 3950 3456 3380 3602 4322 5228 6136 6808 7148 7198 6530 6538 6750 4976 2298 1482 1246 1504 1798 2036 2446 2950 3474 3794 4062 4268 4240 4134 4042 3948 3896 3844 3850 3926 3946 3794 3590 3498 3582 3716 
3902 4014 3956 3814 3710 3560 3596 3732 4070 4220 4192 3968 3872 3790 3966 4432 4518 4414 4548 4716 4692 4446 4088 3596 3018 2348 2090 2534 3138 3446 3482 3946 4714 5810 6636 6902 6826 6370 5600 5114 5162 5188 4574 5244 6270 6430 6186 6038 5930 5484 5658 5876 6194 6768 6568 6046 5970 6600 6888 6778 6290 5766 4938 4254 2758 1684 2534 3712 5274 5786 6580 6030 7362 7888 7934 7242 6666 6660 6784 6410 5760 5042 4524 4428 4472 4220 3642 3102 2760 2582 2832 3290 3626 4240 4264 3896 3902 3964 3996 4040 
4064 4076 4114 4148 4174 4164 4154 4184 4176 4230 4186 4176 4196 4152 4140 4050 3980 3964 3936 3898 3936 3900 3918 3954 3956 4006 3942 3940 3918 3904 3934 3918 3914 3910 3974 3970 3982 4002 4024 4036 4010 4008 3992 3994 4004 4012 3996 4042 4048 4032 4002 4050 4054 4072 4024 4000 3944 3906 3872 3768 3644 3496 3322 3322 3356 3422 3380 3532 3716 3800 3930 3940 3914 3838 3796 3744 3788 3844 4078 4360 4686 5258 5644 5696 5484 5086 4808 4764 4784 4934 5224 5336 5482 5598 5714 6018 6300 6656 6838 6892 
6964 6966 7246 7614 7820 7746 7390 6892 6608 6510 6604 6736 6630 6460 6238 6078 6168 6512 6784 6530 5942 5374 5064 5246 5614 5822 5766 5600 5246 5008 4796 4842 4940 5110 5370 5518 5310 5138 5028 4976 4818 4470 4172 3844 3644 3484 3556 3760 3812 3606 3202 2938 2950 2706 2698 2630 2658 2780 3014 3158 3336 3388 3066 2444 1798 1314 946 816 972 1268 1396 1188 642 -4 -480 -834 -814 -892 -1156 -1796 -2398 -2602 -2858 -2754 -4054 -4484 -4724 -4702 -4440 -4052 -4002 -4278 -4552 -4702 -4560 -4262 -3860 -3804 -3940 -4128 
-4242 -4188 -4324 -4724 -5002 -5096 -4816 -4422 -3844 -3468 -3232 -3412 -3718 -4056 -4278 -4400 -4494 -4466 -4560 -4608 -4502 -4218 -4080 -4018 -4016 -3806 -3516 -3254 -2898 -2466 -1952 -1430 -878 -578 -584 -978 -1430 -1686 -1362 -492 440 1310 2052 2544 2676 2526 2556 2724 2946 3268 3850 4454 4746 5768 6964 8630 10006 10472 9302 7640 7470 8376 9688 10578 10218 9342 7844 7716 9780 12152 13372 12906 11694 11340 12126 12926 13866 13284 11194 9444 8216 7830 7998 7902 7770 7166 6114 5440 5164 5858 6428 6632 6658 6554 6252 5824 5324 5024 5190 5606 
6046 6304 6578 6830 7790 8996 7212 4654 2726 2190 2002 2052 1976 1698 2020 2830 3684 4332 4852 5204 5580 5902 6178 6312 6526 6932 7284 7748 8100 8410 8628 9018 9428 9752 9806 9520 9264 9146 9342 9616 9724 9974 9984 10026 10078 10210 10410 10408 10424 10234 9614 9078 8606 8782 9122 9394 9786 9996 10014 9728 9390 9070 8810 8718 8836 9222 9290 9176 8660 7802 7218 6786 6016 5664 5578 5554 5628 5688 5274 4822 4444 3856 3516 3224 2968 2758 2448 2096 2040 2048 1762 1572 1136 1068 976 746 432 36 -328 -534 
-768 -1100 -1154 -1404 -1606 -1486 -1334 -1204 -810 -940 -984 -1296 -1544 -1784 -1776 -1702 -1648 -1706 -1510 -898 -658 -678 -1004 -1602 -1900 -1802 -1616 -1096 -906 -1052 -1084 -1148 -1356 -1442 -1500 -1466 -1514 -1804 -1880 -1828 -1576 -1410 -1334 -1550 -1630 -1632 -1544 -1324 -1152 -1176 -1182 -1264 -1654 -1966 -2292 -2414 -2642 -2984 -3152 -2998 -2904 -3022 -3372 -3308 -3002 -3072 -3284 -3198 -2864 -2644 -2342 -2026 -2244 -2720 -2942 -2932 -2738 -2238 -1602 -922 -590 -868 -958 -784 -256 384 1230 2212 2778 3114 3504 4102 4734 5246 5266 4922 4242 4106 5580 7690 
9684 10644 10194 9000 8132 7956 9344 10708 11520 10704 9120 7510 7184 8524 11312 13840 14516 13216 10740 8432 7310 8000 9142 9584 9390 8658 7832 7020 6724 7304 7940 8420 8598 8526 8240 7178 5884 4732 3982 4110 5590 7276 8260 8402 8386 8230 7298 5986 4866 4446 4358 4518 4990 5844 4568 1904 -1226 -3434 -3854 -2558 -722 1180 2468 2846 2462 1946 1996 2550 3418 4420 5068 5440 5370 5282 5198 5262 5432 5622 5758 5580 5378 5250 5494 6258 7290 7746 7520 6798 6400 6646 7200 7720 8164 8222 7852 7690 7810 8026 8262 8268 
8148 7888 7354 7030 7164 7682 8284 8636 8278 7232 6618 6574 7040 7760 8212 8000 7478 6858 6514 6802 7048 7604 8036 8100 7536 6948 6296 6616 7410 8468 9074 9170 8428 7730 7542 7886 8434 8708 8122 7188 6372 5892 5590 5420 5216 5016 4688 4158 3974 3644 3148 2526 2120 1744 1880 1896 1752 1330 672 478 566 568 788 314 -692 -1742 -2244 -2328 -2282 -2160 -2102 -2060 -2316 -2114 -1552 -1158 -1186 -1610 -2394 -3312 -3886 -4150 -4186 -3910 -3412 -3066 -3240 -3768 -4220 -3938 -3758 -3748 -3758 -3586 -3290 -3124 -3038 -3220 -3372 -3496 
-3372 -3254 -2934 -2562 -2486 -2536 -2618 -2444 -2206 -1950 -1926 -2216 -2368 -1990 -1420 -782 -340 50 420 510 -66 -702 -1140 -1488 -1584 -1028 -174 510 694 404 136 -170 -122 290 922 1688 2114 2302 1952 1644 1460 1132 1056 1154 1674 2088 2792 3540 4202 4734 6114 7786 9444 10342 9206 7214 6466 6780 7450 8200 8204 7412 7948 9088 9788 10596 10894 9978 8804 8550 8146 7876 9046 10054 9518 7910 6782 6356 6706 7942 9618 10250 8510 6402 5628 4964 4486 4386 4738 5556 6268 6868 7372 7778 7930 7768 7246 6462 5924 5644 
5452 5242 5218 5320 5292 4980 3858 2510 786 -464 -654 -174 578 1304 1930 2404 2622 2730 2930 3162 3352 3516 3644 3692 3514 3286 3040 2936 2872 2834 2806 2732 2744 2650 2718 2716 2838 3016 3134 3366 3620 3894 4164 4302 4244 4186 4058 4026 4026 4076 4052 4134 4232 4320 4328 4274 4176 4178 4196 4216 4290 4404 4436 3674 2492 1118 624 610 696 930 1340 1942 2568 3118 3554 3910 4114 4246 4258 4222 4228 4196 4184 4122 4096 4038 4084 4058 4000 3942 3858 3802 3660 3402 3192 3124 3232 3410 3600 3726 
3704 3664 3542 3446 3338 3258 3250 3284 3370 3560 3800 4040 4190 4328 4434 4656 4678 4594 4498 4484 4890 5216 5314 5174 4720 4376 3988 3652 3254 3028 2782 2866 2998 3192 3634 3986 4072 4066 4358 4408 4430 4284 4146 4018 4056 4154 4318 4438 4636 4704 4734 4750 4676 4536 4318 4148 4116 4104 4164 4194 4286 4456 4522 4552 4548 4508 4458 4422 4382 4352 4384 4458 4582 4682 4716 4668 4656 4620 4576 4568 4516 4494 4498 4562 4618 4646 4600 4516 4278 4182 4114 4086 4100 4140 4004 3938 3836 3808 3772 3786 
3828 3856 3908 3952 4024 4098 4132 4074 3992 3942 3970 4030 4170 4328 4526 4660 4716 4716 4624 4536 4478 4396 4330 4320 4292 4266 4212 4214 4244 4308 4340 4408 4494 4528 4538 4534 4462 4406 4330 4292 4364 4366 4404 4402 4430 4368 4370 4382 4338 4356 4356 4338 4310 4294 4272 4294 4284 4230 4246 4232 4284 4228 4238 4212 4212 4232 4228 4222 4228 4230 4238 4222 4254 4256 4204 4210 4156 4152 4164 4162 4134 4152 4136 4122 4092 4136 4124 4144 4156 4170 4180 4144 4216 4186 4210 4210 4190 4196 4220 4218 
4216 4214 4180 4174 4140 4190 4162 4146 4202 4194 4242 4238 4250 4276 4298 4306 4310 4312 4304 4276 4264 4268 4236 4228 4238 4250 4204 4282 4276 4264 4306 4292 4298 4306 4280 4286 4276 4238 4254 4236 4222 4240 4262 4220 4216 4238 4258 4252 4278 4276 4254 4304 4246 4280 4290 4310 4258 4264 4250 4286 4254 4230 4230 4242 4232 4240 4218 4270 4284 4238 4298 4268 4308 4316 4280 4348 4310 4328 4312 4364 4316 4298 4214 4236 4216 4218 4212 4206 4204 4208 4204 4200 4166 4186 4144 4180 4204 4170 4156 4164 
4204 4234 4216 4240 4214 4216 4226 4186 4174 4220 4202 4146 4182 4168 4148 4168 4160 4192 4244 4244 4222 4258 4238 4262 4228 4218 4222 4210 4142 4180 4182 4190 4170 4156 4138 4188 4168 4218 4186 4158 4218 4218 4190 4160 4140 4094 4068 4052 3966 3958 3970 4030 3954 3648 3308 3088 2920 3032 3368 3578 3622 3598 3746 3964 4098 4144 4072 4082 4214 4428 4518 4404 4388 4264 4290 4586 4776 4866 5060 5582 6068 6462 6602 6542 6276 6328 6572 7086 7576 7682 7292 6912 6990 7362 8122 8668 8418 7864 7516 7164 
7188 7490 8156 8680 8444 7770 7320 7246 7564 8104 8458 8200 7670 7158 6794 6780 6796 6912 7194 7462 7462 7100 6486 5916 6034 6362 6786 7242 7324 6802 5904 5280 4938 4930 4996 5016 4628 4058 3614 3368 3260 2798 2306 1680 908 474 192 370 670 446 -76 -972 -2072 -2820 -3560 -4040 -4346 -4450 -4306 -4186 -4290 -4734 -5112 -5180 -5572 -6204 -6590 -6924 -6988 -6998 -7270 -7582 -7664 -7394 -6972 -7052 -7628 -8352 -8464 -7740 -6782 -5908 -5268 -4998 -4738 -4284 -4312 -4324 -4774 -5168 -5314 -5096 -4444 -3670 -3096 -2646 -2386 -2018 -1624 -1226 
-1196 -1268 -1538 -1616 -1340 -810 -60 640 1016 1174 1104 1410 1914 2820 3870 4708 5090 5188 4770 4476 4510 4976 5924 7016 7516 7394 6646 5908 6008 7326 9012 9908 9444 8790 8494 8870 9346 9558 9068 8428 7796 8672 9846 11028 11884 10960 8516 6806 6060 6140 7052 8184 8520 8042 6932 5998 5098 4648 4928 5542 6910 8168 8892 8264 7176 5820 4946 4756 4770 4988 5580 6338 7118 7736 9748 8402 3930 -834 -1066 -828 -182 1058 1754 1498 1560 2532 3758 4730 5232 5654 6166 6942 7678 7760 7434 6700 5920 5468 5302 5292 
5284 5346 5478 5488 5542 6092 6892 7748 8240 8188 7732 7212 6882 6850 7316 7926 8196 8122 8068 8168 8388 8452 8800 9058 9076 8968 8740 8436 8256 8362 8152 7764 7460 7418 7798 8278 8756 8804 8452 7942 7534 7256 6964 6872 7004 7220 7154 6752 6138 5548 5092 4972 4964 4938 4656 4298 3858 3310 2964 2522 2224 1624 1180 948 960 1090 1416 1482 1192 690 400 260 634 1142 1456 1240 702 -386 -1158 -526 -1970 -2080 -2622 -2940 -3142 -3434 -3586 -3598 -3564 -3388 -3290 -3356 -3694 -4074 -4196 -4270 -4524 -4956 -5428 -5976 
-6728 -6976 -6724 -6072 -5444 -4774 -3990 -3334 -3022 -3114 -3548 -3860 -3946 -3786 -3608 -3450 -3334 -3166 -2996 -2688 -2180 -1772 -1352 -1046 -760 -502 -282 -10 408 632 596 820 1160 1678 2196 2442 2522 2748 3348 4170 4768 5300 5318 4764 4164 3664 3940 4766 6000 6776 6652 6142 6028 6480 7696 9010 9624 9064 8130 7540 7810 9634 11904 12864 11664 8518 6488 6098 7946 11194 12706 12418 10206 8886 8674 8666 8640 8444 7978 7882 7642 7570 7572 7300 7558 7660 7526 7320 6812 6370 6200 6160 6374 7112 7698 8260 8712 8816 7676 7730 
7754 5480 1674 -250 -906 -156 594 650 900 1514 2104 2854 3686 4064 4162 4364 4644 5092 5434 5610 5338 4844 4684 5088 5780 6434 6608 6746 6996 7506 8096 8502 8494 8012 7680 7446 7532 7948 8124 8016 7874 7560 7434 7504 7716 8146 8594 8738 8520 8274 7992 8066 8178 8150 8232 8034 7880 7866 8246 8310 8400 8206 8032 7952 8092 7930 7518 7146 6738 6486 5968 5688 5496 5238 4846 4402 4244 4316 4518 4934 5568 6050 6226 6016 5338 4408 3696 3184 3036 3082 3640 4012 3998 3382 3018 3102 3348 3666 3486 3178 
2454 1890 1514 1632 2104 2352 2212 1434 986 548 484 780 1250 1350 1208 610 -510 -360 -2534 -3238 -3802 -3968 -3680 -3134 -2614 -2424 -2640 -2756 -3202 -3652 -4220 -4596 -4450 -4128 -3688 -3248 -2936 -2622 -2514 -2654 -2852 -2988 -3014 -3040 -3128 -3194 -3142 -3060 -2984 -2916 -2666 -2220 -1676 -1564 -1528 -1644 -1986 -2360 -2264 -1782 -1100 -498 -96 54 -126 -630 -994 -1158 -1172 -980 -472 22 544 888 1002 1126 1116 966 964 1184 1698 2230 2492 3040 3848 5078 6092 6472 6294 6512 6762 7236 7888 8298 8476 8152 7692 7564 7534 7966 
8734 10246 12024 12422 12226 11498 10110 8938 8380 9118 10348 11634 12020 11078 9036 6834 6032 6826 8810 10316 10244 9076 7332 5938 5794 6188 7438 8176 8444 8118 7716 7296 6914 6842 7192 7172 6730 5922 5588 6354 7580 9606 10088 11676 10034 4516 -1112 -2106 -1980 -1444 -116 322 594 700 1206 1970 3108 3986 4546 4846 5038 5188 5410 5542 5450 5180 4792 4504 4132 3778 3458 3148 3000 2768 2690 2672 2690 2776 2894 2964 2960 2908 2810 2924 3138 3298 3518 3658 3688 3652 3690 3722 3760 4076 4090 4068 4030 4090 4064 4066 
4058 4026 4118 4144 4154 4162 4106 4096 4106 4076 4136 4110 4168 4102 4106 4106 4118 4112 4120 4116 4102 4064 4056 4062 4018 4012 4002 4004 3970 3970 3940 3936 3956 3918 3958 3948 3942 3952 3936 3904 3954 3954 3948 3918 3864 3932 3928 3970 3930 3940 3976 3974 4000 4022 4016 3920 4018 4006 3988 3962 3954 3950 3910 3904 3852 3848 3924 3932 3896 3704 3426 2880 2464 2550 2766 3094 3474 3914 4408 4694 4718 4434 4066 4036 4366 4734 4938 4918 4834 4906 5120 5396 5416 5134 4958 4732 5004 5720 6360 6456 
6086 5700 5526 5652 6046 6402 6588 6474 6244 6028 5762 5862 5904 5800 5736 5642 5416 5148 5260 5594 5976 6190 6074 5408 4656 4372 4676 5154 5268 5034 4500 4400 4704 5240 5672 6064 6132 5832 5440 4984 4836 4770 4566 4338 3948 3564 3334 3040 2792 2684 2504 2356 2044 1374 470 -34 -200 44 190 146 -450 -1870 -3172 -4432 -4628 -4144 -3154 -2826 -4036 -5242 -5846 -5898 -5716 -5454 -5084 -5100 -5862 -6614 -7158 -7210 -7134 -7094 -6938 -6708 -6566 -6414 -6266 -6002 -5786 -5924 -6496 -6860 -7122 -7054 -6542 -6080 -6204 -6014 -5850 -6266 
-6892 -7382 -7156 -6822 -6438 -6148 -6180 -6426 -6374 -5896 -5128 -4390 -3870 -4036 -4176 -4026 -3914 -3638 -3214 -2368 -1626 -1072 -760 -426 -442 -740 -1098 -786 -136 162 820 1740 2658 3278 3272 2870 2836 3516 4472 5258 5674 5484 5024 4856 5756 7380 8954 9354 8206 6512 5894 6096 7072 8618 9750 9640 9274 8280 7876 8086 8456 9804 10716 10638 9236 7184 5768 5370 6456 8106 9484 9506 8216 6032 4354 3312 3436 5190 7582 9160 9444 8738 7576 6680 5978 5634 5772 6472 7250 7862 7998 7360 6702 5560 2710 546 -594 -456 438 1440 
2206 2764 3046 2992 3034 3168 3604 4372 5406 6330 6758 6858 6976 7144 7292 7372 7428 7478 7508 7808 8234 8576 8890 9100 9052 9150 9516 9996 10332 10156 9780 9380 9324 9748 10182 10478 10390 9908 9220 8726 8580 8864 8940 8948 8258 7524 7206 7336 7896 8522 8574 8068 7270 6642 6388 6214 6068 5996 5320 4760 4260 3640 3434 3698 3924 3818 3742 3582 3678 3712 3634 3492 3262 3044 2662 2224 1752 1294 1016 682 442 260 226 96 -14 -538 -1216 -1604 -2696 -2948 -3058 -3012 -2972 -3032 -3346 -3708 -3964 -4100 -4036 -3770 
-3516 -3520 -3516 -3724 -3634 -3990 -4128 -3994 -3496 -2742 -2246 -2332 -2452 -2514 -2956 -3496 -3756 -4002 -4418 -4774 -4720 -4594 -4776 -4600 -4538 -4552 -4530 -4160 -3632 -2868 -2104 -1292 -800 -1334 -1874 -2046 -2052 -1958 -1668 -1156 -724 -186 416 594 488 178 104 584 1198 1694 1850 1548 1208 1152 1560 1794 2406 3084 3672 3832 3522 3744 5134 6908 8246 8206 6924 5510 4854 5794 7570 9614 10640 10516 9896 9854 10624 11358 11352 10320 9048 8198 8092 8458 8392 7568 6602 5708 5686 5544 5560 5726 5934 5838 5472 5226 5890 6804 7382 7064 
6032 5512 5174 4682 4130 3756 4050 4652 5090 5968 6934 7540 7584 7296 6584 5772 5548 3286 1566 1074 1742 2704 2630 1802 1298 1392 1976 2882 3450 3982 4432 4816 5134 5122 4992 5090 5592 6400 6846 7100 7388 7262 6638 6088 5732 5478 5822 6352 6762 6780 6826 7052 7442 7714 7986 8234 8254 8224 8070 7880 7992 8098 8332 8396 8178 7766 7314 7260 7816 8288 8574 8512 8074 7594 6940 6514 6892 7718 8660 8862 8428 7482 6382 5806 5900 6342 6660 6876 6538 5672 5218 5024 5102 5320 5032 4660 4030 3412 3298 3484 
4292 4924 4744 4772 4398 3616 2852 2466 2116 1734 1478 1278 1264 1202 622 234 -220 -1034 -2142 -2788 -3416 -3442 -3668 -3704 -3324 -3400 -3372 -2768 -1882 -1324 -1412 -1916 -2302 -2828 -3598 -4112 -4094 -3480 -2804 -2358 -2726 -3066 -3156 -2938 -3422 -3982 -4486 -4450 -4002 -3310 -2636 -2198 -1974 -1968 -3182 -4418 -5014 -5070 -5064 -4830 -4410 -3608 -2562 -2126 -2878 -4032 -5006 -5730 -5880 -5358 -4252 -2858 -1400 -116 910 1310 924 -66 -860 -1228 -1266 -1330 -1340 -838 -16 1500 3092 4430 4798 4286 3486 3812 5282 6868 7624 7508 6480 5606 5744 6962 
8254 8740 8710 7902 7204 7550 8438 9880 10890 9950 8388 6770 7004 8746 10728 11140 10020 8390 6008 5222 6298 8014 8986 8998 8832 8104 6496 6134 6084 5746 5718 6160 6910 7190 7112 7042 6700 6216 5764 5474 5350 5510 5930 6288 6690 6734 7258 8272 6100 1528 -840 -788 -138 130 -116 -470 -646 -340 -170 180 826 1364 1758 2160 2648 3080 3308 3282 3300 3424 3582 3714 3716 3430 2922 2504 2070 1910 1910 2072 2292 2424 2506 2564 2636 2654 2678 2864 2966 3020 3024 3148 3272 3358 3446 3392 3272 3186 3232 3392 
3478 3456 3288 3130 2892 2628 2628 2888 3414 3848 3994 3802 3364 2760 2364 2234 2296 2588 3018 3378 3634 3660 3518 3340 3152 2996 2992 3036 3178 3172 3176 3094 2948 2852 2838 2944 3038 3136 3258 3266 3248 3018 2890 2800 2702 2680 2662 2652 2624 2704 2796 2898 3096 3284 3350 3270 3152 3006 2984 3070 3070 3024 3020 3020 2922 2790 2752 2774 2966 3178 3438 3498 3484 3438 3464 3416 3330 3220 3104 2910 2788 2690 2752 2870 2924 3036 3094 3112 3048 2980 2936 2886 2906 2944 3012 3052 3074 3074 3052 3062 
3048 3152 3124 3138 3238 3348 3182 3076 2968 2914 2942 3026 3124 3086 3150 3210 3248 3246 3226 3198 3082 3022 3004 3048 3080 3220 3298 3322 3256 3148 3056 3084 3200 3292 3268 3224 3216 3116 3046 3126 3198 3190 3190 3100 2920 2860 2906 3028 3180 3296 3280 3308 3244 3240 3204 3150 3048 2986 2960 2966 3094 3226 3270 3222 3162 3136 3090 3016 3086 3138 3162 3116 3052 3010 3096 3216 3318 3376 3344 3290 3248 3248 3304 3256 3188 3116 3056 3066 3180 3278 3376 3360 4034 4084 4104 4122 4078 4126 4068 4078 
4052 4006 3986 3974 3976 3972 4008 3954 3978 4000 3978 3946 3962 3966 3952 3890 3846 3876 3834 3836 3784 3786 3820 3886 3960 4162 4194 4250 4284 4294 4316 4374 4330 4290 4210 4122 4078 4076 4086 4108 4188 4168 4220 4276 4266 4268 4224 4244 4194 4218 4232 4250 4300 4262 4290 4308 4292 4288 4296 4300 4302 4332 4326 4306 4270 4238 4234 4246 4250 4266 4282 4256 4220 4236 4176 4196 4210 4196 4212 4124 4066 3932 3912 3808 3656 3252 2994 2526 2114 2242 2590 2724 2680 2472 2270 2024 1978 2236 2596 2914 
3042 3392 3806 4328 4764 4998 5316 5668 6024 6198 6246 6312 6368 6386 6708 6840 6670 6496 6388 6230 6180 6358 6558 6820 6978 7016 7000 7070 7188 7200 7080 7170 7352 7348 7290 6932 6454 6194 6126 5974 5702 5468 5280 5088 5138 5324 5518 5718 6026 6134 6140 6048 6040 6348 6970 7434 7732 7916 8088 8316 8424 8478 8328 8124 7888 7796 7592 7216 6706 5966 4976 3882 2854 2018 1572 1502 1764 2148 2654 2896 3104 3180 3452 3544 3760 4008 4028 3862 3796 3830 3860 3626 3284 2772 2150 1518 816 164 -304 -486 
-536 -494 -232 -134 -428 -918 -1708 -3458 -3970 -4310 -4148 -3648 -3084 -3148 -3728 -4148 -3904 -3392 -3050 -3134 -3662 -3990 -4116 -4180 -4458 -4902 -5300 -6606 -6910 -7542 -7328 -6480 -5222 -4138 -3698 -3634 -3756 -4086 -4534 -4844 -4958 -4812 -4618 -4608 -4526 -4374 -4198 -4044 -4494 -5172 -5944 -6490 -6716 -6656 -6482 -6200 -5890 -5700 -5674 -5780 -5756 -5446 -4970 -4450 -3964 -3396 -3042 -2758 -2618 -2300 -1874 -1210 -338 598 1426 2058 2440 2468 2722 3236 3840 4180 4404 4812 5460 6200 7560 8340 8446 8502 8518 8640 9122 9766 10074 10312 10424 9698 9272 9652 
10168 9982 9130 8402 7892 8492 10080 11944 12296 11278 9476 8448 8692 9766 11474 13146 13734 12492 9878 7528 5888 5236 5394 6222 7224 7700 7712 7660 7752 7622 7150 6282 5906 6114 6916 7864 8146 7816 6442 4688 3998 3706 3756 4058 4156 4268 4558 5070 5528 5806 6036 6292 6516 6694 6860 6906 6920 6952 7012 7040 7162 7214 7020 7088 7390 7614 7922 8210 8188 8076 8078 8094 8376 8444 8332 8236 8160 8394 8524 8702 8912 8792 8576 8478 8432 8544 8418 8300 8068 7672 7150 6774 6726 7084 7438 7792 7868 8062 7926 7820 
7796 7816 7926 8234 8294 7972 7632 7148 6922 7028 6994 6664 6202 5452 4958 4508 3980 3334 2786 2338 2120 2104 1786 1508 1330 1026 760 420 248 498 1160 1544 1790 2136 2400 2546 2344 2258 2460 2716 2318 1790 1292 614 -14 -776 -1276 -1558 -1570 -422 -1592 -1872 -2464 -2798 -2720 -2660 -2998 -3460 -3634 -3744 -3616 -3588 -3976 -4292 -4490 -4810 -5346 -5692 -5634 -5192 -4976 -4912 -4596 -4072 -3564 -3204 -2974 -2478 -2502 -2528 -2382 -2022 -1650 -1482 -1680 -1988 -2458 -3056 -3524 -3826 -4108 -4188 -4174 -4068 -3720 -3290 -3004 -2844 -3176 -3916 
-4392 -4560 -4458 -3936 -3104 -2324 -1366 -354 364 586 -170 -1148 -1996 -2150 -1674 -878 -148 138 298 444 624 1064 1660 1826 1424 548 -80 72 894 2004 2904 3658 3902 4102 4410 4968 5542 6110 6710 6950 6672 6636 6838 6998 7154 7114 7130 7296 7618 8040 8408 8582 8394 8278 8900 9858 10888 12602 14454 15688 15294 12930 10292 8100 7242 7676 8778 9704 9662 8788 8062 7416 7080 7122 7334 7394 6958 6414 6202 6038 6000 6402 7614 9318 10592 10494 8996 7680 7046 6714 6882 6728 5882 4452 2324 228 -1248 -2036 -2666 -3206 
-3634 -3028 -1284 992 2876 4118 4504 4040 3644 3336 3294 3732 4180 4492 4240 4188 4652 5454 6160 6292 5832 5298 4962 5142 5884 6472 6638 6602 6546 6886 7414 7980 8138 7892 7686 7714 8178 8680 8848 8766 8344 7716 7370 7650 8240 8756 8996 8806 8474 8266 8408 8298 8182 7916 7354 6894 6694 6790 6836 6992 7194 7454 7812 8014 7890 7450 6708 6276 6090 6256 6204 6134 6200 6132 6212 6446 6222 6094 5562 4848 4270 3956 3942 3868 3668 3632 3314 2868 2158 1594 1344 1066 954 898 996 1356 1782 1442 968 590 
260 -162 -290 -598 -922 -998 -1182 -936 -776 -726 -944 -1844 -2642 -3126 -3252 -3192 -3294 -3230 -3344 -3288 -3366 -3376 -3442 -3378 -3290 -3268 -3202 -3234 -3504 -4098 -4720 -5836 -7394 -7918 -6750 -4300 -2920 -2438 -2602 -3184 -4046 -4650 -4850 -4696 -4382 -4078 -3824 -3564 -3352 -3296 -3318 -3560 -3866 -4238 -4582 -5046 -5426 -5414 -5084 -4680 -4100 -3426 -2726 -2218 -1972 -1910 -1958 -1950 -1814 -1260 -734 -306 256 878 1222 1360 1286 1714 3102 4742 5682 5984 5630 5012 4820 5012 5746 6698 7062 6694 6238 6260 7018 8626 10366 11618 11978 11696 10960 10646 
10930 11472 11582 10936 10130 9556 9352 9864 10482 10778 10770 11064 11770 12482 12394 11284 9804 8776 8758 9744 10864 11368 10516 9470 8176 7172 7236 8064 8702 8950 8992 8650 8134 7580 7116 6784 7056 7336 7204 6686 6000 5224 4196 3402 3046 3134 3586 4450 5408 6058 5956 4974 2966 1062 -52 -366 112 828 1650 2232 2542 2678 2880 3116 3344 3490 3508 3408 3462 3482 3410 3078 2894 2870 3126 3534 3888 4092 4222 4118 3776 3336 2920 2818 2806 2936 3222 3482 3564 3518 3294 3096 3012 3102 3306 3514 3596 3626 3478 3412 
3316 3204 3224 3300 3308 3374 3444 3472 3458 3364 3366 3366 3486 3596 3686 3834 3890 3948 3994 3916 3798 3752 3692 3600 3536 3514 3432 3452 3532 3536 3596 3660 3624 3624 3606 3572 3564 3596 3672 3770 3796 3784 3756 3758 3750 3746 3726 3680 3672 3560 3566 3618 3662 3730 3772 3760 3768 3684 3684 3668 3710 3686 3664 3704 3748 3832 3852 3914 3934 3894 3936 3860 3832 3830 3782 3830 3782 3764 3810 3824 3834 3840 3822 3834 3758 3720 3762 3772 3792 3846 3864 1972 2018 2026 1986 1938 1960 2008 2020 1968 
1910 1926 1884 1882 1848 1874 1886 1900 1976 2014 1964 2006 1966 1958 2042 2064 2064 2106 2102 2142 2158 2188 2138 2098 2072 2096 2042 2076 2120 2122 2172 2204 2242 2248 2220 2200 2196 2138 2102 2124 2142 2140 2146 2140 2242 2272 2260 2174 2206 2178 2188 2172 2142 2074 2040 1866 1304 742 490 768 1070 1276 1370 1420 1418 928 1110 1696 1924 1556 686 -430 -1198 -1404 -770 222 970 1592 1770 1672 1190 260 -254 -94 700 1458 1984 2284 2336 2908 3648 4552 5290 5534 5436 5026 4454 4284 4426 4508 
4618 4178 3860 4186 4420 4830 4594 3322 2430 2258 2616 3448 3968 4542 4556 3500 2492 2024 2100 2728 3524 4356 4784 4854 4936 4794 4426 4404 4582 4574 4364 3924 3546 3818 4828 5660 5772 5242 4260 3182 2190 1430 1072 576 -270 -1494 -3018 -4418 -4922 -5272 -6566 -8650 -10522 -11534 -10926 -9878 -10718 -14770 -19646 -21302 -17730 -14194 -11848 -11232 -12198 -12654 -12066 -10122 -8200 -7188 -6980 -6904 -6708 -6474 -5832 -4970 -4148 -3594 -3162 -2688 -2010 -1484 -888 -680 -386 -16 16 98 470 946 1636 1982 1444 814 966 1772 2532 3098 3680 3946 
3858 3502 2730 2332 2306 2744 3176 3590 4076 4246 3524 2806 2908 2976 2010 356 -242 322 1248 1916 2738 2816 2158 2046 2342 3244 4004 4168 3692 2524 1152 550 44 688 1774 2484 2832 2604 2430 2816 -4694 -12428 -15710 -10594 -6080 -2964 -2316 -3208 -2284 580 2970 3812 3472 2618 1882 1376 1154 812 824 1142 1570 2282 2776 3738 4258 4758 4484 3986 3766 3810 4082 4902 5950 6656 6570 6086 6010 6088 5514 4690 4396 3818 4144 5140 5780 5758 5438 4864 4718 4192 3746 3290 2586 2008 1680 1194 1116 1558 1418 660 
74 -622 -910 -458 -292 -846 -1292 -2220 -3636 -5192 -6774 -8408 -9472 -9830 -9338 -8878 -9564 -10700 -12210 -13038 -15570 -23676 -17540 -15054 -14934 -14110 -13336 -12232 -10786 -8492 -6712 -6214 -6464 -7066 -7500 -7628 -7668 -7438 -6832 -6112 -5424 -4666 -4036 -3496 -3238 -2772 -2104 -1598 -1018 -486 60 288 96 -406 -642 -492 356 1566 2526 3064 2704 1734 602 152 982 2814 4346 5280 4778 3720 3120 3496 4044 4524 5076 5118 4248 4664 4790 4600 4086 2896 1750 2352 4072 4384 4258 3294 1590 392 262 1228 2308 2222 1880 2224 3116 3464 -1856 -9262 
-10986 -8704 -4948 -2218 -1356 -1482 -190 1732 3522 4574 4680 3926 2778 2412 2612 2580 2392 1794 1112 408 190 828 1034 322 -2 148 638 1380 1804 2082 2042 2154 2234 2392 2986 3568 3764 3338 2592 2422 2686 3210 3544 4410 4446 4038 3294 2418 2412 2630 3016 2640 2372 2128 2280 2086 1520 992 962 1090 1050 774 678 510 -182 -942 -2016 -3116 -3586 -4230 -5424 -6428 -7250 -6644 -5950 -5270 -5860 -7118 -7936 -8588 -9528 -10236 -10898 -11572 -11724 -12366 -13022 -12988 -13038 -12992 -12322 -11960 -11470 -10880 -10586 -10792 -10852 -9930 -8908 -7976 
-7494 -7710 -7294 -6680 -5890 -4890 -3916 -3248 -3032 -2506 -1668 -1090 -534 296 582 470 594 960 996 904 1470 2210 2728 2836 2130 1828 1786 1646 2176 3046 3780 4240 3870 2854 1686 2330 4272 6436 7398 6168 4564 4324 6128 7892 7908 6536 3536 958 58 308 1598 3502 4348 3564 1058 -1400 -2912 -2768 -1500 172 1646 2450 2658 3078 5226 -2014 -11614 -17726 -14596 -9382 -4218 -1754 -1142 -1248 -1074 -132 1242 2338 2642 2464 2228 2296 2498 2460 2344 2024 1764 1554 1394 1248 1290 1396 1534 1880 2422 2910 3064 2898 2556 2180 
1812 1732 1650 1514 1600 2148 2402 2264 716 -1298 -2594 -3240 -3068 -2254 -1462 -494 508 1078 1370 1370 1466 1442 1404 1364 1322 1346 1406 1592 1786 1902 2030 2140 2206 2110 2184 2268 2386 2520 2516 2470 2172 1856 1508 1242 954 752 334 -72 -356 -602 -662 -508 -212 160 550 810 1050 1090 1030 1052 1230 1322 1402 1488 1530 1696 1828 1936 2068 2098 2064 1934 1756 1510 1344 1230 1092 964 894 904 982 1064 1200 1252 1302 1236 1194 1202 1276 1390 1406 1382 1330 1324 1340 1196 1116 1040 1086 1130 
1208 1272 1322 1360 1406 1336 1226 1226 1244 1228 1220 1282 1346 1412 1470 1528 1490 1480 1492 1452 1398 1402 1370 1362 1382 1400 1454 1504 1490 1494 1560 1540 1460 1350 1232 1138 1164 1186 1194 1198 1272 1250 1218 1206 1160 1206 1280 1360 1428 1530 1566 1584 1606 1514 1528 1548 1504 1458 1458 1412 1382 1382 1274 1212 1230 1188 1132 1158 1218 1264 1236 1172 1140 1170 1152 1130 1136 1160 1292 1292 1264 1316 1380 1370 1314 1240 1212 1130 1110 1038 990 1052 1146 1178 1240 1254 1258 1284 1220 1220 
1250 1222 1220 1292 1364 1416 1462 1508 1624 1690 1702 1596 1334 1308 1276 1214 1102 1042 974 1010 1044 1074 1124 1082 1140 1160 1124 1094 1108 1052 958 838 754 766 770 858 1116 1384 1642 1822 1862 1888 1794 1796 1762 1714 1558 1438 1444 1392 1390 1420 1528 1522 1528 1554 1532 1490 1394 1262 1224 1192 1294 1342 1420 1360 1376 1368 1364 1242 1162 1076 966 946 946 1014 1064 1194 1362 1510 1622 1686 1702 1784 1812 1836 1860 1766 1632 1584 1520 1456 1494 1492 1492 1466 1422 1366 1376 1464 
1576 1610 1468 1172 900 740 484 454 652 892 1360 1858 1990 1922 1828 1710 1592 1482 1396 1336 1180 1106 1094 1134 1242 1272 1322 1428 1574 1694 1752 1770 1732 1896 2118 2210 2300 2416 2350 2356 2220 2014 1774 1586 1450 1454 1468 1542 1596 1554 1586 1576 1556 1576 1666 1694 1726 1774 1798 1766 1786 1874 2048 2168 2326 2404 2500 2596 2588 2594 2458 2274 1872 1356 1078 928 898 896 986 1128 1300 1522 1684 1738 1740 1690 1496 1350 1174 1082 1462 1486 1518 1510 1512 1508 1534 1548 1540 1604 
1604 1610 1628 1594 1504 1454 1428 1472 1548 1608 1674 1650 1678 1642 1650 1622 1560 1564 1568 1594 1552 1584 1530 1504 1472 1436 1414 1414 1372 1314 1292 1316 1324 1390 1422 1402 1408 1346 1388 1484 1518 1320 1348 1506 1548 1540 1608 1574 1564 1586 1494 1396 1490 1474 1542 1528 1030 320 -12 130 364 506 594 694 528 4 -808 -1438 -1782 -2296 -3126 -3590 -3356 -2688 -1656 -1350 -1590 -1858 -2666 -3756 -4288 -4070 -3400 -2928 -2930 -2778 -2250 -1402 -644 -60 256 410 654 1122 1562 2044 2344 2566 2802 3010 
3212 3390 3710 3874 3720 3004 3208 3836 3724 3856 4572 4988 5222 5444 5434 5316 5384 5702 6430 7210 7498 7516 6576 6666 7588 7860 7276 6020 5058 4388 3474 2494 2006 1590 992 -176 -2144 -4470 -6734 -8372 -8536 -8210 -8696 -10702 -12182 -12000 -11774 -11606 -12044 -13308 -13264 -12424 -11962 -11694 -10844 -12856 -14468 -15862 -15624 -13664 -11142 -8866 -7282 -6854 -6818 -7164 -7120 -6972 -7016 -6444 -5844 -5420 -4870 -4576 -4116 -3510 -2840 -2000 -1352 -1068 -1308 -1206 -954 -672 -170 436 1032 1390 1456 1570 1298 962 1254 1664 2142 3042 3626 3918 3932 4606 
5416 5102 4966 5628 6524 8074 10146 11232 10196 7224 3984 2188 3582 5396 6996 6374 4864 3560 3630 4844 6494 7418 7300 6336 4694 2786 2204 3288 4850 5654 5054 3466 1472 -654 -3048 -6006 -7338 -5978 -3440 -1216 742 2122 3068 3846 3486 2612 2024 1766 2064 2174 2498 2968 3698 4302 4762 5110 5544 6142 6574 6622 6274 6036 6250 6810 7202 6806 6892 6656 6332 5724 5084 4748 4988 5482 6178 6272 5854 5016 4090 3254 2526 1850 1658 2032 2276 3008 3732 3998 3808 3288 2696 2394 1970 1160 724 518 -20 -492 -1424 -2212 
-3030 -4684 -5786 -7032 -8116 -8710 -9956 -10770 -11490 -13520 -20642 -24052 -17862 -11994 -6050 -6022 -9270 -11696 -11956 -10552 -8866 -7474 -6714 -6620 -7290 -8058 -8632 -8482 -7750 -6572 -5232 -4058 -3182 -3066 -3042 -2576 -2166 -1834 -1426 -1016 -534 -4 688 1746 2366 1384 -74 -1464 -1400 1676 5586 7576 7296 5070 2674 1908 4328 6902 7264 5390 2140 282 1146 3720 5942 6772 5096 2830 2050 2030 2396 2870 2512 2010 1826 4000 6060 6226 4292 2546 1000 260 -158 454 2114 3648 2232 -2454 -7254 -8414 -7024 -4892 -2702 -1058 732 2786 4224 4282 3506 2892 
2582 2506 2018 1628 1454 2000 2900 4180 5776 6510 6812 6546 6046 6364 6508 6974 7592 8046 7778 7500 7904 8612 9152 9774 10354 9866 8872 7878 6746 6780 7542 8718 8494 7728 6122 5222 4704 4210 3324 2118 1122 474 202 -170 -1006 -1646 -2418 -3682 -4814 -6342 -7780 -8196 -8602 -8800 -9152 -9538 -10264 -11092 -17752 -29512 -32767 -22750 -10882 -344 3310 -3174 -10280 -14118 -13902 -11470 -9708 -8228 -6622 -4868 -3622 -3712 -5168 -7176 -8520 -8424 -6966 -5658 -4462 -2960 -1724 -1590 -2362 -3566 -3584 -2940 -2150 -1020 312 1648 2904 3068 2260 2920 4176 4730 
4602 3340 1710 2632 5064 6452 6704 4626 2618 2528 4354 5898 6922 6934 5712 4228 3608 4532 5380 5714 4744 2062 -338 -2090 -1356 1110 2926 4642 5288 4816 3470 1056 -878 -1884 -2250 -1684 -498 1204 2948 4286 4862 4982 5800 728 -5944 -10970 -12954 -9494 -4754 -1444 -12 652 1620 2180 2364 2168 1836 1474 1510 1768 2096 2460 2586 2356 1768 1264 880 798 756 792 1038 1420 1816 2196 2428 2524 2232 1852 1544 1476 1612 1736 1836 1802 1550 1168 958 1028 1232 1598 1416 468 -632 -1020 -946 -928 -628 -474 -328 42 
350 844 1270 1540 1716 1826 1862 1930 2026 2034 2086 2080 1984 1810 1538 1354 1248 1352 1536 1778 1946 1920 1896 1842 1850 1954 2008 1868 1486 872 246 -2 -26 128 478 876 1150 1336 1404 1380 1352 1314 1336 1374 1292 1288 1336 1484 1494 1454 1462 1514 1466 1436 1326 1278 1216 1250 1326 1308 1348 1298 1114 1016 932 846 836 816 728 736 818 932 1026 1136 1228 1324 1378 1436 1582 1674 1604 1626 1656 1712 1622 1596 1622 1668 1634 1604 1478 1288 1174 1114 1036 976 916 984 948 922 
946 938 856 888 972 1044 1096 1176 1212 1326 1426 1552 1610 1664 1658 1580 1508 1422 1282 1226 1244 1244 1244 1260 1264 1262 1228 1258 1186 1144 1162 1200 1196 1180 1104 920 886 910 914 990 980 948 908 994 996 1054 1136 1224 1320 1394 1478 1552 1718 1840 1890 2002 2092 2078 1956 1812 1630 1608 1538 1460 1272 1148 1090 1058 1000 950 890 850 772 624 492 472 446 430 554 776 1042 1212 1366 1514 1626 1804 1746 1732 1720 1712 1742 1724 1698 1708 1716 1796 1752 1682 1562 1472 
1430 1330 1182 1054 1008 1028 1032 1018 1000 946 938 864 892 932 1020 1130 1196 1386 1446 1430 1444 1440 1410 1424 1414 1452 1516 1542 1522 1498 1458 1436 1268 1180 1138 1096 1134 1108 1122 1078 1092 1044 1082 1038 1070 1196 1262 1252 1400 1466 1488 1546 1620 1680 1718 1746 1734 1662 1572 1436 1296 1210 1066 932 940 1012 1088 1184 1174 1226 1230 1180 1058 706 334 296 506 706 860 944 858 862 896 992 1088 1214 1242 1312 1380 1562 1660 1764 1776 1744 1684 1598 1504 1414 1320 1280 
1318 1440 1536 1560 1600 1626 1566 1478 1396 1316 1240 1160 1266 1448 1626 1620 1772 1914 1942 1954 1862 1800 2120 2324 2332 2408 2192 1954 1752 1342 1192 1156 1544 1776 1702 1690 1606 1478 1148 1124 1324 1632 1760 1896 1942 1940 1878 1714 1522 1406 1278 1162 1260 1660 2062 2322 2380 2330 2292 2198 2206 2352 2356 2464 2550 2420 2256 2092 1864 1450 1224 966 758 588 564 550 622 878 1146 1336 1506 1570 1642 1700 1806 1878 2088 2242 2342 1654 1674 1672 1700 1722 1760 1770 1774 1726 1720 1694 
1674 1650 1640 1596 1580 1600 1614 1654 1678 1696 1712 1718 1658 1670 1648 1614 1650 1612 1620 1614 1638 1666 1680 1668 1642 1654 1676 1656 1670 1694 1676 1662 1672 1664 1686 1656 1656 1646 1746 1736 1668 1664 1602 1568 1540 1546 1574 1570 1664 1644 1688 1672 1676 1690 1602 1538 1408 656 -648 -1362 -1396 -730 -232 -10 -674 -2534 -4068 -4564 -2960 -70 2362 3128 2178 -122 -2376 -3700 -4334 -5074 -5256 -4574 -2958 -34 2984 4904 6194 6812 6672 6496 6556 6886 7420 7724 7878 7732 8260 9104 9392 9368 8976 8342 
8002 7410 7710 7104 5854 5562 5564 5532 4954 4720 4480 3962 3294 2394 1362 794 422 240 -250 -970 -2016 -3462 -4078 -5076 -5274 -5132 -5102 -6832 -9084 -10738 -11308 -10940 -11396 -12920 -14552 -14870 -15792 -17822 -17476 -17340 -16766 -16446 -16542 -16248 -14490 -12314 -10466 -9068 -8340 -8184 -8432 -8264 -8416 -8630 -7878 -6604 -5154 -3648 -2580 -1710 -796 -494 -486 -160 374 632 712 662 496 98 -372 -194 646 1382 3170 5138 5124 4724 4888 4324 5594 7180 7944 8170 6658 4542 4206 5076 6050 6204 5312 3724 2286 1530 2196 3398 4770 6402 6774 5990 
4920 3824 3208 3616 1134 4470 3208 1680 1984 2290 1300 -700 162 2532 5154 6956 6434 5172 4952 6038 7208 7228 6172 4662 3758 4144 4726 5448 5916 5974 5930 5746 6180 6924 8048 8352 7274 6108 5436 5516 6350 6816 6482 6056 5340 5166 4812 4428 4472 4426 4086 3002 2508 2362 2902 3494 4038 4692 4712 4524 4382 3870 3914 2998 486 -2270 -4294 -4936 -6728 -8598 -10600 -11848 -11740 -11698 -11658 -12640 -13354 -14334 -14560 -13604 -11958 -10048 -8810 -8860 -10686 -12922 -14104 -13450 -11604 -9598 -8112 -7582 -7464 -6850 -6690 -6302 -5956 -6160 -6428 -6298 
-5442 -4642 -3450 -2162 -1092 -1020 -1110 -1234 -1362 -1100 -594 -386 -178 396 1124 1660 1908 1276 494 72 1810 4890 5654 3274 662 -716 404 4562 7968 8490 8056 6940 5596 3574 3116 3806 4364 4134 2266 -418 -2438 -3182 -1982 164 2002 3020 1552 -490 -2010 -1810 -266 588 -50 -928 -1788 -3394 -4454 -7520 -8870 -8970 -7560 -4960 -3090 -1642 166 1548 2312 2042 1572 1208 1176 1258 1844 2400 2762 3330 3914 4316 4956 5036 5308 5942 6262 7048 8292 9662 10836 11360 10910 9878 8830 8496 8176 7766 7744 7044 5770 4964 4364 3968 
3756 3010 2090 1270 488 -174 -304 -106 -98 -176 -694 -1658 -2446 -2554 -2148 -1494 -2724 -3888 -4964 -5812 -5902 -6674 -7522 -8174 -8894 -9002 -11330 -18444 -27328 -24296 -18202 -10094 -4732 -5246 -8596 -10334 -9882 -9738 -9578 -8826 -7928 -6998 -6428 -6230 -7002 -7636 -7688 -7326 -6478 -5820 -5478 -5182 -4870 -4174 -3696 -3664 -3440 -2968 -2416 -1906 -1388 -758 22 982 1592 1386 652 652 2020 5178 8312 10248 8926 5164 2102 1520 4048 8168 9658 7828 4118 2702 3754 6170 7180 7152 5502 2408 1574 2646 4000 5406 4942 2954 -160 -2934 -4804 -5840 -5892 -5172 
-3414 -1472 -240 596 1060 984 732 104 -1036 -2662 -3638 -3334 -2536 -1772 -1442 -1212 -746 68 600 842 696 430 386 456 306 -206 -618 -406 114 656 1038 1402 1740 1868 2068 2226 2226 2336 2418 2294 1924 1442 1018 880 932 912 932 798 582 468 696 1168 1650 2082 2450 2620 2560 2298 1788 1234 1000 908 928 1080 1306 1448 1608 1638 1228 148 -334 -450 -354 -64 208 478 706 1016 1316 1618 1788 1852 1712 1688 1726 1772 1746 1734 1698 1580 1522 1424 1288 1156 1086 1168 1280 1350 1430 1484 
1388 1316 1196 1078 1002 928 908 902 772 834 890 938 990 968 1056 1108 1190 1274 1226 1218 1138 1076 1094 1230 1396 1456 1586 1666 1656 1578 1470 1456 1408 1378 1328 1234 1284 1248 1260 1344 1382 1408 1408 1344 1272 1180 1150 1196 1280 1330 1338 1356 1398 1350 1270 1200 1176 1072 954 838 708 772 932 1148 1464 1668 1700 1682 1528 1364 1196 932 582 324 194 230 324 466 536 652 728 802 850 800 716 706 746 860 1072 1142 1202 1096 932 988 1134 1294 1356 1464 1576 1646 
1800 1902 1962 2008 1956 1864 1720 1602 1448 1302 1286 1172 1196 1204 1232 1344 1446 1494 1426 1276 1214 1378 1534 1724 1790 1920 2026 2018 1836 1614 1462 1386 1152 818 534 302 204 260 386 502 736 1034 1268 1490 1522 1432 1272 1090 962 932 858 812 806 934 946 1012 1118 1204 1232 1202 1218 1224 1236 1264 1314 1434 1460 1434 1434 1408 1398 1448 1392 1294 1206 1106 1062 990 892 948 1048 1264 1400 1512 1560 1610 1588 1538 1510 1510 1444 1388 1366 1440 1424 1432 1436 1440 1456 1442 
1428 1324 1292 1234 1212 1238 1252 1290 1330 1228 1198 1210 1156 1152 1184 1168 1150 1144 1204 1222 1208 1212 1228 1184 1220 1216 1298 1308 1308 1280 1282 1318 1308 1276 1246 1220 1232 1196 1262 1286 1318 1364 1360 1354 1312 1274 1234 1240 1240 1276 1344 1446 1466 1492 1524 1458 1368 1258 1196 1172 1172 1164 1254 1280 1320 1362 1380 1400 1400 1418 1466 1456 1524 1556 1618 1676 1662 1662 1606 1566 1514 1476 1472 1478 1476 1434 1366 1276 1284 1218 1124 1102 1150 1140 1198 1276 1230 1236 1140 1100 
1082 1046 1052 1058 1068 1072 1108 1124 1116 1160 1140 1128 1154 1152 1134 1238 1280 1288 1332 1376 1352 1284 1240 1146 1102 1076 1060 1084 1114 1174 1156 1178 1206 1204 1228 1250 1286 1370 1388 1364 1382 1440 1422 1404 1328 1348 1422 1456 1450 1452 1460 1458 1452 1374 1264 1182 1108 1084 1074 1128 1230 1380 1448 1578 1524 1420 1402 1338 1284 1200 1216 1258 1372 1456 1606 1712 1760 1812 1758 1744 1552 1428 1380 1306 1288 1304 1334 1354 1682 1512 1452 1516 1574 1642 1624 1578 1574 1580 1584 1540 
1554 1572 1558 1538 1498 1516 1514 1554 1544 1546 1534 1536 1506 1506 1532 1542 1540 1550 1540 1542 1524 1564 1548 1568 1522 1526 1518 1518 1528 1516 1544 1552 1490 1546 1528 1522 1518 1526 1522 1516 1520 1522 1474 1458 1498 1510 1498 1514 1498 1522 1532 1524 1522 1526 1518 1500 1530 1562 1264 198 -856 -1044 -866 -578 -528 -1568 -2610 -3546 -4470 -4614 -3240 -960 1160 2154 1388 -834 -3112 -4542 -5060 -4482 -3378 -2160 56 2524 4734 6404 7368 7802 7816 7962 7904 8032 8102 7974 7822 7752 7712 7888 8014 7980 
7786 7374 7132 6796 6774 6520 5766 4822 4204 3834 3612 3338 3060 2354 1686 1374 900 386 148 -188 -502 -500 -534 -400 -1444 -3578 -6020 -7976 -8902 -9240 -10602 -12362 -13526 -13886 -13850 -14100 -15024 -21110 -24728 -25716 -23388 -19946 -17706 -15750 -14918 -14506 -14068 -13362 -11418 -8770 -6370 -5176 -4540 -3796 -2734 -1816 -1262 -818 -470 -354 -232 100 676 1320 2068 3286 4276 5362 6140 6058 5504 5562 7004 9434 11522 10832 8608 6254 3808 3458 3720 4886 6514 7620 7222 5112 3086 1934 2820 3646 4762 5722 5366 2992 548 -836 -290 2678 5508 6574 
7424 8980 10586 9542 4198 7550 9116 5760 3008 2468 4382 7394 10494 12088 11034 8510 6582 5580 5884 7014 7508 7320 7434 7424 7592 8090 8404 8536 8130 7298 6562 6464 6388 6384 6462 6678 7148 7784 7772 7728 7942 8058 8276 8066 7636 7276 5938 4286 3040 1478 588 -20 -182 -50 -22 -482 -932 -1534 -2724 -3844 -4730 -5996 -8176 -10748 -11818 -11476 -9648 -9070 -9968 -10684 -11468 -13450 -21418 -29028 -27026 -20260 -12576 -8176 -9398 -13084 -15852 -15468 -12712 -9710 -7550 -6502 -5868 -6172 -6662 -6088 -5876 -6036 -5850 -5246 -4680 -4086 -3254 -2362 -1324 -178 
808 1494 1860 2122 2404 2376 2136 1748 1178 1040 1998 3020 3624 3654 3894 5246 5702 5570 5634 5728 5826 6992 7730 7542 7666 7268 6866 5766 5620 5418 5944 6452 6760 5388 3030 2124 2992 5146 6882 8058 8604 8362 8128 6936 4872 2692 -694 -3870 -5048 -3750 -1312 1648 4288 5826 6416 6298 6336 5786 4780 3588 3192 3806 4452 5388 6082 6444 6348 6288 6550 6722 6776 6692 6472 6046 5456 5060 5138 5950 6992 7490 7502 7206 6458 5422 4480 3914 3048 2800 3612 4158 3894 3494 3348 3286 2804 2268 1196 -454 -1940 -3210 
-3250 -2314 -1216 -820 -926 -1352 -1876 -2388 -2900 -3958 -4810 -5782 -6534 -6982 -7680 -8344 -9078 -8348 -6854 -5738 -5744 -7292 -8748 -9404 -9138 -8490 -8364 -8170 -8064 -7828 -7396 -6990 -6906 -6898 -7008 -7164 -7912 -8360 -8088 -7500 -6606 -5586 -4674 -3916 -3294 -2608 -1716 -1332 -1556 -2520 -3086 -2250 -720 628 1534 1966 2346 3474 4516 3778 2570 1812 1562 1434 1666 2286 4046 5708 5188 3380 2090 3366 5184 7256 8612 7146 5038 4768 7386 10572 13012 12226 8248 3468 -650 -1918 704 3728 5372 6204 6260 5380 3240 674 -528 -200 156 448 854 938 
1024 1150 1468 2862 3726 3316 -116 -4926 -7668 -8248 -7046 -4190 -1684 -210 504 942 1386 1724 1910 1846 1678 1592 1504 1546 1572 1594 1634 1716 1652 1432 1260 1152 1246 1496 1790 2044 2038 2094 2072 2054 1942 1752 1408 1020 718 550 484 512 560 730 870 1090 1284 1502 1622 1706 1722 1726 1694 1682 1666 1712 1722 1444 988 864 774 808 992 1308 1726 2218 2444 2548 2516 2390 2328 2228 2082 1614 1300 1182 1058 974 982 990 1036 1064 1230 1380 1590 1700 1820 1908 1958 1996 1964 1896 1730 1600 
1556 1534 1526 1544 1578 1546 1572 1506 1406 1350 1244 1250 1178 1108 1126 1062 1064 1156 1230 1308 1364 1430 1470 1602 1614 1666 1632 1578 1462 1340 1324 1372 1438 1496 1550 1562 1602 1652 1598 1510 1536 1550 1434 1408 1444 1458 1442 1468 1546 1574 1500 1508 1528 1546 1520 1572 1602 1586 1616 1628 1638 1584 1516 1528 1496 1390 1404 1390 1458 1472 1492 1554 1576 1516 1532 1538 1564 1582 1600 1584 1610 1670 1690 1700 1694 1716 1658 1658 1646 1672 1628 1556 1350 1216 1234 1254 1308 1388 1452 1478 
1476 1512 1446 1326 1200 1184 1294 1432 1586 1656 1744 1802 1884 1916 1918 1898 1846 1760 1802 1708 1622 1598 1528 1518 1554 1618 1600 1556 1570 1618 1602 1608 1564 1572 1532 1454 1434 1342 1380 1366 1424 1496 1570 1628 1670 1714 1752 1700 1652 1500 1434 1264 1136 1150 1230 1360 1526 1626 1640 1750 1766 1806 1822 1854 1854 1928 1832 1706 1658 1596 1548 1562 1518 1586 1658 1714 1748 1754 1704 1662 1620 1586 1540 1476 1432 1378 1384 1478 1556 1650 1696 1774 1796 1808 1822 1752 1776 1700 1590 1568 
1470 1414 1372 1396 1460 1446 1470 1490 1458 1528 1518 1508 1528 1486 1474 1438 1464 1478 1536 1580 1660 1714 1724 1744 1772 1784 1676 1682 1560 1516 1526 1512 1492 1530 1510 1488 1504 1534 1628 1694 1684 1692 1678 1592 1462 1480 1438 1410 1386 1392 1402 1410 1532 1618 1698 1762 1830 1762 1680 1614 1562 1480 1482 1468 1476 1542 1692 1666 1664 1754 1786 1762 1786 1726 1634 1608 1438 1444 1562 1590 1568 1590 1572 1594 1592 1622 1628 1618 1578 1562 1648 1562 1510 1706 1696 1654 1708 1734 1684 1650 
1570 1566 1552 1572 1492 1506 1494 1490 1514 1552 1548 1536 1564 1550 1506 1416 1412 1448 1484 1488 1552 1558 1620 1648 1620 1614 1540 1604 1554 1514 1536 1542 1436 1422 1368 1356 1364 1382 1438 1496 1544 1560 1482 1516 1510 1486 1478 1452 1454 1454 1422 1426 1456 1484 1510 1512 1534 1544 1530 1538 1538 1522 1522 1470 1442 1406 1404 1420 1490 1498 1564 1614 1612 1622 1612 1614 1606 1564 1524 1528 1538 1606 1616 1584 1608 1618 1610 1784 1768 1746 1730 1672 1678 1712 1682 1708 1712 1708 1710 1738 
1732 1700 1750 1766 1714 1716 1724 1708 1696 1678 1664 1710 1662 1672 1698 1694 1692 1660 1682 1734 1722 1738 1714 1630 1676 1678 1658 1676 1670 1702 1674 1652 1698 1582 1338 1088 866 438 214 22 296 370 -448 -2288 -3358 -3636 -3454 -2910 -2132 -1400 -1000 -348 -502 -1088 -2144 -2718 -2678 -2408 -1592 -642 244 1354 2638 3698 4636 5550 6242 6598 6708 6804 7394 7938 8538 8756 8218 7410 6426 6040 5932 5904 5992 6016 5138 3958 2364 1306 1336 1882 2760 3632 3210 3018 3682 3688 3874 4408 4644 4342 3312 2388 
1996 1438 386 -750 -1542 -2882 -4254 -5478 -6680 -7432 -7968 -9468 -10898 -11858 -12276 -13068 -15280 -17672 -23402 -21888 -17736 -13724 -12240 -14614 -17932 -19064 -17454 -14576 -11612 -9586 -8504 -7950 -7790 -7298 -6920 -6376 -5492 -4568 -3706 -2712 -1710 -534 698 1606 2448 2622 2368 2654 3412 4766 6228 7334 7800 7434 7224 7294 8110 9222 8998 7374 4924 2362 2376 5152 7446 7982 6610 4262 1772 1354 3526 5508 6440 5620 3714 2080 2228 4454 7400 8494 8472 7514 6600 5660 5488 5386 678 -4714 -6184 -3208 66 1456 3080 5072 6088 5514 3978 3098 3150 3524 
4022 4370 4620 4736 5022 5972 7214 7564 7316 6510 5838 6150 6372 6070 5916 5652 5888 6236 6316 6146 5334 4582 4640 4984 5828 6128 6354 5732 4576 3412 3258 3324 2888 2106 1324 1218 1076 1058 90 -952 -2322 -4068 -5890 -7332 -7882 -7730 -7476 -7518 -8376 -8286 -8742 -9458 -17046 -32008 -32767 -29640 -20872 -9460 -2934 -5064 -10484 -14174 -16002 -15526 -13716 -11250 -8660 -6464 -5340 -5426 -6436 -7136 -7070 -6842 -6308 -5568 -5022 -4462 -3902 -2806 -1792 -776 -148 -232 -232 278 1034 2168 2438 1926 1700 2898 4672 5542 5486 4726 3462 3676 3722 3698 
4754 5550 6034 6236 5852 4702 4046 3884 3996 4262 4746 4504 4066 3816 3780 4478 4650 4190 3532 2346 1046 -9328 -17088 -17190 -11926 -8854 -6054 -4648 -2844 240 2874 4850 5734 4810 3476 2052 1108 1168 1252 894 898 1874 3332 5358 6262 6140 5100 4116 3784 3788 4338 4480 4376 3460 2478 1260 786 1278 2474 2722 3704 4246 2824 2142 1728 1426 1746 1838 2470 2692 2778 2966 2356 2258 2018 -168 -3118 -6372 -8872 -9208 -9234 -8138 -8526 -8718 -16820 -24418 -32767 -32767 -21074 -5008 9808 11888 1662 -10354 -13548 -18574 -18364 -13786 -9088 -4196 
-1210 -3314 -8296 -11442 -12210 -11032 -8608 -5704 -2994 -158 2076 3044 3114 2904 1842 -50 -1568 -3150 -4120 -4056 -1874 -312 1196 2678 4072 4398 3948 2894 1228 -152 1428 3848 5894 7024 6446 4500 2772 2060 3086 4718 6082 5100 1338 -1668 -2560 -256 2674 4940 5158 2808 -52 -2382 -3870 -3942 -1860 1578 4148 6054 6788 5340 2108 -1768 -4592 -5352 -4468 -2614 -604 920 2306 4308 5014 5080 1556 -2120 -3958 -4642 -4280 -3010 -1536 -354 478 1002 1304 1262 1130 1002 724 740 986 1020 776 428 310 -36 -462 -376 -100 364 782 1228 
1388 1366 1144 674 368 194 210 564 930 1260 1464 1594 1680 1574 1302 1180 1208 1330 1648 1990 1944 1782 1840 1894 1934 2030 2036 1882 1722 1568 1242 862 644 618 778 958 1116 1194 1254 1312 1274 1152 936 806 684 536 548 714 878 1002 1130 1214 1302 1306 1162 1082 1052 1012 1048 1046 998 950 910 902 876 862 876 812 680 514 402 360 330 304 366 486 616 816 964 1096 1162 1284 1284 1316 1264 1194 1174 1134 1184 1164 1220 1272 1320 1384 1370 1236 1132 1018 900 798 
826 882 1028 1172 1264 1386 1494 1588 1646 1660 1654 1494 1398 1364 1368 1368 1310 1276 1284 1330 1382 1322 1300 1230 1188 1026 982 920 948 1022 1094 1142 1212 1236 1226 1168 1190 1156 1120 1082 982 950 946 908 948 962 996 1018 1022 1068 1146 1234 1318 1384 1378 1398 1366 1398 1358 1320 1376 1350 1370 1352 1302 1274 1214 1234 1264 1280 1196 1136 1094 1026 982 882 928 1002 1080 1078 1116 1186 1160 1138 1178 1200 1264 1254 1276 1326 1404 1322 1258 1136 1032 1106 1342 1888 2204 2056 
1704 1068 496 -10 -310 -386 -264 18 366 774 978 1128 1192 1084 1000 948 924 872 802 844 880 1028 1238 1536 1770 1836 1844 1812 1686 1600 1498 1370 1330 1352 1450 1542 1610 1576 1500 1466 1452 1400 1428 1424 1338 1182 998 878 834 898 1090 1262 1402 1518 1638 1746 1824 1882 1862 1864 1928 1830 1774 1730 1554 1448 1318 1286 1262 1322 1406 1446 1464 1532 1562 1590 1580 1462 1266 1152 1072 1132 1194 1248 1290 1406 1572 1722 1792 1824 1848 1876 1862 1874 1846 1770 1612 1478 1370 1302 
1208 1162 1130 1196 1226 1214 1296 1252 1192 1172 1162 1122 1168 1226 1296 1390 1462 1426 1442 1390 1414 1448 1484 1528 1546 1600 1612 1628 1596 1516 1506 1456 1404 1358 1338 1314 1330 1388 1444 1454 1518 1574 1670 1680 1610 1554 1468 1430 1348 1304 1310 1248 1214 1218 1184 1244 1368 1322 1346 1302 1356 1330 1272 1214 1144 1114 1078 1070 1058 1060 1074 1170 1308 1304 1372 1344 1252 1110 1002 966 940 1098 1166 1248 1322 1350 1414 1354 1290 1260 1150 1030 966 1024 1044 1002 936 918 832 776 
740 792 864 946 1022 1020 1058 1060 954 950 940 940 876 888 972 1044 1076 1130 1184 1200 1220 1228 1240 1240 1230 1172 1176 1236 1238 1262 1252 1260 1292 1302 1372 1390 1362 1364 1324 1340 1350 1314 1304 1348 1398 1390 1416 1416 1436 1344 1278 1268 1228 1140 1196 1304 1394 1494 1608 1608 1646 1678 1672 1684 1550 1494 1452 1398 1330 1290 1252 1294 1340 1330 1330 1306 1292 1366 1470 1578 1634 1788 1792 1820 1818 1788 1500 1458 1408 1346 1352 1394 1422 1414 1378 1402 1466 1540 1628 1674 
1712 1744 1690 1704 1744 1694 1698 1696 1666 1646 1624 1586 1600 1578 1566 1552 1518 1494 1488 1434 1458 1418 1462 1450 1418 1454 1436 1454 1462 1486 1506 1532 1480 1542 1558 1554 1534 1518 1520 1470 1460 1448 1482 1466 1480 1484 1458 1438 1462 1480 1462 1416 1406 1464 1500 1498 1510 1512 1480 1446 1446 1450 1452 1442 1466 1462 1520 1528 1464 1496 1502 1536 1556 1596 1570 1560 1560 1582 1542 1514 1576 1504 1552 1586 1582 1550 1570 1552 1564 1514 1522 1550 1528 1554 1532 1520 1514 1540 1524 1518 
1490 1510 1512 1504 1488 1524 1512 1504 1530 1532 1512 1496 1522 1498 1530 1508 1544 1488 1496 1510 1508 1488 1474 1448 1450 1468 1504 1488 1494 1494 1506 1494 1536 1530 1544 1532 1512 1478 1382 1554 1320 1306 1420 1544 1556 1504 1482 1474 1504 1530 1494 1506 1490 1466 1462 1456 1442 1464 1432 1424 1440 1448 1472 1452 1462 1442 1400 1342 1292 1264 1318 1324 1358 1432 1434 1488 1480 1336 836 44 -374 -544 -610 -1126 -1760 -2904 -3928 -4476 -4170 -3284 -2322 -1370 -974 -1266 -2594 -3808 -4720 -5424 -5280 -4044 
-2156 -792 510 1372 1746 2142 2362 3118 4306 5374 5946 5672 5464 5614 5598 6094 6922 7754 8704 9154 8984 9124 9034 8484 8338 7832 7404 6780 7284 7002 7190 6920 6052 5182 4154 3658 3252 2752 1994 1480 1530 1606 1266 410 -622 -1452 -2662 -4274 -6054 -7548 -9036 -10120 -11396 -12194 -12548 -12850 -13262 -14124 -14952 -15390 -16344 -17758 -19122 -19602 -19000 -17634 -16090 -14758 -13658 -12936 -12610 -11764 -10054 -7980 -6108 -4302 -2894 -1904 -1178 -558 -294 -282 -272 92 696 1584 2194 2044 1136 666 860 1652 3042 4334 5452 6298 6282 5196 5920 7266 
9072 9522 7590 4858 5082 8248 9948 8930 5878 2988 2350 4170 8010 11230 13280 13846 12606 10294 9344 9412 9652 11314 6436 -418 -3220 -1682 2078 6076 8808 10098 9574 7616 5680 4922 4944 5236 5628 5634 5490 5582 6228 6840 7444 8530 9036 8276 6964 5932 5642 5828 5884 5490 3910 2958 2066 1192 1532 2556 3490 3940 4122 3424 3570 4898 6464 7206 7174 5230 1838 -1132 -1788 -1014 -780 -1032 -1872 -2668 -3702 -3700 -4478 -4442 -6016 -8466 -10828 -12420 -12422 -12056 -11518 -12096 -13806 -16884 -18790 -18434 -16226 -13712 -12780 -13600 -15150 -15468 -14058 -12084 
-10192 -8718 -7558 -6366 -5434 -4710 -4058 -3734 -3726 -3816 -3494 -2704 -1836 -844 -36 410 700 1084 1290 802 230 40 800 2536 4320 5790 6290 5652 3638 2082 3160 5442 7426 8488 6776 3756 3694 6396 9644 12312 13004 11306 7926 5518 5834 7078 7696 8350 9182 9496 9762 9458 8910 9168 10722 9958 7698 464 -6656 -5976 -566 3482 6448 8404 8420 7398 5740 4682 4242 4388 4656 4588 4526 5010 5886 7100 7604 7498 6726 6412 6642 7174 7418 8164 8486 7272 6482 5858 5260 5296 4702 4260 3810 3800 2944 2608 2352 1582 612 -244 
-1242 -1704 -2196 -2308 -2396 -3048 -3746 -4482 -5192 -6406 -7316 -8852 -10442 -11462 -12728 -14106 -13636 -24434 -31540 -30330 -24386 -16852 -13384 -14048 -14880 -16108 -15700 -13898 -12250 -10592 -8968 -7896 -7022 -5886 -5050 -4298 -3812 -4016 -3916 -3300 -2386 -1250 -94 840 1052 514 148 236 678 1510 2902 3732 3532 3316 4492 6378 7838 9780 10224 9356 8518 9070 9866 10426 11342 10182 7518 5416 3440 2684 4346 6902 8756 8690 7150 5230 3678 2464 2102 3166 4056 3546 1714 -386 -1556 -1040 590 2124 3034 3264 2914 3452 7328 6162 -1520 -10546 -15038 -12794 -8898 -5546 
-2480 -792 -62 374 890 1510 1944 2374 2686 2832 2888 2978 2968 2836 2684 2558 2370 2090 1992 2046 2148 2162 2192 2248 2240 2320 2342 2406 2244 2114 2114 2122 2144 2190 2230 2426 2860 3356 2050 -312 -2144 -3780 -4626 -4404 -3746 -2552 -1070 122 964 1524 1952 2146 2408 2614 2598 2586 2468 2250 2042 1952 1750 1638 1558 1556 1632 1784 1964 2222 2464 2576 2668 2740 2674 2352 1870 1366 762 288 -42 -238 -278 -192 36 404 750 1076 1332 1452 1518 1534 1526 1586 1538 1518 1442 1468 1494 1466 1464 1542 
1514 1478 1436 1440 1404 1350 1326 1302 1226 1184 1262 1238 1214 1254 1252 1220 1286 1296 1298 1302 1332 1348 1314 1384 1422 1444 1456 1412 1398 1484 1484 1514 1540 1506 1518 1470 1428 1412 1330 1294 1204 1272 1298 1338 1402 1472 1546 1560 1566 1570 1542 1478 1450 1396 1386 1380 1354 1342 1348 1360 1368 1330 1322 1316 1328 1336 1248 1286 1300 1292 1332 1380 1334 1392 1404 1466 1460 1434 1430 1422 1450 1390 1404 1362 1358 1358 1364 1388 1404 1446 1418 1440 1426 1408 1338 1326 1278 1284 1268 1296 
1306 1346 1420 1426 1440 1438 1472 1436 1432 1426 1382 1350 1310 1294 1334 1292 1330 1332 1350 1358 1376 1368 1390 1406 1468 1430 1402 1446 1374 1300 1280 1296 1314 1308 1300 1320 1340 1396 1448 1434 1400 1392 1396 1408 1444 1428 1444 1380 1344 1324 1278 1274 1262 1244 1294 1324 1298 1346 1392 1392 1432 1438 1402 1390 1408 1378 1338 1346 1384 1334 1338 1372 1368 1366 1392 1392 1402 1382 1338 1374 1370 1378 1380 1350 1352 1358 1354 1364 1336 1346 1292 1338 1332 1378 1356 1318 1354 1370 1382 1412 
1422 1378 1402 1372 1394 1384 1372 1346 1346 1324 1342 1320 1338 1382 1426 1438 1444 1458 1432 1402 1374 1372 1390 1354 1332 1314 1360 1368 1346 1342 1356 1362 1442 1452 1462 1440 1470 1456 1408 1404 1350 1308 1298 1292 1322 1336 1314 1368 1378 1442 1442 1430 1410 1388 1402 1420 1426 1390 1414 1388 1380 1350 1326 1316 1314 1316 1392 1386 1418 1444 1440 1434 1438 1404 1418 1406 1462 1450 1450 1426 1414 1398 1430 1392 1394 1956 1646 1390 1348 1300 1248 1296 1342 1518 1640 1708 1708 1676 1646 1672 
1640 1644 1612 1552 1546 1596 1640 1706 1722 1754 1816 1796 1774 1742 1710 1732 1734 1668 1640 1598 1652 1748 1794 1708 1594 1562 1760 1882 1986 1876 1736 1582 1554 1572 1590 1636 1618 1556 1544 1526 1536 1548 1554 1538 1600 1604 1662 1774 1732 1800 1864 1874 1864 1814 1824 1844 1820 1674 1570 1446 1314 1374 1550 1630 1600 1590 1576 1500 1540 1588 1608 1620 1600 1548 1488 1472 1512 1550 1596 1672 1642 1666 1676 1672 1666 1566 1528 1488 1544 1550 1556 1600 1576 1582 1624 1680 1698 1674 1634 1586 
1538 1528 1538 1538 1548 1630 1666 1648 1610 1586 1612 1574 1414 1346 1268 1116 894 748 830 784 704 498 248 56 -298 -258 -278 -774 -1116 -1832 -2416 -2704 -1844 -294 1082 2018 1600 484 -628 -1402 -1862 -2162 -2350 -2322 -1812 -890 554 2386 4222 5678 6608 6974 6940 7088 6958 7146 7952 8890 9542 9822 9840 9248 9190 8978 8524 8482 7422 5974 3820 2450 1784 1612 308 -526 -414 -156 340 866 1082 1220 1320 1196 366 -134 -76 270 858 1010 758 -234 -1956 -4368 -6118 -7976 -10014 -11726 -12994 -14242 -15718 -16614 
-17122 -17890 -18934 -19834 -20462 -20372 -19332 -18744 -18870 -18942 -17666 -15316 -12608 -10256 -8364 -7130 -6752 -6118 -4000 -1750 -120 784 1050 1146 1260 1478 1574 1422 1334 1458 1554 1764 3596 6596 9002 9794 9634 9528 10046 10368 10248 9872 7834 6142 5654 5752 7128 8984 9690 9288 7210 4842 3976 4362 6388 7638 8448 8442 7240 7086 6670 6100 7020 9512 11360 6998 28 -3902 -2998 1818 6790 11156 14406 16278 16324 15322 15312 15464 14268 12026 9698 8438 8208 8740 9712 10608 11020 11018 10444 10106 10724 10974 10702 9192 6692 5338 5594 6978 8290 9358 
9704 8374 7184 5442 3744 2350 550 -720 -720 -686 -640 -48 -392 -3462 -7434 -11716 -15242 -15484 -17062 -19632 -21150 -21926 -23110 -22746 -25694 -25354 -22348 -17326 -14172 -14384 -16420 -17794 -17530 -16502 -15324 -13666 -11932 -10350 -8906 -7632 -6682 -5438 -4192 -3182 -2320 -1478 -890 -730 -1038 -1308 -896 186 1714 3400 5660 8556 11760 14560 16496 17390 15928 12696 8490 4960 4816 5970 7020 8300 9536 10088 10268 10034 8130 6372 5210 6350 8444 10280 10546 8182 6180 5722 6422 7402 8622 10942 12846 14800 15578 14322 13496 12474 11814 11636 11694 11994 12480 12326 11814 11108 
10102 9360 8968 8920 8936 8798 8614 8810 8954 8712 7804 6190 4926 5262 6504 6924 5856 4382 2800 1742 1476 2330 2472 2680 2448 2270 2574 2270 1416 224 -1294 -2594 -3076 -2958 -2626 -2130 -1206 -890 -972 -3678 -6740 -7744 -7906 -6498 -5606 -8074 -11918 -15308 -16542 -16364 -17784 -20550 -22708 -23790 -22548 -19294 -15778 -14100 -14454 -16416 -17802 -17464 -16904 -16018 -14512 -12612 -10150 -6950 -4424 -2882 -1044 26 12 -132 234 950 1794 2478 3202 3752 3494 2546 990 -300 -48 2470 5306 6456 4718 2262 1218 2816 6808 8850 6558 2952 678 804 2640 3800 
3890 648 -808 -398 522 2032 2452 2154 1094 -116 -1152 -1436 -920 -1596 -2706 -2702 -1346 42 1716 3422 4472 4734 5742 6938 -962 -11772 -18238 -17734 -14490 -10522 -5720 -2354 -552 -162 68 636 1194 1774 2340 2852 3476 3986 4100 3678 3056 2332 1540 920 670 890 1224 1500 1570 1534 1470 1446 1574 1832 2184 2356 2444 2498 2616 2786 3276 3426 2694 1254 -90 -1080 -1616 -1798 -1476 -882 -266 174 476 628 894 1154 1358 1544 1706 1840 1868 1850 1694 1590 1486 1312 1224 1318 1422 1590 1770 1944 2096 2192 2218 2260 
2304 2232 2160 2162 2176 2366 2524 2600 2616 2590 2568 2502 2332 2210 1772 1120 486 110 -116 -54 102 270 474 720 966 1224 1402 1536 1698 1778 1796 1782 1834 1848 1764 1750 1700 1650 1592 1604 1596 1658 1640 1642 1648 1638 1642 1656 1662 1634 1598 1572 1496 1420 1384 1388 1442 1494 1584 1638 1680 1706 1728 1774 1808 1776 1740 1712 1716 1672 1702 1722 1646 1598 1538 1400 1344 1212 1054 916 814 788 818 864 952 1036 1070 1124 1102 1122 1152 1244 1340 1358 1452 1498 1498 1528 1444 1322 
1174 1060 898 812 648 544 504 478 508 518 570 606 668 714 780 928 1032 1152 1192 1200 1168 1116 974 818 724 688 652 640 684 724 874 1032 1092 1108 1132 1076 1046 1030 1048 950 934 946 954 996 1060 1118 1186 1164 1104 1040 1052 1022 1124 1232 1288 1364 1486 1536 1502 1518 1474 1386 1326 1234 1164 1092 1042 1002 994 1026 1034 1060 1058 1080 1086 1076 1042 1108 1176 1224 1252 1306 1344 1340 1340 1350 1316 1310 1376 1440 1434 1384 1276 1226 1192 1184 1198 1254 1358 1326 
1202 1086 1034 1042 1092 1160 1252 1388 1424 1482 1518 1588 1618 1588 1532 1458 1410 1322 1298 1230 1270 1268 1342 1362 1448 1530 1578 1530 1484 1374 1316 1200 1080 1036 998 954 924 928 936 1012 1052 1148 1302 1456 1506 1462 1444 1406 1368 1410 1506 1572 1632 1642 1838 1972 1856 1496 1212 970 774 578 586 658 842 1122 1450 1770 1930 1940 1922 1694 1392 1040 728 588 690 904 1192 1390 1570 1834 2026 2254 2368 2380 2366 2288 2144 1904 1700 1540 1390 1352 1378 1390 1400 1324 1262 820 
366 342 402 506 686 1022 1544 1896 2198 2366 2430 2482 2486 2482 2422 2224 2122 1962 1850 1820 1728 1622 1638 1886 1892 1808 1638 1486 1350 1286 1340 1564 1904 1992 2024 1786 1558 1366 1204 1046 1074 970 928 1136 1274 1306 1388 1438 1524 1718 1986 2182 2376 2472 2484 2308 2148 1904 1778 1644 1536 1460 1460 1530 1464 1418 1472 1464 1492 1544 1658 1764 1944 2098 2214 2266 2326 2306 2286 2220 2158 2078 2016 2086 1840 1840 1864 1826 1854 1832 1836 1808 1878 1874 1874 1852 1856 1858 1826 1842 
1790 1826 1772 1846 1852 1850 1848 1818 1814 1806 1818 1816 1852 1836 1806 1850 1866 1876 1844 1878 1814 1826 1860 1862 1824 1820 1828 1828 1844 1860 1854 1866 1834 1838 1892 1902 1920 1890 1880 1866 1828 1810 1768 1734 1652 1466 1098 766 624 456 330 474 796 898 612 396 -12 -1378 -2532 -3744 -4504 -4424 -1978 1168 3596 4508 3166 1126 -244 -178 294 380 874 1956 3374 4814 5764 6752 7162 7538 7786 7862 8018 8424 9116 9202 8776 8518 8632 8956 9274 8784 7630 6488 6200 5632 5250 4722 4910 4736 
4506 3876 2918 2428 2136 1960 1706 1276 574 -566 -1206 -1416 -1840 -1924 -2692 -4294 -4548 -5254 -6712 -7736 -9236 -11674 -15750 -19482 -22842 -23516 -29126 -26102 -22402 -16868 -13206 -13500 -16084 -17714 -18140 -17348 -15180 -12058 -8968 -6420 -5382 -5286 -5418 -5036 -3608 -1958 -534 730 1440 1250 554 -80 -534 -680 -446 134 494 942 2610 5776 9398 11790 12812 11194 7548 5498 7668 9912 10286 8132 5416 3654 3068 4564 7096 8758 9358 8416 5100 2424 2244 5814 9472 11336 11136 10898 12762 12726 6654 5050 4038 3450 4266 4450 6084 8478 9588 9628 9374 9812 
9974 9006 7156 5514 4914 4952 5936 7130 7900 8070 7356 6908 6492 6782 7466 7818 7784 6792 5590 6268 7154 6806 5388 3510 1726 180 -868 -792 -384 676 1342 1388 1364 1592 1722 1946 1222 76 -1176 -2800 -4146 -5118 -6108 -5910 -5980 -6874 -6846 -7988 -9296 -10750 -12308 -14742 -25044 -32767 -28942 -16408 -4258 2352 -2778 -10084 -15500 -17252 -15836 -13558 -11838 -11028 -11082 -12216 -13984 -14136 -13100 -10580 -7102 -4062 -1800 -670 -796 -1008 -1296 -1038 32 1322 2260 2876 3294 3342 3302 3276 3522 3954 4570 5136 4940 4694 4828 4206 3886 5890 6622 6510 
8600 10316 12146 12646 11006 8908 6468 7296 9456 11138 12444 12584 11920 10106 8664 9922 11104 11648 12470 14186 15116 13454 9840 5610 1162 -670 -384 3000 6944 9154 9856 9284 8100 6668 4830 4142 4426 4942 5872 6858 8176 9238 8890 7168 5836 5596 6302 8074 9536 8822 6170 4134 4214 4768 5472 5450 4370 3528 1998 1114 720 144 -888 -1352 -1278 -1126 -1176 -1374 -2036 -2534 -2770 -2732 -3046 -3832 -4520 -4816 -5394 -5778 -7026 -9492 -12486 -15796 -17530 -16856 -15836 -15934 -18350 -18818 -18464 -17154 -15184 -14150 -13920 -12968 -11644 -9794 -7626 -5984 -5054 -3982 
-3234 -2772 -2458 -2270 -1960 -1806 -1414 -860 -270 342 628 554 470 102 -876 -692 644 2518 4922 6152 5110 3348 1298 256 2344 3730 2410 834 -20 1066 3266 5414 5578 4026 1512 -1198 -2312 -616 788 1186 266 -2722 -5356 -6064 -5136 -2610 0 984 1144 162 -1668 -3280 -4598 -5222 -3906 -1776 -1668 -2174 -2268 -2178 -2442 -2996 -3422 -2904 -2002 -760 262 1124 1838 2352 2704 2954 3186 3204 2992 2816 2914 3098 3384 3408 2972 2576 2732 2976 3050 3002 2544 2140 1970 2322 2652 2720 2738 2766 2652 2192 1594 952 430 -84 
-698 -974 -848 -314 380 1176 1726 1974 2080 2070 2012 2012 2012 2004 1966 1912 1880 1886 1878 1810 1678 1536 1266 1030 896 816 884 1038 1132 1182 1264 1320 1296 1358 1374 1294 1300 1230 1334 1436 1584 1792 1962 2138 2246 2266 2224 2118 2032 1978 1846 1570 1280 1072 958 910 880 826 864 944 1094 1250 1422 1476 1558 1576 1520 1498 1482 1412 1368 1372 1446 1504 1578 1532 1588 1548 1536 1492 1408 1276 1126 1128 1088 1146 1246 1412 1524 1656 1700 1786 1776 1760 1782 1758 1734 1714 1738 1722 
1782 1822 1816 1864 1780 1710 1722 1636 1542 1432 1406 1346 1326 1306 1220 1244 1172 1144 1204 1178 1162 1220 1284 1310 1314 1314 1284 1294 1330 1374 1462 1514 1604 1612 1588 1568 1546 1552 1470 1486 1512 1562 1602 1570 1592 1686 1728 1798 1732 1670 1644 1696 1706 1762 1830 1828 1722 1644 1580 1582 1640 1678 1930 2008 1892 1672 1338 1132 988 926 894 816 956 1106 1186 1202 1170 1138 1108 1086 1264 1394 1450 1568 1570 1602 1606 1596 1554 1478 1430 1396 1528 1598 1792 1964 2072 2010 1860 1640 
1428 1204 1116 1112 1254 1446 1566 1668 1710 1682 1644 1532 1472 1406 1450 1492 1612 1708 1890 2104 2094 2052 1882 1760 1606 1462 1420 1446 1512 1592 1640 1626 1618 1558 1562 1494 1458 1374 1356 1318 1370 1380 1454 1534 1628 1782 1790 1768 1788 1946 2006 1998 1970 1880 1718 1650 1664 1636 1504 1526 1494 1508 1490 1574 1666 1764 1810 1744 1628 1518 1500 1440 1388 1380 1470 1602 1758 1932 2088 2136 2230 2176 2110 2012 1890 1754 1644 1712 1812 1906 2000 2028 2066 2056 1968 1828 1622 1496 1342 1382 
1514 1708 1848 1922 1898 1774 1626 1482 1508 1562 1604 1602 1556 1500 1552 1662 1782 1936 2098 2168 2134 2064 1988 1874 1846 1916 2248 2382 2474 2466 2460 2420 2374 2240 2094 1942 1794 1772 1650 1536 1426 1560 1570 1628 1556 1514 1460 1440 1438 1412 1378 1286 1302 1378 1416 1440 1474 1556 1532 1482 1478 1492 1520 1538 1516 1528 1522 1492 1448 1388 1376 1354 1292 1294 1260 1290 1242 1292 1282 1292 1350 1432 1438 1378 1402 1388 1424 1402 1336 1364 1334 1350 1318 1316 1292 1334 1296 1272 1240 1250 
1344 1466 1536 1552 1600 1636 1618 1576 1588 1510 1534 1442 1438 1400 1366 1436 1470 1522 1528 1532 1550 1584 1630 1558 1558 1490 1488 1472 1480 1576 1656 1826 1910 2014 2134 2174 2198 2230 2234 2268 2218 2154 2108 2102 2020 1994 1982 2006 2008 1998 2026 2008 2020 1998 1970 1934 1892 1910 1936 1936 1990 2082 2158 2122 2112 2000 1890 1726 1638 1512 1402 1298 1344 1348 1364 1466 1466 1516 1528 1534 1488 1398 1324 1788 1772 1754 1726 1686 1618 1672 1650 1662 1706 1718 1722 1746 1780 1784 1820 1774 
1746 1716 1668 1628 1572 1536 1462 1408 1334 1336 1326 1388 1492 1492 1528 1556 1582 1650 1678 1674 1722 1728 1752 1738 1766 1758 1766 1690 1660 1648 1602 1572 1508 1490 1494 1494 1496 1530 1572 1584 1586 1566 1622 1624 1508 1446 1378 1214 1042 836 762 852 1044 1204 936 132 -706 -1492 -2530 -3950 -4384 -4386 -4718 -4520 -2446 -142 1446 1678 382 -930 -1806 -2198 -2062 -996 78 1244 2220 3018 4640 6056 7414 8876 10066 10752 11392 12044 12416 12356 11930 11528 11048 10530 10102 9596 9276 8440 7312 6458 5328 4692 
4012 2622 1518 596 -536 -1658 -1876 -1650 -1890 -1952 -2296 -3316 -4200 -4908 -5650 -6046 -5794 -5432 -5378 -6082 -7464 -9264 -10430 -11626 -13174 -15598 -17884 -19426 -20596 -20794 -18218 -15816 -14792 -15150 -15470 -14798 -13518 -12014 -10716 -10208 -9608 -8836 -7668 -6508 -5836 -5240 -4272 -3226 -2446 -1934 -1714 -1386 -610 202 802 908 866 1198 2884 5760 8960 11572 12048 9220 5784 3824 4502 5792 6192 5744 3888 3518 3850 4072 5428 6814 6684 5010 3558 2320 2184 3654 4500 3212 3992 5032 4646 4314 5332 7172 11758 17052 17908 14030 8554 2808 -796 -1232 1822 6836 
11486 14534 16430 18172 19164 18128 15426 12086 9104 7474 7280 7302 7220 7208 7518 7890 8304 8468 7882 7630 7002 6504 6214 6018 5980 5590 5722 5388 4940 4500 4292 3500 2420 1484 376 -332 -414 -644 -1646 -3726 -5768 -6610 -6888 -8550 -9736 -10646 -9562 -7516 -6206 -6282 -8130 -10646 -12800 -14958 -15872 -15562 -16286 -15026 -14562 -15182 -15610 -14148 -12026 -10858 -10864 -11328 -10808 -9868 -9118 -8798 -9420 -10218 -10302 -9070 -7144 -5378 -4588 -4956 -5384 -4896 -3788 -2684 -1538 -444 698 1362 1794 1664 1266 1724 2940 4018 3960 2484 1014 286 758 3048 5384 6632 
6136 3460 1210 4 2226 6402 7640 6496 4168 1922 640 3808 7494 8894 7808 4860 3472 3444 4434 6720 8010 8042 7416 5950 4436 3344 3860 5456 6748 6466 4882 2114 -182 -774 238 1336 2664 4030 4490 4918 6478 8134 7858 6124 4314 4006 4456 4548 5176 6238 7274 7860 8044 7842 7658 7978 8532 8992 8322 7104 6014 4660 4164 4122 4660 4944 5470 4556 3046 826 -306 -676 -344 1210 2346 2242 1286 188 -734 -1244 -1576 -1880 -3670 -5792 -7226 -6908 -5628 -4464 -5144 -7838 -9740 -10656 -10658 -9786 -9614 -10598 -12254 -19188 -27410 -21222 
-10984 -1944 2364 -2606 -9596 -14896 -17382 -16122 -12806 -9606 -7646 -6224 -4882 -4864 -6084 -7806 -9332 -9832 -8960 -7132 -5862 -4474 -3362 -2346 -1146 -330 218 900 1102 496 -162 -674 -1230 -1870 -1770 -484 1292 2166 2022 1320 434 114 1604 3760 4904 4006 2580 1584 3020 6358 7378 7034 4398 1210 -1246 -1036 1492 3520 4720 4128 1488 -66 230 1270 2228 2428 2394 1818 592 -854 -2034 -2888 -3366 -2862 -1834 -874 -1558 -2926 -3224 -2632 -1512 -440 404 774 950 950 800 558 280 30 186 608 904 1080 1174 1250 1460 1630 1894 2164 
2434 2484 2392 2344 2278 2094 1894 1608 1448 1488 1644 1744 1874 2018 2140 2368 2706 2694 2322 1958 1450 882 266 -332 -738 -542 226 912 1390 1626 1772 1864 1886 1928 2126 2508 2582 2438 2314 2122 2008 1900 1884 1778 2138 2338 2294 2204 2118 2088 2080 2090 2086 2184 2382 2446 2574 2630 2670 2686 2700 2738 2684 2640 2686 2660 2628 2666 2672 2596 2614 2640 2624 2638 2472 2352 2298 2226 2144 2128 2104 2062 2140 2210 2282 2338 2394 2446 2442 2472 2434 2344 2292 2302 2352 2362 2476 2604 2654 2768 
2794 2770 2636 2500 2368 2282 2288 2258 2364 2440 2506 2602 2634 2626 2596 2526 2484 2382 2322 2334 2390 2356 2316 2302 2296 2250 2204 2138 1986 1964 1982 2068 2214 2242 2266 2362 2432 2750 2942 2968 2794 2410 1980 1678 1418 1218 988 868 928 1108 1254 1420 1562 1566 1512 1514 1636 1752 1878 1972 1970 2000 2040 2028 2012 2070 2128 2262 2458 2528 2510 2592 2408 2190 2210 2176 2206 2060 1964 1846 1708 1672 1664 1642 1772 1956 2062 2220 2292 2278 2264 2130 1968 1834 1706 1806 1994 2198 2326 2334 
2288 2122 2070 1924 1784 1762 1794 1946 2086 2180 2184 2048 1932 1768 1708 1740 1846 1976 2022 1944 1916 1802 1690 1580 1538 1580 1544 1600 1672 1740 1848 1816 1758 1732 1702 1686 1640 1632 1636 1652 1780 1820 1944 1966 1966 1932 1816 1766 1656 1658 1736 1836 1930 2008 2080 2108 2074 1948 1962 1912 1846 1766 1678 1662 1716 1766 1806 1826 1898 1926 1894 1962 1912 1902 1876 1768 1772 1770 1772 1784 1854 1832 1794 1714 1662 1554 1494 1548 1600 1610 1596 1510 1434 1300 1242 1160 1026 988 974 1080 
1204 1328 1498 1676 1758 1840 1852 1834 1684 1492 1420 1346 1312 1324 1340 1398 1466 1498 1594 1684 1806 1906 1996 2026 2072 2170 2254 2356 2506 2616 2762 2872 2988 3102 3108 3066 2928 2606 2310 1974 1712 1408 1120 900 714 708 756 878 1098 1370 1570 1770 1862 1692 1484 1322 1242 1006 1030 1220 1402 1466 1500 1522 1624 1708 1690 1594 1544 1446 1354 1274 1204 1098 1008 974 914 868 828 802 754 768 802 802 960 1100 1258 1350 1456 1516 1596 1664 1688 1706 1672 1660 1642 1646 1716 1846 
1808 1752 1684 1546 1440 1324 1196 1074 1038 1004 1078 1148 1138 1044 962 906 912 872 844 888 978 1058 1192 1246 1356 1402 1514 1576 1544 1502 1560 1634 1700 1702 1778 1728 1718 1678 1684 1700 1770 1814 1840 1850 1894 1946 1976 2020 2048 2152 2204 2206 2226 2242 2316 2344 2368 2278 2124 2022 1934 1772 1660 1592 1588 1610 1590 1550 1528 1514 1660 1778 1798 1774 1704 1580 1502 1460 1354 1366 1316 1364 