12 16 13 17 15 14 12 7 9 1 6 2 8 4 6 8 11 10 10 13 12 2 7 10 16 20 19 23 21 11 9 13 7 3 4 7 9 12 17 12 18 15 10 12 11 9 14 13 10 10 12 12 15 16 19 22 16 16 13 11 7 14 10 12 16 16 15 18 15 15 3 -1 -3 -2 9 14 17 8 -2 -29 -78 -120 -139 -151 -150 -181 -206 -239 -314 -384 -441 -454 -444 -420 -410 -393 -385 -383 -405 -430 
-472 -506 -550 -612 -687 -775 -866 -942 -1021 -1102 -1211 -1335 -1439 -1528 -1639 -1761 -1883 -2013 -2135 -2246 -2340 -2454 -2529 -2597 -2666 -2748 -2828 -2905 -2946 -2949 -2930 -2934 -2960 -2969 -2970 -2982 -2961 -2909 -2920 -3014 -3111 -3174 -3176 -3142 -3053 -2957 -2854 -2789 -2800 -2807 -2766 -2688 -2580 -2490 -2466 -2482 -2490 -2461 -2401 -2316 -2234 -2183 -2172 -2194 -2190 -2149 -2103 -2028 -1960 -1933 -1941 -1952 -2023 -2084 -2156 -2218 -2244 -2242 -2220 -2209 -2231 -2248 -2287 -2345 -2410 -2440 -2480 -2529 -2555 -2534 -2326 -2190 -2127 -2054 -1982 -1902 -1788 -1659 -1512 -1386 
-1262 -1163 -1071 -979 -860 -714 -587 -484 -422 -367 -275 -175 -70 -9 34 50 61 85 135 175 217 257 299 364 465 603 753 918 1047 1126 1218 1331 1436 1563 1729 1833 1914 1972 2054 2167 2305 2422 2536 2654 2726 2739 2719 2738 2832 2909 2958 2986 3003 3041 3103 3162 3237 3309 3348 3354 3372 3417 3457 3476 3522 3587 3640 3649 3680 3715 3711 3673 3651 3641 3656 3657 3683 3675 3667 3686 3719 3804 3864 3857 3809 3701 3562 3503 3538 3565 3498 3407 3184 2979 2843 2834 2810 2648 2390 2134 
1893 1629 1343 1277 1148 917 659 489 411 362 305 332 373 390 375 298 193 116 114 124 148 210 241 252 195 55 -5 -71 44 216 277 285 310 302 258 144 -24 -176 -280 -345 -372 -372 -372 -353 -324 -293 -275 -279 -282 -269 -246 -238 -215 -194 -165 -129 -70 10 82 149 183 172 108 27 -37 -50 -25 13 76 122 165 183 189 179 171 165 170 150 135 118 117 135 139 124 100 64 34 -6 -52 -107 -165 -232 -298 -353 -412 -494 -561 -617 -694 -836 
-1017 -1237 -1444 -1581 -1676 -1738 -1821 -1949 -2124 -2317 -2520 -2748 -2994 -3237 -3438 -3588 -3704 -3753 -3767 -3805 -3814 -3791 -3758 -3697 -3635 -3580 -3504 -3429 -3352 -3303 -3266 -3225 -3178 -3144 -3105 -3090 -3061 -3011 -2951 -2906 -2863 -2839 -2822 -2821 -2798 -2764 -2713 -2625 -2492 -2383 -2295 -2244 -2229 -2238 -2211 -2164 -2099 -2048 -2002 -2013 -2046 -2090 -2115 -2091 -2055 -2038 -2090 -2131 -2115 -2059 -1938 -1808 -1742 -1718 -1697 -1645 -1578 -1451 -1353 -1329 -1306 -1263 -1199 -1128 -1048 -1001 -937 -869 -772 -638 -537 -477 -429 -373 -310 -240 -176 -142 -115 -79 
-39 -21 -29 -30 -7 55 104 162 223 284 320 326 321 325 321 334 329 329 355 384 410 443 462 469 470 486 515 559 610 669 724 787 846 894 949 1032 1117 1221 1336 1467 1618 1779 1950 2132 2323 2497 2631 2748 2841 2909 2962 2993 3010 3017 3016 3035 3062 3081 3123 3202 3267 3331 3372 3420 3508 3585 3667 3747 3835 3900 3946 3959 3956 3974 3978 3981 3993 3970 3907 3773 3730 3790 3848 3905 3933 3907 3825 3789 3828 3833 3724 3604 3555 3491 3397 3343 3268 3255 3165 3064 
2970 2818 2742 2691 2642 2553 2415 2282 2121 1949 1846 1717 1574 1432 1304 1210 1092 967 768 588 447 375 352 341 370 416 454 433 292 194 73 63 232 471 496 420 320 102 -148 -321 -428 -460 -462 -426 -357 -270 -230 -203 -183 -128 -68 -34 -24 -16 -23 -47 -87 -104 -132 -150 -173 -216 -250 -277 -293 -288 -278 -265 -276 -338 -424 -509 -606 -696 -779 -885 -1009 -1140 -1273 -1400 -1525 -1674 -1863 -2058 -2241 -2376 -2458 -2518 -2603 -2688 -2773 -2872 -2970 -3070 -3159 -3222 -3290 -3382 -3472 -3584 
-3721 -3862 -3961 -4031 -4088 -4124 -4135 -4135 -4144 -4125 -4083 -4024 -3939 -3828 -3721 -3633 -3555 -3478 -3383 -3296 -3207 -3102 -3013 -2937 -2846 -2734 -2620 -2504 -2417 -2346 -2296 -2228 -2139 -2033 -1926 -1858 -1873 -1929 -1960 -1961 -1914 -1806 -1680 -1604 -1539 -1556 -1581 -1578 -1543 -1496 -1439 -1392 -1359 -1316 -1267 -1240 -1246 -1272 -1292 -1305 -1302 -1273 -1235 -1194 -1163 -1152 -1132 -1102 -1079 -1052 -1024 -1014 -1004 -984 -958 -916 -881 -825 -779 -751 -722 -702 -684 -656 -608 -569 -547 -524 -494 -447 -390 -359 -327 -276 -222 -182 -166 -157 -144 -117 
-86 -51 -44 -28 -29 -12 16 81 139 192 225 241 236 223 226 241 262 291 318 327 358 411 465 509 546 585 642 708 774 872 965 1052 1137 1212 1295 1377 1459 1543 1629 1707 1794 1893 1974 2058 2184 2308 2413 2502 2585 2671 2759 2829 2883 2947 3009 3072 3141 3173 3193 3227 3279 3339 3402 3456 3505 3533 3538 3557 3574 3608 3607 3588 3562 3541 3541 3521 3490 3453 3415 3386 3380 3361 3314 3269 3233 3211 3207 3228 3250 3174 3123 3072 3019 3019 3004 2924 2820 2688 2594 2579 
2595 2572 2487 2372 2238 2069 1974 1986 1995 1967 1896 1773 1608 1400 1207 1051 957 964 949 902 799 701 589 453 346 266 262 269 248 206 158 98 30 -50 -116 -191 -255 -271 -332 -130 -95 307 557 705 642 562 431 250 84 -77 -197 -281 -320 -327 -335 -349 -351 -342 -337 -334 -331 -316 -306 -318 -321 -333 -327 -315 -296 -280 -263 -250 -240 -229 -232 -220 -209 -202 -176 -153 -115 -46 29 120 193 247 279 263 226 163 86 14 -45 -77 -84 -88 -68 -44 -17 8 
6 4 5 7 15 17 15 13 14 7 6 3 7 5 8 9 10 8 15 11 9 9 4 4 3 2 5 4 9 7 9 15 15 11 13 13 13 13 12 17 15 15 17 17 19 17 17 18 19 15 13 11 10 9 19 19 20 5 6 3 8 1 -23 -58 -71 -92 -79 -57 -15 11 56 118 163 235 299 346 404 445 500 569 691 754 881 1000 1111 1159 1163 1162 1171 1201 1236 1202 1123 1024 980 968 973 944 874 771 
650 527 464 391 261 74 -126 -333 -536 -687 -788 -876 -990 -1116 -1217 -1334 -1482 -1677 -1852 -1978 -2085 -2195 -2319 -2448 -2555 -2632 -2702 -2749 -2776 -2804 -2818 -2846 -2901 -2972 -3029 -3016 -2980 -2966 -2975 -3000 -2997 -2947 -2891 -2820 -2771 -2769 -2775 -2814 -2890 -2938 -2943 -2921 -2859 -2808 -2810 -2842 -2887 -2912 -2909 -2870 -2773 -2654 -2526 -2358 -2194 -2040 -1962 -1913 -1893 -1877 -1871 -1817 -1743 -1673 -1622 -1590 -1551 -1480 -1420 -1367 -1331 -1276 -1247 -1206 -1095 -963 -861 -775 -698 -602 -479 -357 -269 -218 -173 -148 -118 -78 -16 37 
74 86 99 97 110 114 108 106 133 174 253 365 480 583 657 689 722 792 886 1001 1106 1230 1368 1544 1768 1990 2125 2202 2234 2285 2346 2401 2476 2575 2645 2706 2763 2812 2858 2868 2855 2829 2793 2717 2654 2621 2615 2587 2577 2574 2538 2521 2531 2570 2625 2695 2754 2789 2798 2788 2802 2890 2992 3075 3092 3010 2900 2810 2784 2814 2866 2868 2761 2601 2435 2395 2453 2480 2481 2440 2338 2199 2089 2063 2163 2226 2175 2055 2044 2002 1958 2001 2026 1993 1971 1956 1990 2011 1934 1824 
1691 1532 1459 1411 1355 1232 1173 1175 1170 1189 1282 1332 1307 1220 1123 1038 1003 1060 1093 1052 985 894 788 715 692 729 712 603 441 323 229 75 -35 -88 98 192 300 348 262 77 -107 -264 -365 -405 -371 -341 -324 -343 -344 -330 -287 -235 -187 -159 -154 -153 -153 -161 -169 -172 -140 -99 -49 -19 -13 -21 -44 -61 -61 -45 -43 -41 -52 -69 -79 -83 -93 -90 -81 -70 -69 -69 -87 -119 -170 -225 -304 -373 -437 -502 -618 -768 -902 -1000 -1083 -1128 -1156 -1213 -1311 -1443 
-1595 -1789 -1987 -2189 -2338 -2468 -2534 -2587 -2629 -2665 -2710 -2742 -2783 -2822 -2876 -2922 -2948 -2972 -2984 -3001 -3020 -3032 -3042 -3038 -3014 -2978 -2933 -2867 -2819 -2778 -2752 -2724 -2693 -2672 -2633 -2570 -2524 -2466 -2402 -2369 -2354 -2335 -2319 -2298 -2287 -2285 -2276 -2276 -2277 -2257 -2202 -2126 -2046 -1969 -1914 -1872 -1846 -1785 -1684 -1574 -1505 -1497 -1520 -1570 -1617 -1637 -1641 -1672 -1705 -1727 -1732 -1718 -1674 -1630 -1595 -1575 -1568 -1581 -1598 -1606 -1619 -1616 -1613 -1627 -1642 -1628 -1620 -1607 -1577 -1531 -1485 -1471 -1467 -1468 -1468 -1427 -1426 -1450 -1444 -1401 
-1337 -1204 -1093 -994 -900 -815 -758 -694 -592 -517 -445 -384 -341 -316 -300 -258 -208 -178 -152 -146 -141 -138 -128 -116 -107 -89 -71 -52 -30 34 146 274 390 488 575 676 767 866 947 1038 1140 1241 1361 1478 1607 1770 1946 2114 2260 2388 2470 2521 2568 2627 2700 2793 2903 3021 3154 3291 3464 3612 3709 3814 3875 3915 3952 4032 4106 4175 4230 4279 4304 4292 4273 4262 4286 4335 4346 4307 4227 4134 4069 4005 4025 3989 3960 3994 3977 3902 3849 3843 3830 3855 3896 3801 3704 3527 3398 3327 
3247 3138 2914 2542 2343 2167 2010 1901 1851 1692 1510 1363 1238 1125 991 871 772 688 604 444 287 148 60 31 42 30 49 31 -3 -13 -12 -15 -38 -78 -111 -148 -254 -100 -13 372 544 662 596 452 213 -44 -242 -367 -422 -428 -379 -299 -216 -184 -161 -149 -130 -97 -61 -7 2 -16 -37 -62 -78 -89 -137 -183 -244 -282 -318 -350 -391 -434 -504 -576 -652 -735 -803 -876 -936 -981 -1018 -1057 -1104 -1137 -1162 -1197 -1255 -1314 -1405 -1497 -1580 -1653 -1698 -1754 -1835 -1934 -2038 -2136 
-2191 -2218 -2255 -2301 -2358 -2433 -2523 -2599 -2663 -2714 -2778 -2866 -2954 -3019 -3080 -3133 -3189 -3261 -3337 -3377 -3392 -3375 -3313 -3218 -3092 -2987 -2911 -2829 -2747 -2666 -2605 -2563 -2537 -2521 -2504 -2455 -2371 -2268 -2161 -2074 -2031 -2004 -1990 -1977 -1961 -1942 -1941 -1974 -1986 -1996 -1979 -1962 -1918 -1864 -1843 -1857 -1887 -1923 -1942 -1933 -1914 -1907 -1891 -1868 -1845 -1817 -1800 -1773 -1752 -1753 -1784 -1803 -1828 -1844 -1818 -1762 -1720 -1692 -1655 -1626 -1608 -1575 -1503 -1452 -1385 -1334 -1281 -1231 -1197 -1141 -1128 -1113 -1086 -1039 -968 -933 -943 -965 -941 -875 
-807 -728 -656 -590 -556 -505 -457 -403 -381 -353 -343 -300 -258 -213 -164 -110 -50 4 59 118 178 231 274 322 356 380 384 381 414 455 491 518 548 573 606 643 680 712 748 790 794 801 810 819 849 902 973 1057 1146 1222 1287 1335 1386 1455 1527 1612 1717 1805 1881 1954 2018 2060 2083 2095 2126 2194 2277 2363 2476 2602 2691 2747 2799 2849 2884 2891 2909 2954 3017 3088 3167 3227 3289 3349 3355 3346 3341 3335 3314 3278 3244 3239 3249 3261 3273 3295 3301 3304 3334 3402 
3484 3545 3560 3537 3489 3455 3413 3461 3440 3374 3231 3017 2815 2695 2725 2728 2554 2290 2061 1792 1577 1515 1505 1506 1455 1315 1138 925 675 512 436 463 438 393 313 188 59 -70 -166 -224 -266 -269 -258 -210 -179 -146 -121 -133 -187 -308 -540 -649 -170 439 367 249 296 336 189 41 -105 -214 -263 -295 -352 -387 -377 -349 -317 -305 -324 -353 -371 -373 -359 -312 -257 -206 -173 -165 -166 -159 -146 -132 -117 -109 -104 -86 -72 -78 -101 -111 -120 -120 -113 -113 -123 -127 -1 -11 
-22 -29 -27 -32 -34 -31 -36 -42 -43 -40 -41 -38 -39 -36 -35 -30 -27 -27 -25 -19 -24 -17 -18 -17 -12 -7 -4 -1 5 8 9 15 12 9 13 13 11 14 17 20 20 20 20 14 18 16 14 12 11 9 8 3 6 5 9 9 14 8 9 12 7 7 5 6 0 2 -7 -1 2 8 4 10 19 13 21 18 27 28 27 29 26 32 26 18 19 24 17 19 18 20 18 21 19 24 20 19 22 16 13 17 
18 20 12 19 16 13 14 17 16 17 16 14 19 22 17 17 19 15 17 16 17 12 12 11 18 13 12 11 12 6 7 6 9 7 6 9 15 19 24 23 20 15 13 7 6 4 4 1 0 1 3 2 0 -3 -3 -1 -3 -8 -7 -12 -8 -5 -8 -8 -12 -14 -18 -26 -28 -30 -26 -31 -47 -75 -120 -156 -198 -227 -240 -254 -250 -239 -204 -176 -189 -198 -175 -171 -156 -156 -149 -144 -133 -139 -148 -143 -132 -117 -64 18 
38 44 66 86 121 170 198 220 271 326 348 351 341 313 268 238 228 201 144 50 -97 -272 -457 -632 -795 -983 -1214 -1432 -1601 -1731 -1887 -2046 -2184 -2325 -2492 -2667 -2780 -2889 -2957 -3020 -3115 -3223 -3347 -3474 -3595 -3690 -3718 -3702 -3673 -3643 -3612 -3565 -3535 -3504 -3468 -3437 -3394 -3304 -3196 -3072 -2946 -2842 -2786 -2780 -2771 -2730 -2633 -2504 -2380 -2308 -2281 -2331 -2392 -2410 -2443 -2437 -2428 -2422 -2436 -2441 -2454 -2492 -2527 -2546 -2597 -2669 -2760 -2821 -2847 -2892 -2912 -2853 -2793 -2766 -2783 -2810 -2887 -2925 -2625 -2096 
-1543 -1201 -1073 -986 -837 -670 -528 -416 -345 -315 -309 -280 -235 -219 -231 -248 -250 -204 -119 -32 42 95 146 189 202 189 170 138 123 110 83 42 -11 -57 -69 -75 -67 -54 -39 -30 -24 -26 -24 -22 -22 -24 -26 -29 -25 -30 -34 -37 -38 -44 -47 -49 -53 -59 -61 -50 -43 -35 -27 -18 5 47 99 143 162 174 198 216 225 236 258 300 351 418 496 591 701 816 941 1060 1180 1310 1460 1624 1781 1920 2037 2149 2259 2397 2524 2668 2815 2962 3081 3186 
3279 3360 3434 3512 3580 3606 3627 3652 3698 3762 3826 3893 3921 3878 3800 3727 3686 3674 3677 3641 3566 3451 3324 3293 3327 3403 3430 3408 3446 3465 3526 3589 3692 3818 3915 4020 4099 4210 4280 4301 4385 4361 4205 4155 4040 3766 3503 3201 2928 2690 2475 2257 2029 1767 1493 1233 961 744 508 467 91 -99 -91 -57 -161 -368 -569 -732 -853 -984 -1147 -1293 -1422 -1522 -1604 -1624 -1647 -1689 -1725 -1799 -1858 -1913 -1955 -1975 -2008 -2044 -2086 -2150 -2207 -2249 -2293 -2335 -2363 -2401 -2460 -2536 -2652 -2805 -2931 -3024 
-3107 -3187 -3265 -3320 -3390 -3437 -3483 -3506 -3474 -3434 -3411 -3423 -3468 -3484 -3494 -3475 -3444 -3390 -3363 -3371 -3389 -3373 -3308 -3206 -3114 -3040 -3005 -2986 -2985 -2954 -2883 -2788 -2685 -2576 -2511 -2444 -2399 -2337 -2265 -2185 -2035 -1883 -1743 -1645 -1566 -1467 -1391 -1309 -1217 -1167 -1122 -1071 -1019 -982 -956 -954 -959 -999 -1066 -1148 -1227 -1307 -1388 -1473 -1557 -1652 -1759 -1842 -1950 -2045 -2109 -2130 -2125 -2107 -2104 -2123 -2168 -2184 -2181 -2153 -2159 -2174 -2179 -2081 -1857 -1627 -1446 -1338 -1284 -1255 -1244 -1245 -1193 -1014 -733 -461 -223 -111 -17 85 
236 442 660 935 1235 1564 1863 2102 2316 2535 2720 2869 2994 3148 3324 3510 3658 3756 3808 3843 3861 3896 3953 4027 4124 4186 4228 4233 4232 4250 4294 4323 4337 4345 4361 4395 4427 4458 4484 4491 4478 4412 4326 4211 4146 4123 4149 4152 4153 4158 4148 4175 4285 4412 4462 4501 4526 4526 4520 4512 4404 4269 4018 3798 3550 3277 3029 2798 2528 2221 1950 1646 1376 1157 957 753 617 554 538 532 384 301 98 6 17 -155 -457 -504 -607 -680 -846 -1086 -1288 -1465 -1587 -1637 -1679 -1699 -1745 -1830 
-1945 -2032 -2117 -2189 -2263 -2323 -2396 -2492 -2579 -2655 -2709 -2741 -2774 -2826 -2911 -2983 -3055 -3144 -3228 -3307 -3385 -3447 -3489 -3479 -3429 -3377 -3324 -3312 -3350 -3380 -3396 -3345 -3248 -3180 -3171 -3158 -3153 -3142 -3097 -3006 -2898 -2795 -2718 -2664 -2632 -2579 -2509 -2446 -2409 -2416 -2421 -2411 -2366 -2281 -2221 -2165 -2106 -2046 -2016 -1990 -1982 -1951 -1947 -1923 -1889 -1856 -1805 -1762 -1742 -1717 -1716 -1706 -1696 -1670 -1647 -1605 -1570 -1569 -1574 -1578 -1565 -1541 -1517 -1502 -1476 -1444 -1425 -1424 -1434 -1455 -1469 -1456 -1412 -1393 -1372 -1334 -1296 -1234 -1165 -1102 
-1043 -986 -929 -890 -846 -803 -761 -703 -666 -630 -625 -622 -596 -533 -483 -414 -356 -319 -232 -112 26 148 222 259 280 298 326 373 430 491 566 630 701 791 886 976 1044 1113 1186 1252 1317 1386 1459 1530 1589 1653 1724 1789 1845 1888 1949 2017 2091 2196 2309 2415 2525 2624 2729 2813 2889 2970 3031 3071 3146 3223 3295 3338 3355 3402 3462 3523 3575 3617 3631 3574 3498 3407 3353 3289 3218 3136 3033 2932 2824 2729 2624 2547 2483 2485 2530 2599 2676 2780 2844 2832 2779 2669 2574 2533 
2403 2247 2138 1995 1891 1824 1899 2088 2213 2221 2064 1916 1768 1641 1572 1593 1652 1679 1621 1474 1255 1042 882 813 846 891 854 725 505 270 107 -27 -96 -87 -70 -63 -78 -84 -80 -136 -166 -182 -171 -125 -74 -34 1 14 28 27 20 11 -22 53 110 217 307 351 375 362 268 181 84 -32 -146 -241 -308 -326 -287 -230 -168 -128 -109 -100 -111 -132 -162 -194 -212 -217 -201 -173 -138 -71 -1 75 147 202 225 231 227 208 177 146 103 62 19 -1 1 9 
9 8 6 0 2 -3 -8 -9 -6 -4 -5 -5 0 -8 -2 -4 4 -3 -5 3 0 -3 -5 -7 -9 -8 -14 -9 -6 -2 -1 4 3 7 6 6 4 1 2 -2 0 -2 3 4 8 11 9 14 15 15 13 7 13 7 10 13 8 7 11 13 9 10 9 8 12 13 12 8 7 8 1 -1 2 -2 5 -1 1 3 1 4 3 5 6 2 -1 4 5 2 3 0 4 7 9 7 9 14 12 11 11 9 
8 9 8 9 12 11 12 13 11 11 10 13 10 8 11 9 9 4 6 4 6 5 8 4 12 4 -2 4 1 2 0 2 4 5 5 3 6 5 2 0 2 1 -2 -3 -2 -6 -1 0 0 1 4 3 2 5 0 5 2 -1 -1 2 0 0 10 0 7 3 1 -1 4 0 2 1 0 6 5 8 10 5 7 9 8 6 4 8 9 10 10 9 14 14 14 12 16 20 25 25 17 17 20 21 
22 27 19 21 22 21 24 22 24 23 25 21 22 24 21 20 19 19 20 23 21 26 23 28 23 28 26 21 22 19 17 18 17 14 18 16 24 19 17 20 15 15 18 21 14 18 16 16 9 13 12 9 11 7 9 12 6 7 7 3 8 6 6 11 8 10 -1 -6 -8 3 11 17 12 -2 -24 -43 -40 -44 -54 -59 -62 -67 -110 -150 -213 -245 -265 -285 -278 -274 -266 -234 -188 -137 -99 -50 -6 0 -8 -37 
-74 -97 -123 -155 -199 -239 -295 -360 -445 -558 -709 -876 -1038 -1216 -1367 -1499 -1631 -1769 -1918 -2070 -2203 -2303 -2372 -2442 -2530 -2624 -2720 -2791 -2860 -2870 -2864 -2874 -2898 -2916 -2901 -2885 -2868 -2838 -2812 -2805 -2807 -2801 -2764 -2719 -2662 -2630 -2582 -2549 -2538 -2526 -2529 -2556 -2597 -2641 -2663 -2661 -2595 -2522 -2437 -2381 -2335 -2283 -2219 -2126 -2030 -1966 -1924 -1904 -1905 -1905 -1885 -1863 -1832 -1810 -1794 -1794 -1827 -1832 -1842 -1849 -1852 -1810 -1759 -1681 -1634 -1641 -1698 -1760 -1803 -1837 -1828 -1792 -1721 -1650 -1575 -1507 -1466 -1426 -1401 -1373 
-1334 -1276 -1234 -1197 -1150 -1096 -1060 -1010 -957 -882 -834 -766 -696 -587 -481 -377 -281 -184 -138 -98 -81 -12 82 135 169 157 87 80 92 111 122 142 141 153 130 81 34 5 50 120 185 234 283 359 449 552 637 718 809 922 1060 1204 1353 1468 1555 1640 1745 1858 1988 2110 2222 2333 2430 2515 2576 2620 2630 2616 2614 2601 2586 2566 2531 2496 2482 2476 2540 2614 2675 2742 2818 2897 2984 3082 3166 3230 3250 3232 3194 3140 3134 3199 3235 3251 3235 3163 3049 3011 2960 2883 
2805 2716 2621 2421 2346 2466 2540 2563 2591 2547 2423 2292 2220 2160 2180 2137 2124 2119 2037 1949 1899 1822 1739 1812 1966 2051 2067 2067 2073 2106 2192 2269 2275 2213 2079 1942 1850 1818 1846 1872 1866 1792 1706 1571 1447 1325 1216 1097 1007 910 822 758 723 697 659 623 602 587 592 614 635 638 608 556 479 469 413 338 233 157 141 117 124 86 14 -81 -185 -286 -353 -391 -394 -377 -357 -352 -364 -388 -381 -378 -390 -426 -473 -525 -587 -652 -703 -753 -810 -897 -1001 -1115 
-1198 -1249 -1277 -1299 -1337 -1411 -1501 -1594 -1660 -1686 -1723 -1759 -1822 -1880 -1939 -1982 -2016 -2040 -2071 -2113 -2168 -2232 -2299 -2374 -2407 -2413 -2418 -2422 -2425 -2413 -2411 -2410 -2406 -2393 -2379 -2362 -2357 -2359 -2381 -2391 -2397 -2393 -2379 -2361 -2316 -2269 -2248 -2245 -2230 -2195 -2141 -2079 -2065 -2088 -2124 -2137 -2138 -2138 -2114 -2096 -2088 -2070 -2046 -2045 -2049 -2070 -2087 -2098 -2129 -2164 -2175 -2162 -2163 -2175 -2171 -2191 -2196 -2199 -2200 -2209 -2193 -2178 -2172 -2161 -2133 -2094 -2036 -1963 -1901 -1864 -1861 -1854 -1852 -1866 -1878 -1914 -1948 -2010 -2024 -2032 
-2054 -2072 -2092 -2054 -1960 -1814 -1718 -1632 -1547 -1444 -1314 -1196 -1071 -947 -805 -681 -571 -505 -436 -366 -277 -207 -130 -35 43 99 162 200 236 246 235 230 231 259 290 309 351 430 546 632 707 759 795 800 822 876 944 1030 1120 1227 1332 1444 1556 1680 1822 1966 2065 2152 2252 2380 2497 2608 2731 2857 2977 3072 3159 3237 3273 3294 3349 3413 3479 3548 3610 3638 3708 3796 3879 3910 3865 3746 3570 3431 3385 3374 3396 3387 3327 3245 3209 3209 3226 3235 3190 3089 2994 2940 2920 2934 
2930 2881 2825 2769 2723 2821 2873 2841 2850 2882 2920 2919 2912 2962 3013 3124 3095 3093 2997 2862 2751 2676 2705 2794 2894 2828 2700 2514 2310 2115 2031 2005 2010 1919 1665 1387 1076 797 501 254 90 -70 -216 -308 -315 -288 -239 -201 -152 -159 -197 -215 -235 -203 -74 -11 71 49 39 46 41 22 -67 -198 -344 -414 -455 -459 -446 -453 -471 -514 -557 -627 -712 -804 -897 -978 -1049 -1143 -1234 -1321 -1393 -1466 -1545 -1622 -1675 -1712 -1748 -1800 -1861 -1925 -1993 -2032 -2080 -2158 -2270 -2388 -2504 -2590 
-2657 -2686 -2700 -2775 -2876 -2985 -3058 -3094 -3093 -3092 -3092 -3099 -3121 -3154 -3167 -3127 -3081 -3046 -3066 -3079 -3071 -3026 -2961 -2926 -2962 -3003 -3037 -3035 -2983 -2919 -2858 -2800 -2716 -2600 -2476 -2380 -2312 -2259 -2244 -2205 -2175 -2134 -2086 -2073 -2055 -2061 -2057 -2049 -2022 -2000 -1976 -1964 -1959 -1975 -1989 -1989 -2003 -2002 -2029 -2041 -2055 -2051 -2018 -1987 -1941 -1900 -1866 -1834 -1803 -1793 -1788 -1762 -1711 -1602 -1485 -1378 -1287 -1255 -1232 -1204 -1198 -1167 -1095 -1049 -1000 -943 -894 -839 -762 -657 -548 -423 -340 -275 -221 -172 16 20 27 28 
35 44 49 57 61 66 65 59 61 46 40 24 16 13 6 5 4 2 4 0 -8 -11 -19 -19 -29 -38 -43 -54 -57 -70 -74 -71 -84 -89 -93 -99 -103 -99 -102 -100 -101 -92 -87 -79 -69 -64 -56 -60 -51 -47 -43 -47 -41 -35 -25 -22 -14 -5 1 7 15 12 14 -4 -13 -27 -37 -45 -52 -41 -51 -87 -123 -145 -173 -186 -180 -164 -124 -68 -18 9 33 59 95 170 234 296 367 441 518 556 570 581 602 640 672 660 610 535 
464 437 428 439 441 420 374 339 334 330 324 292 224 152 71 -2 -65 -167 -261 -361 -466 -561 -661 -772 -884 -1023 -1171 -1301 -1451 -1597 -1779 -1973 -2158 -2319 -2429 -2509 -2573 -2614 -2642 -2674 -2708 -2706 -2697 -2714 -2722 -2701 -2672 -2623 -2595 -2572 -2553 -2534 -2541 -2578 -2576 -2549 -2508 -2448 -2353 -2279 -2203 -2136 -2108 -2088 -2089 -2074 -2078 -2090 -2112 -2136 -2158 -2158 -2133 -2127 -2114 -2094 -2077 -2061 -2061 -2059 -2056 -2054 -2060 -2039 -2011 -2028 -2023 -2056 -2116 -2162 -2183 -2184 -2190 -2188 -2180 -2144 -2060 -1966 -1894 -1868 
-1882 -1905 -1862 -1712 -1493 -1314 -1193 -1122 -1063 -981 -830 -626 -412 -233 -107 -25 14 43 100 175 263 303 315 315 343 419 500 578 648 697 751 814 900 993 1064 1135 1184 1223 1255 1291 1366 1444 1511 1577 1592 1592 1626 1694 1804 1925 2038 2135 2229 2322 2403 2468 2522 2555 2581 2605 2652 2702 2745 2816 2903 2986 3056 3082 3086 3044 2993 2973 2990 3016 3046 3075 3090 3101 3136 3155 3133 3113 3050 2950 2840 2740 2675 2641 2566 2483 2433 2380 2340 2346 2404 2460 2475 2458 2417 2307 
2333 2452 2568 2632 2578 2517 2453 2365 2258 2115 1949 1771 1590 1498 1517 1469 1363 1223 1093 899 832 886 971 1034 1117 1130 1058 977 848 699 670 669 647 647 614 539 427 279 121 122 11 -74 -167 -168 -66 1 89 209 252 235 140 59 9 -77 -163 -207 -201 -184 -184 -208 -226 -244 -252 -267 -265 -266 -279 -300 -324 -344 -347 -334 -312 -314 -340 -356 -396 -450 -544 -654 -765 -837 -882 -936 -995 -1055 -1143 -1249 -1371 -1493 -1638 -1781 -1914 -2030 -2160 -2289 -2434 -2573 -2702 -2827 
-2925 -3008 -3088 -3158 -3278 -3459 -3653 -3855 -4007 -4145 -4305 -4514 -4600 -4583 -4562 -4522 -4410 -4258 -4084 -3869 -3654 -3450 -3303 -3204 -3109 -3031 -2950 -2869 -2770 -2700 -2628 -2593 -2557 -2486 -2410 -2359 -2363 -2386 -2467 -2563 -2613 -2616 -2569 -2492 -2401 -2354 -2328 -2330 -2331 -2318 -2264 -2190 -2109 -2021 -1956 -1866 -1791 -1714 -1653 -1572 -1504 -1464 -1403 -1320 -1190 -1034 -905 -753 -680 -644 -571 -509 -462 -396 -337 -271 -157 -51 10 36 72 109 177 223 266 267 279 295 307 336 382 434 494 547 615 679 770 851 928 981 
1039 1102 1196 1311 1427 1551 1685 1818 1959 2096 2223 2323 2407 2474 2548 2614 2696 2799 2894 2982 3060 3106 3138 3169 3218 3260 3309 3355 3403 3446 3493 3562 3627 3679 3727 3764 3761 3745 3732 3708 3687 3653 3563 3407 3260 3189 3182 3217 3276 3338 3398 3417 3405 3399 3359 3355 3318 3302 3306 3285 3257 3223 3148 3098 3052 3092 3128 3138 3073 2971 2868 2760 2634 2540 2453 2357 2258 2122 1977 1865 1689 1544 1447 1342 1266 1179 1086 954 823 698 607 557 488 408 323 274 271 320 382 421 
411 388 354 336 302 264 254 276 394 443 400 209 72 -7 -75 -127 -199 -270 -323 -364 -385 -406 -428 -431 -425 -419 -418 -402 -390 -386 -421 -480 -533 -585 -617 -622 -653 -715 -807 -907 -992 -1085 -1152 -1230 -1290 -1366 -1441 -1523 -1594 -1688 -1779 -1867 -1928 -1985 -2035 -2086 -2149 -2218 -2287 -2356 -2392 -2428 -2473 -2516 -2582 -2632 -2653 -2663 -2647 -2651 -2669 -2735 -2865 -2984 -3071 -3137 -3206 -3272 -3316 -3375 -3422 -3489 -3507 -3474 -3430 -3393 -3358 -3297 -3238 -3171 -3092 -2989 -2887 -2806 -2726 -2638 -2558 -2501 -2464 -2433 
-2408 -2390 -2385 -2347 -2326 -2320 -2331 -2317 -2289 -2280 -2269 -2249 -2183 -2114 -2084 -2029 -1969 -1929 -1883 -1837 -1818 -1785 -1757 -1701 -1604 -1516 -1467 -1438 -1429 -1423 -1362 -1299 -1251 -1232 -1224 -1238 -1192 -1121 -1036 -941 -842 -784 -746 -680 -607 -378 -172 32 125 154 194 225 318 372 422 509 580 666 786 876 939 969 1001 1032 1088 1152 1215 1271 1338 1398 1476 1559 1629 1660 1700 1750 1781 1850 1937 2014 2104 2177 2214 2219 2218 2220 2217 2213 2217 2230 2260 2315 2383 2417 2445 2486 2542 2644 2778 2930 
3098 3269 3422 3567 3667 3734 3754 3752 3755 3768 3819 3877 3937 3951 3929 3891 3825 3757 3719 3673 3621 3570 3534 3508 3458 3382 3321 3237 3189 3227 3380 3488 3511 3502 3388 3201 3198 3209 3129 3020 2846 2602 2338 2030 1839 1691 1487 1366 1214 999 817 711 653 590 554 509 442 360 339 345 366 368 373 394 384 365 347 334 332 331 339 316 357 120 87 -17 -81 -134 -230 -232 -215 -197 -173 -129 -81 -19 26 54 73 106 140 170 197 211 214 192 174 140 69 -13 
-95 -176 -254 -322 -393 -472 -546 -618 -681 -712 -730 -753 -785 -819 -857 -877 -883 -882 -803 -767 -715 -625 -620 -626 -646 -680 -754 -833 -882 -824 -792 -842 -857 -854 -762 -599 -459 -368 -269 -259 -257 -232 -130 -266 -358 -332 -280 -216 -266 -286 -291 -355 -471 -486 -387 -306 -276 -230 -56 47 81 100 120 158 106 56 -131 -254 -326 -295 -300 -207 -300 -316 -218 -161 -174 -192 -128 -60 18 76 178 249 305 376 408 498 530 559 588 582 674 1065 1224 11 16 12 11 9 
14 11 13 12 14 11 2 -2 -3 -15 -7 -11 -8 -5 -1 6 9 13 11 16 11 12 11 14 11 14 16 20 23 24 23 22 20 24 24 21 18 14 16 17 14 14 17 20 18 22 25 26 30 30 32 34 34 35 34 32 29 22 21 22 21 14 13 12 4 1 -4 -28 -51 -72 -83 -111 -112 -128 -123 -111 -89 -36 17 42 54 58 86 136 163 182 192 185 183 183 187 158 130 88 20 -51 -124 -174 -234 -314 
-416 -506 -586 -653 -702 -754 -846 -950 -1074 -1202 -1335 -1453 -1581 -1712 -1826 -1922 -2007 -2061 -2089 -2155 -2268 -2377 -2435 -2461 -2506 -2564 -2621 -2678 -2727 -2762 -2775 -2763 -2749 -2720 -2694 -2670 -2648 -2606 -2550 -2495 -2457 -2419 -2404 -2379 -2358 -2348 -2328 -2291 -2281 -2308 -2321 -2317 -2281 -2208 -2194 -2207 -2221 -2213 -2191 -2160 -2128 -2085 -2020 -1990 -2012 -2033 -2027 -1996 -1932 -1867 -1806 -1766 -1727 -1712 -1714 -1697 -1671 -1600 -1501 -1388 -1325 -1296 -1262 -1209 -1121 -1051 -990 -898 -816 -745 -659 -546 -460 -400 -320 -229 -130 -53 15 107 
213 300 374 429 464 518 575 645 705 780 861 965 1096 1225 1314 1403 1494 1599 1706 1835 1946 2090 2214 2312 2401 2487 2535 2567 2654 2763 2903 3036 3149 3242 3299 3356 3440 3547 3662 3754 3815 3874 3928 3984 3999 4035 4069 4119 4184 4248 4304 4323 4297 4199 4142 4163 4197 4206 4145 4088 3988 3854 3708 3610 3628 3605 3517 3405 3275 3190 3151 3097 3039 3011 2894 2847 2767 2594 2453 2266 2067 1899 1675 1542 1446 1308 1117 910 842 805 766 710 653 623 610 585 529 483 456 420 
386 339 278 129 128 52 128 89 48 38 12 -37 -145 -315 -467 -582 -631 -698 -774 -871 -939 -1003 -1078 -1154 -1232 -1323 -1405 -1516 -1624 -1737 -1849 -1957 -2060 -2144 -2208 -2275 -2354 -2413 -2502 -2598 -2693 -2785 -2876 -2977 -3056 -3131 -3192 -3251 -3308 -3363 -3430 -3493 -3578 -3643 -3685 -3715 -3720 -3728 -3725 -3740 -3749 -3752 -3770 -3796 -3799 -3769 -3723 -3653 -3581 -3519 -3446 -3382 -3340 -3308 -3266 -3209 -3134 -3050 -2973 -2914 -2822 -2735 -2674 -2643 -2588 -2516 -2477 -2418 -2338 -2275 -2232 -2219 -2174 -2126 -2123 -2110 -2059 -1984 -1890 -1807 
-1760 -1737 -1746 -1772 -1794 -1732 -1619 -1493 -1397 -1325 -1298 -1253 -1191 -1131 -1065 -1028 -1012 -974 -904 -808 -696 -623 -575 -542 -516 -465 -394 -347 -282 -242 -191 -139 -66 -41 -28 -22 -45 -37 24 67 97 122 142 169 213 251 286 326 394 450 518 577 666 756 843 925 1017 1123 1238 1362 1502 1623 1721 1818 1938 2099 2267 2475 2710 2937 3111 3274 3412 3481 3527 3595 3615 3628 3649 3670 3648 3586 3520 3474 3444 3476 3559 3624 3646 3641 3646 3673 3680 3705 3717 3714 3668 3621 3600 3634 
3669 3701 3719 3715 3674 3662 3621 3648 3739 3817 3835 3817 3726 3641 3607 3631 3697 3758 3713 3594 3418 3147 2980 2889 2793 2725 2585 2373 2145 1860 1600 1461 1463 1464 1485 1431 1274 1074 901 790 814 829 817 773 708 606 459 303 155 55 -32 -73 -74 -44 262 428 459 339 149 -90 -318 -434 -515 -553 -574 -621 -714 -781 -764 -724 -683 -637 -603 -586 -576 -592 -619 -673 -734 -807 -889 -969 -1061 -1122 -1166 -1202 -1265 -1353 -1463 -1562 -1634 -1687 -1753 -1816 -1897 -1969 -2049 -2133 -2204 -2239 
-2273 -2344 -2433 -2520 -2585 -2639 -2654 -2670 -2691 -2714 -2731 -2726 -2695 -2687 -2698 -2740 -2807 -2870 -2898 -2909 -2905 -2893 -2892 -2924 -2980 -3041 -3053 -3052 -3037 -3041 -3037 -3053 -3069 -3061 -3025 -2971 -2971 -3004 -3029 -3044 -3072 -3047 -2974 -2918 -2897 -2873 -2886 -2858 -2856 -2852 -2870 -2885 -2898 -2834 -2764 -2703 -2663 -2630 -2602 -2542 -2458 -2378 -2281 -2216 -2174 -2152 -2112 -2043 -1990 -1906 -1815 -1690 -1540 -1353 -1218 -1144 -1115 -1114 -1084 -976 -793 -674 -573 -508 -445 -368 -218 -69 29 74 122 214 287 405 482 510 553 630 719 833 
933 1010 1057 1101 1174 1268 1342 1400 1442 1456 1477 1528 1593 1674 1718 1751 1775 1815 1894 2003 2118 2171 2195 2212 2256 2313 2389 2492 2581 2644 2703 2775 2854 2939 3034 3119 3227 3348 3471 3591 3710 3805 3873 3934 3977 4027 4041 4070 4089 4111 4136 4189 4182 4118 4109 4124 4131 4013 3947 3866 3779 3755 3699 3612 3656 3680 3583 3453 3294 3073 2797 2791 2753 2615 2431 2247 1941 1630 1472 1392 1362 1314 1219 1094 969 889 754 605 509 428 336 266 283 308 283 267 242 200 169 162 
151 122 73 26 -28 -71 15 69 82 38 -57 -127 -188 -191 -199 -207 -206 -171 -120 -56 18 95 168 229 295 360 405 440 438 427 402 360 319 266 218 181 138 96 63 23 -4 -32 -49 -65 -72 -92 -120 -138 -152 -171 -186 -211 -239 -268 -297 -309 -315 -312 -323 -330 -346 -323 -242 -133 -42 73 162 185 179 105 9 -98 -190 -251 -297 -318 -313 -293 -256 -222 -198 -173 -147 -118 -93 -72 -94 -137 -193 -246 -288 -323 -348 -359 -353 -336 -318 -289 -237 -182 
-115 -51 16 68 118 145 159 154 139 111 74 53 30 16 0 -29 -59 -88 -118 -167 -227 -280 -293 -285 -279 -265 -301 -334 -329 -329 -351 -373 -392 -425 -458 -498 -535 -522 -514 -480 -424 -353 -279 -222 -169 -92 -20 51 118 183 261 327 389 442 478 507 529 552 562 572 579 578 578 571 562 542 514 488 457 412 371 339 309 272 234 200 161 125 92 59 24 -6 -33 -59 -76 -97 -116 -133 -154 -171 -185 -190 -185 -177 -158 -167 -170 -172 -163 -150 
-125 -92 -52 -2 41 83 129 152 158 144 126 99 65 37 21 9 8 3 0 7 8 7 15 21 32 37 39 46 50 47 48 50 49 52 54 55 55 50 40 33 26 19 12 11 5 -4 -11 -17 -22 -20 -24 -19 -17 -13 -14 -7 -7 -7 -11 -7 -8 -10 -13 -17 -13 -15 -12 -13 -12 -13 -7 -8 -10 -8 -10 -11 -10 -10 -6 -9 -3 2 7 15 20 22 21 26 29 33 35 36 39 38 31 33 30 30 28 21 
25 19 18 17 17 18 16 15 16 17 22 20 20 19 21 21 20 21 9 13 8 7 7 10 10 8 11 18 8 12 14 15 12 9 9 4 2 0 1 4 2 4 8 11 10 13 8 13 14 18 13 22 21 19 15 20 19 13 20 22 21 25 26 21 19 18 20 18 18 20 22 26 23 26 27 30 28 25 29 27 30 36 31 26 22 22 23 21 25 29 30 34 41 38 39 46 44 40 36 32 
28 18 18 15 13 16 11 13 13 14 15 15 19 18 17 20 21 20 22 24 28 24 26 20 20 22 13 19 13 14 13 15 16 15 12 13 3 10 8 9 8 10 11 17 16 17 11 18 15 8 0 1 15 25 11 -29 -87 -155 -203 -237 -284 -279 -253 -205 -145 -126 -124 -135 -132 -105 -79 -47 -23 8 55 86 111 134 123 130 145 158 169 144 105 40 -2 -8 -12 -40 -128 -231 -337 -415 -482 -586 -710 -800 -930 -1060 
-1165 -1237 -1308 -1459 -1660 -1853 -2045 -2228 -2400 -2521 -2663 -2860 -3042 -3228 -3396 -3563 -3678 -3736 -3756 -3770 -3793 -3844 -3894 -3908 -3865 -3810 -3722 -3631 -3619 -3628 -3650 -3643 -3628 -3633 -3641 -3645 -3632 -3629 -3656 -3619 -3555 -3459 -3390 -3347 -3317 -3277 -3234 -3189 -3081 -2963 -2847 -2735 -2620 -2528 -2441 -2376 -2278 -2159 -2049 -1937 -1799 -1590 -1374 -1204 -1040 -896 -723 -534 -361 -198 -32 145 298 416 490 582 699 843 966 1058 1146 1241 1378 1552 1751 1930 2094 2225 2353 2466 2561 2637 2683 2713 2769 2849 2944 3043 3127 3191 
3247 3294 3305 3305 3314 3333 3363 3387 3418 3427 3462 3529 3622 3726 3813 3872 3887 3851 3780 3718 3733 3800 3851 3873 3851 3776 3668 3627 3666 3751 3824 3909 3925 3812 3685 3638 3608 3535 3400 3268 3096 2905 2835 2906 2890 2744 2562 2285 2016 1909 1830 1697 1563 1452 1375 1262 1113 925 741 622 556 592 629 632 567 449 319 213 135 97 82 81 98 96 10 204 350 500 359 52 -63 -163 -186 -225 -269 -342 -371 -363 -425 -522 -573 -547 -502 -464 -463 -509 -536 -570 -615 -697 
-775 -872 -972 -1073 -1187 -1285 -1359 -1410 -1444 -1492 -1592 -1716 -1855 -1952 -1999 -2076 -2164 -2243 -2292 -2339 -2398 -2478 -2552 -2635 -2710 -2811 -2943 -3066 -3169 -3251 -3366 -3481 -3581 -3668 -3731 -3773 -3783 -3792 -3800 -3759 -3665 -3594 -3525 -3450 -3392 -3346 -3290 -3227 -3148 -3067 -3012 -2974 -2944 -2903 -2843 -2770 -2701 -2608 -2509 -2458 -2419 -2379 -2314 -2196 -2119 -2063 -2025 -2036 -2048 -2048 -2028 -1964 -1854 -1732 -1660 -1633 -1630 -1619 -1599 -1564 -1442 -1345 -1254 -1195 -1154 -1122 -1080 -1026 -943 -858 -782 -722 -666 -558 -414 -244 -91 63 177 288 
402 495 596 683 786 890 985 1083 1208 1342 1472 1590 1695 1796 1911 2000 2079 2148 2219 2304 2390 2458 2526 2601 2697 2797 2886 2943 2971 3017 3083 3136 3199 3265 3333 3388 3438 3509 3595 3668 3762 3826 3862 3843 3778 3773 3804 3842 3860 3863 3841 3798 3749 3756 3755 3782 3841 3902 3905 3865 3827 3829 3877 3981 3969 3867 3706 3535 3412 3333 3300 3195 3122 3001 2825 2692 2533 2337 2112 1896 1843 1811 1719 1609 1460 1303 1176 1101 1088 1037 956 815 704 594 507 421 354 250 250 78 
157 254 319 222 70 0 -82 -162 -272 -451 -547 -552 -532 -536 -555 -569 -580 -606 -627 -660 -737 -805 -864 -921 -982 -1044 -1108 -1175 -1255 -1332 -1380 -1460 -1568 -1695 -1816 -1924 -2022 -2092 -2142 -2219 -2315 -2391 -2460 -2534 -2578 -2627 -2632 -2648 -2685 -2734 -2782 -2808 -2859 -2925 -3016 -3099 -3174 -3209 -3246 -3269 -3282 -3262 -3264 -3267 -3272 -3290 -3298 -3300 -3288 -3261 -3213 -3172 -3131 -3060 -2979 -2906 -2837 -2779 -2699 -2565 -2407 -2266 -2142 -2065 -2005 -1924 -1878 -1856 -1878 -1885 -1911 -1902 -1906 -1889 -1874 -1857 -1838 -1821 -1772 -1743 
-1709 -1678 -1638 -1593 -1554 -1512 -1472 -1421 -1388 -1348 -1310 -1270 -1174 -1056 -936 -861 -808 -849 -808 -796 -799 -795 -784 -767 -742 -704 -662 -627 -578 -492 -399 -300 -244 -186 -103 8 118 217 317 430 539 640 737 827 894 943 1004 1060 1111 1176 1248 1330 1421 1511 1596 1655 1701 1735 1775 1829 1891 1951 2047 2173 2318 2460 2580 2660 2744 2839 2942 3036 3118 3194 3265 3310 3351 3413 3470 3521 3562 3595 3613 3621 3651 3633 3611 3559 3569 3597 3605 3583 3527 3444 3359 3307 3338 3409 3496 3547 
3554 3539 3516 3596 3675 3702 3691 3651 3611 3536 3520 3611 3697 3686 3593 3422 3224 3068 2979 2927 2894 2764 2631 2438 2239 2055 1881 1830 1736 1632 1462 1243 1024 837 711 673 602 493 351 210 110 -58 -117 -261 33 334 524 376 142 19 -161 -246 -271 -407 -575 -671 -709 -724 -767 -802 -803 -774 -718 -657 -599 -537 -478 -410 -358 -318 -275 -234 -197 -161 -132 -120 -116 -120 -125 -121 -117 -95 -73 -47 -31 -16 -12 7 10 10 11 -1 0 27 28 27 33 33 29 37 
31 31 27 25 23 21 17 11 12 15 14 17 18 21 23 18 18 19 12 10 1 1 3 4 5 8 16 14 20 25 20 22 16 21 16 16 16 16 20 24 23 21 23 25 21 19 23 21 18 15 21 21 21 22 23 23 24 23 25 23 20 23 11 16 22 28 31 46 51 47 36 27 -2 -40 -72 -96 -115 -85 -43 -11 23 2 -44 -90 -71 -50 -4 41 69 102 154 225 289 336 358 363 397 433 501 564 
584 553 530 507 475 438 415 379 320 251 184 100 -8 -111 -227 -344 -493 -617 -770 -906 -995 -1079 -1202 -1373 -1548 -1667 -1726 -1798 -1938 -2145 -2314 -2448 -2569 -2657 -2703 -2761 -2833 -2888 -2943 -2979 -3004 -3050 -3117 -3197 -3272 -3370 -3468 -3565 -3666 -3733 -3740 -3759 -3787 -3834 -3882 -3927 -3919 -3865 -3775 -3675 -3541 -3419 -3338 -3204 -3074 -2934 -2831 -2745 -2502 -2125 -1783 -1518 -1351 -1271 -1182 -1101 -986 -897 -827 -754 -694 -638 -547 -438 -360 -275 -156 -40 62 141 273 457 617 806 980 1097 1266 1448 1582 1688 
1789 1912 2008 2077 2149 2207 2282 2394 2498 2610 2686 2756 2804 2846 2927 2974 2988 2936 2918 2910 2899 2916 2940 2965 2961 2896 2883 2915 2948 3011 3069 3147 3252 3349 3389 3425 3493 3572 3694 3768 3799 3760 3681 3606 3588 3654 3686 3650 3526 3338 3106 3022 3022 3061 3113 3148 2981 2852 2739 2679 2651 2603 2659 2659 2498 2259 1979 1775 1624 1529 1465 1380 1181 986 801 630 533 484 515 515 451 357 292 248 189 156 151 164 184 195 165 132 61 61 167 282 152 112 48 10 
-7 -49 -127 -189 -243 -326 -461 -602 -756 -881 -939 -986 -1069 -1186 -1299 -1384 -1468 -1574 -1670 -1766 -1856 -1952 -2059 -2185 -2305 -2450 -2574 -2671 -2785 -2921 -3095 -3254 -3397 -3544 -3678 -3801 -3941 -4044 -4104 -4160 -4188 -4186 -4173 -4202 -4242 -4288 -4276 -4203 -4105 -4025 -3982 -3965 -3971 -3939 -3870 -3773 -3687 -3595 -3523 -3435 -3355 -3281 -3230 -3183 -3133 -3093 -3022 -2908 -2785 -2699 -2630 -2583 -2508 -2402 -2266 -2164 -2121 -2104 -2068 -2066 -2042 -1980 -1934 -1866 -1774 -1693 -1628 -1576 -1482 -1348 -1193 -1063 -963 -875 -800 -719 -625 -563 -458 -358 
-304 -259 -224 -184 -167 -55 46 61 70 148 267 392 518 646 739 805 861 906 956 1034 1127 1226 1327 1408 1484 1551 1626 1680 1760 1843 1950 2099 2260 2398 2488 2569 2632 2688 2744 2808 2888 2988 3088 3202 3299 3365 3409 3426 3436 3427 3400 3360 3315 3352 3409 3469 3480 3490 3480 3396 3317 3299 3336 3386 3414 3389 3311 3173 3008 2830 2743 2717 2713 2746 2787 2880 3016 3110 3118 3057 2950 2830 2882 2862 2739 2513 2258 2072 1968 1900 1789 1610 1434 1275 1202 1175 1144 1050 869 687 
597 555 512 472 391 308 231 159 201 281 390 458 482 476 439 381 311 329 260 146 53 8 21 8 -1 -48 -71 -92 -156 -251 -384 -504 -616 -716 -794 -856 -915 -974 -1027 -1089 -1170 -1265 -1363 -1475 -1586 -1709 -1847 -1991 -2134 -2279 -2399 -2508 -2589 -2626 -2651 -2691 -2729 -2775 -2856 -2929 -3011 -3080 -3137 -3200 -3307 -3447 -3597 -3726 -3803 -3819 -3838 -3869 -3857 -3822 -3761 -3652 -3544 -3443 -3370 -3317 -3258 -3177 -3113 -3055 -3060 -3073 -3025 -2966 -2888 -2789 -2726 -2708 -2676 -2645 -2609 -2547 -2511 -2507 -2501 -2499 
-2462 -2382 -2304 -2248 -2173 -2135 -2124 -2126 -2143 -2133 -2131 -2142 -2159 -2177 -2158 -2124 -2118 -2098 -2062 -2078 -2149 -2196 -2198 -2157 -2002 -1837 -1713 -1511 -1301 -1042 -838 -687 -585 -516 -466 -364 -322 -279 -237 -202 -69 33 111 188 199 196 198 208 255 311 396 524 696 900 1110 1239 1351 1421 1493 1535 1603 1748 1950 2169 2370 2527 2630 2689 2727 2755 2824 2909 3011 3136 3283 3451 3628 3803 3912 3941 3922 3870 3829 3813 3836 3868 3905 3950 4016 4079 4144 4252 4330 4336 4272 4183 4100 4018 3939 3863 
3806 3781 3764 3708 3648 3604 3692 3721 3613 3529 3394 3157 3082 3200 3261 3187 3061 2885 2639 2457 2418 2370 2269 2092 1926 1745 1628 1481 1371 1201 971 798 684 620 592 591 544 412 250 86 -73 -221 -314 -321 -334 -384 -440 -402 -22 154 185 115 70 32 -12 -131 -215 -322 -386 -394 -423 -465 -484 -480 -449 -417 -368 -297 -200 -104 -20 62 140 206 248 263 261 244 224 190 163 125 90 57 32 18 19 25 34 41 50 49 45 49 47 45 66 103 121 126 
123 103 80 48 8 6 16 33 53 65 83 89 84 64 34 13 4 -1 -1 -9 -14 -19 -26 -36 -36 -30 -18 -13 -16 -21 -29 -36 -50 -63 -65 -76 -75 -77 -82 -71 -60 -35 -15 -4 -1 -12 -36 -60 -71 -77 -68 -61 -54 -41 -25 -3 4 3 -3 -3 2 11 20 31 36 31 15 -9 -27 -39 -43 -39 -20 -2 21 44 66 80 75 64 44 21 13 -1 17 23 32 45 55 58 56 49 43 36 28 19 9 1 -11 -10 
-13 -15 -13 -10 -11 -16 -13 -25 -37 -42 -38 -42 -35 -33 -25 -22 -17 -24 -24 -20 -21 -20 -14 -11 -12 -13 -20 -26 -31 -25 -29 -25 -26 -27 -17 -13 -17 -11 -13 -5 -11 -8 -4 1 6 10 9 13 14 17 13 11 10 1 -3 -5 -5 -8 4 9 16 20 21 22 6 0 -4 -2 0 4 14 40 53 70 73 73 77 70 65 49 40 25 21 12 13 11 5 -5 -13 -20 -23 -30 -95 -96 -98 -102 -106 -113 -118 -131 
-139 -146 -152 -157 -154 -153 -153 -144 -127 -115 -91 -78 -55 -31 -14 0 19 25 44 57 58 54 48 44 37 40 40 47 52 52 60 63 66 73 73 70 68 64 59 56 64 64 74 75 76 87 84 85 84 79 74 67 67 55 49 43 40 39 33 34 37 39 41 49 49 48 52 54 47 42 40 30 27 16 0 -12 -22 -29 -36 -35 -34 -41 -42 -33 -20 6 12 -6 -13 -37 -36 -20 29 89 116 104 91 70 38 -15 
-73 -124 -153 -144 -124 -99 -98 -74 4 90 177 223 231 210 211 227 221 180 103 12 -71 -151 -229 -309 -411 -524 -620 -727 -848 -990 -1166 -1333 -1501 -1640 -1793 -1972 -2139 -2252 -2326 -2389 -2439 -2487 -2514 -2494 -2452 -2391 -2347 -2293 -2259 -2224 -2193 -2170 -2128 -2091 -2107 -2155 -2207 -2260 -2316 -2379 -2439 -2500 -2601 -2666 -2730 -2791 -2824 -2825 -2816 -2772 -2724 -2692 -2671 -2648 -2628 -2582 -2521 -2423 -2305 -2156 -2006 -1880 -1806 -1752 -1721 -1718 -1727 -1741 -1756 -1837 -1913 -1963 -1995 -2040 -2069 -2062 -2076 -2087 -2102 -2086 
-2041 -1977 -1894 -1846 -1834 -1853 -1899 -1927 -1906 -1865 -1849 -1837 -1801 -1759 -1708 -1640 -1556 -1464 -1362 -1270 -1172 -1061 -947 -828 -671 -543 -496 -429 -403 -332 -216 -106 -28 69 168 268 384 519 661 764 823 881 922 998 1101 1231 1380 1529 1687 1833 1980 2114 2244 2370 2483 2593 2698 2799 2913 3022 3119 3180 3215 3232 3247 3257 3265 3267 3286 3299 3306 3345 3389 3427 3487 3529 3562 3633 3728 3809 3843 3807 3735 3703 3694 3739 3820 3840 3659 3309 2998 2800 2668 2641 2675 2613 2474 2351 2235 2186 
2163 2180 2197 2184 2153 2205 2323 2526 2757 2887 2843 2756 2638 2499 2465 2518 2530 2392 2159 1917 1629 1332 1140 1085 1073 1039 953 850 743 670 648 673 687 648 589 495 418 312 200 92 -63 -187 -219 -257 -321 -437 -546 -628 -682 -732 -805 -864 -879 -923 -982 -1031 -1087 -1127 -1172 -1219 -1238 -1259 -1284 -1300 -1333 -1361 -1387 -1418 -1451 -1490 -1530 -1545 -1569 -1611 -1669 -1764 -1876 -1982 -2094 -2178 -2268 -2348 -2429 -2489 -2565 -2628 -2675 -2723 -2786 -2882 -2965 -3049 -3059 -3032 -2994 -2995 -2987 -2997 -3012 -3033 
-3048 -3032 -3028 -3052 -3080 -3104 -3142 -3159 -3157 -3149 -3125 -3103 -3099 -3097 -3097 -3111 -3142 -3179 -3232 -3298 -3310 -3302 -3241 -3149 -3044 -2953 -2843 -2711 -2594 -2473 -2318 -2135 -1979 -1826 -1676 -1547 -1446 -1411 -1404 -1402 -1428 -1483 -1536 -1533 -1559 -1596 -1650 -1684 -1678 -1646 -1548 -1454 -1362 -1274 -1190 -1108 -1050 -985 -910 -808 -671 -531 -430 -391 -377 -363 -307 -236 -148 -72 -10 39 52 61 52 21 -6 -25 38 155 251 319 356 403 475 580 710 824 915 987 1027 1067 1134 1209 1301 1419 1551 1697 1838 1941 
2004 2045 2073 2119 2176 2247 2343 2420 2512 2616 2710 2763 2797 2854 2883 2910 2929 2939 2951 2969 3031 3119 3190 3230 3238 3237 3273 3331 3396 3426 3430 3390 3346 3342 3403 3521 3647 3736 3756 3710 3636 3577 3628 3715 3786 3865 3872 3797 3680 3604 3618 3693 3760 3777 3730 3544 3274 3108 3019 3089 3080 3071 2918 2748 2507 2301 2193 2056 1918 1765 1563 1396 1274 1181 1146 1123 1047 975 884 798 752 739 780 872 956 987 931 779 608 411 227 82 -27 -94 -120 -126 -123 -134 -167 -242 
-390 -558 -668 -720 -725 -662 -541 -430 -357 -293 -240 -182 -120 -77 -57 -54 -69 -85 -95 -134 -202 -263 -342 -391 -430 -483 -552 -653 -759 -879 -995 -1113 -1225 -1349 -1472 -1580 -1658 -1722 -1747 -1759 -1807 -1850 -1899 -1923 -1924 -1950 -2000 -2057 -2106 -2169 -2231 -2284 -2353 -2428 -2515 -2603 -2686 -2737 -2786 -2845 -2915 -2963 -2993 -3023 -3085 -3184 -3295 -3399 -3476 -3544 -3574 -3630 -3664 -3681 -3688 -3657 -3596 -3505 -3392 -3319 -3294 -3287 -3240 -3158 -3071 -2991 -2908 -2852 -2785 -2724 -2665 -2603 -2547 -2499 -2446 -2375 -2307 -2237 -2232 -2210 
-2165 -2158 -2140 -2116 -2082 -2031 -1930 -1815 -1715 -1657 -1611 -1547 -1501 -1452 -1392 -1316 -1273 -1260 -1234 -1168 -1075 -1011 -984 -963 -937 -848 -757 -692 -634 -565 -498 -456 -278 -45 70 183 301 422 521 617 713 784 855 934 1026 1117 1207 1294 1388 1498 1630 1754 1842 1916 2007 2111 2202 2309 2435 2579 2710 2847 2969 3057 3136 3190 3249 3304 3360 3417 3463 3494 3528 3560 3595 3642 3717 3808 3896 3971 3973 3931 3868 3862 3902 3945 3962 3961 3961 3891 3846 3841 3858 3897 3967 3987 3995 3951 3940 3972 
3985 3922 3795 3648 3606 3506 3503 3492 3500 3464 3394 3323 3286 3244 3135 2958 2738 2477 2324 2240 2168 2062 1931 1767 1596 1477 1392 1336 1294 1244 1190 1134 1064 1004 953 931 908 828 722 617 491 359 251 137 17 -51 -75 -69 -37 37 157 269 350 348 273 169 66 -10 -50 -65 -69 -70 -70 -61 -3 76 118 134 131 110 64 12 -67 -160 -231 -270 -289 -280 -267 -219 -172 -134 -110 -104 -126 -147 -178 -189 -191 -163 -156 -164 -179 -192 -186 -180 -167 -150 -118 -95 
-76 -50 -25 -2 1 -1 -20 -33 -40 -40 -29 -10 7 25 27 21 17 11 14 9 3 -5 -13 -28 -38 -50 -61 -59 -47 -25 -4 25 48 50 45 34 21 -7 -20 -24 -20 -5 4 8 24 17 15 8 0 -9 -22 -17 -18 -13 -3 0 11 17 19 24 28 32 35 29 24 22 21 18 21 18 19 15 9 10 5 -3 -11 -10 -16 -19 -19 -22 -21 -25 -30 -44 -51 -62 -61 -60 -56 8 3 2 7 7 1 3 0 -2 
-11 -2 -10 -12 -11 -18 -19 -17 -22 -17 -19 -17 -25 -24 -27 -24 -21 -17 -11 -12 -14 -13 -19 -8 -12 -13 -10 -10 -8 -3 -6 -6 -2 -1 -4 -1 0 -1 3 5 1 10 11 17 14 16 6 12 12 8 14 22 22 22 27 3 -50 -109 -146 -162 -165 -147 -135 -113 -119 -169 -186 -141 -31 68 78 40 -26 -91 -112 -121 -58 51 186 369 530 668 770 829 856 910 956 965 964 974 942 925 916 917 873 794 684 542 325 81 
-208 -504 -763 -1057 -1345 -1600 -1830 -2075 -2298 -2605 -2809 -2968 -3011 -3081 -3146 -3225 -3260 -3278 -3318 -3309 -3273 -3244 -3224 -3190 -3140 -3117 -3125 -3110 -3116 -3166 -3209 -3242 -3202 -3138 -3138 -3147 -3178 -3191 -3204 -3238 -3289 -3330 -3350 -3398 -3465 -3506 -3482 -3368 -3287 -3268 -3262 -3176 -2953 -2686 -2430 -2232 -1898 -997 -297 486 477 379 551 698 944 1139 1344 1610 1883 2167 2457 2704 2893 3037 3120 3156 3175 3201 3275 3360 3427 3480 3517 3538 3554 3524 3490 3529 3612 3684 3729 3675 3523 3363 3262 3232 3257 3292 3264 3138 
2963 2763 2627 2583 2568 2558 2516 2410 2215 1932 1717 1687 1717 1634 1489 1194 770 478 443 494 499 376 145 -7 -140 -315 -357 -347 -417 -451 -523 -716 -780 -711 -692 -620 -633 -622 -589 -574 -165 467 583 448 273 279 177 -7 11 33 2 1 -77 -199 -267 -292 -355 -386 -423 -512 -553 -556 -484 -406 -272 -180 -171 -238 -388 -591 -771 -979 -1234 -1519 -1828 -2095 -2347 -2607 -2867 -3097 -3346 -3615 -3760 -3912 -4054 -4197 -4320 -4380 -4330 -4255 -4116 -4028 -3989 -3919 -3839 -3821 -3749 -3753 -3839 -3919 
-3993 -4116 -4130 -4125 -4166 -4076 -3955 -3925 -3864 -3784 -3689 -3557 -3377 -3144 -2904 -2731 -2467 -2154 -1827 -1450 -633 364 669 458 597 564 426 570 840 1104 1412 1744 2037 2240 2373 2473 2548 2615 2688 2791 2887 2951 3027 3126 3251 3364 3439 3517 3603 3651 3666 3633 3565 3442 3289 3162 3037 2944 2912 2881 2835 2712 2554 2399 2310 2305 2337 2378 2409 2405 2355 2252 2182 2193 2097 1862 1564 1441 1447 1359 1074 653 230 -74 -150 -93 -71 -124 -247 -353 -432 -444 -297 -223 -129 8 20 -38 -158 90 
118 127 -17 -117 -53 83 185 198 253 291 165 -8 -105 -112 -119 -140 -161 -176 -183 -151 -58 18 65 184 210 98 16 -36 -83 -114 -183 -280 -396 -464 -506 -583 -704 -800 -945 -1089 -1257 -1427 -1598 -1740 -1887 -2018 -2198 -2307 -2398 -2474 -2557 -2564 -2616 -2665 -2715 -2871 -2960 -3036 -3118 -3170 -3175 -3180 -3177 -3204 -3226 -3194 -3174 -3124 -3098 -3116 -3076 -2974 -2826 -2646 -2523 -2424 -2378 -2238 -2083 -1976 -1844 -1596 -1354 -1057 -783 -529 -170 127 376 644 843 998 1167 1310 1495 1693 1969 2217 2448 2645 
2782 2922 3079 3156 3231 3253 3213 3164 3152 3185 3198 3196 3245 3257 3199 3171 3204 3204 3191 3246 3282 3279 3258 3185 3012 2876 2712 2563 2527 2474 2463 2474 2488 2445 2353 2363 2435 2364 2129 1744 1413 1311 1290 1295 1142 889 625 285 -10 -185 -262 -258 -263 -336 -391 -497 -670 -795 -903 -967 -958 -930 -868 -876 -781 -226 976 1201 899 631 405 256 113 -10 -144 -204 -118 -4 86 143 187 167 139 116 86 41 -27 -95 -130 -149 -152 -135 -109 -100 -77 -61 -49 -33 -45 -76 
-128 -181 -258 -321 -357 -374 -270 -107 52 228 297 277 235 142 29 -60 -118 -160 -167 -138 -108 -80 -43 -20 15 21 27 10 -16 -56 -86 -114 -145 -157 -167 -182 -201 -202 -192 -160 -121 -67 -24 26 71 111 143 166 155 140 121 97 74 57 33 29 22 13 6 17 18 18 18 16 18 20 15 11 12 5 0 -4 -2 8 12 13 16 19 20 28 19 27 31 35 29 25 24 13 15 -1 -7 -14 -17 -24 -22 -12 4 8 11 26 
29 37 28 23 20 19 12 9 7 9 11 15 13 14 12 11 16 23 23 26 36 41 41 39 38 44 41 37 28 30 21 19 17 14 12 10 11 8 13 13 20 21 23 24 30 28 26 22 22 26 22 28 36 37 45 38 45 33 37 27 31 33 33 40 44 44 41 42 33 35 26 27 24 23 30 39 42 43 47 48 43 35 24 16 16 11 3 5 8 1 6 5 9 17 20 29 31 24 28 23 
20 18 20 25 34 38 41 51 48 52 56 39 12 -6 -18 -29 -30 -29 -20 -11 4 14 24 23 23 3 -4 -9 -15 -11 -4 9 19 33 38 33 25 10 -5 -26 -43 -52 -66 -75 -77 -72 -60 -47 -32 -24 -14 1 8 11 10 16 16 18 18 23 17 13 15 11 6 7 7 10 2 0 9 9 10 14 22 28 33 41 41 43 41 38 34 30 23 14 18 17 28 29 35 41 37 30 22 8 2 -5 3 -1 
-6 -16 -15 -19 -20 -39 -50 -50 -44 -29 -7 5 15 25 23 17 -3 -30 -57 -88 -126 -161 -198 -213 -219 -209 -186 -152 -115 -78 -36 10 43 80 105 133 151 164 168 171 159 137 104 71 30 0 -36 -61 -73 -74 -73 -59 -33 -13 14 35 57 58 51 32 5 -23 -52 -69 -73 -66 -54 -33 -7 34 67 80 81 70 53 12 -22 -45 -66 -69 -63 -47 -28 -2 39 74 118 154 178 190 4 6 2 4 -1 0 3 -5 1 0 
-7 11 12 20 32 18 11 5 9 8 10 8 -6 3 3 -2 0 2 10 11 23 24 30 35 41 41 45 47 37 38 37 34 43 39 53 56 54 55 54 53 47 36 35 25 15 20 20 20 26 31 27 25 16 5 5 -12 -45 -67 -98 -114 -129 -120 -110 -118 -171 -176 -144 -114 -32 47 87 141 151 134 140 236 499 763 969 1156 1269 1379 1495 1585 1693 1768 1805 1826 1853 1874 1855 1834 1784 1715 1617 1523 1423 1334 1203 1035 
830 626 410 213 7 -174 -352 -601 -851 -1033 -1277 -1498 -1646 -1811 -1980 -2069 -2158 -2234 -2223 -2375 -2516 -2726 -2805 -2734 -2840 -3050 -3218 -3340 -3453 -3621 -3787 -3846 -3884 -3934 -4007 -4084 -4121 -4085 -3994 -3818 -3695 -3733 -3738 -3666 -3402 -3111 -2858 -2574 -2292 -1898 -1435 -1038 -631 105 251 550 767 739 780 876 1000 1244 1533 1810 2090 2304 2524 2703 2897 3082 3136 3176 3222 3279 3371 3454 3501 3516 3470 3395 3327 3304 3254 3199 3148 3078 2988 2863 2739 2615 2487 2377 2267 2073 1942 1863 1822 1787 1798 1749 
1548 1483 1563 1567 1620 1861 2066 2218 2271 2254 2148 1966 1865 1802 1707 1568 1425 1151 963 870 794 738 642 468 290 127 -87 -209 -229 -277 -284 -344 -346 -218 -3 45 -51 -172 -237 -256 -278 -320 -348 -363 -342 -351 -493 -646 -780 -924 -1090 -1279 -1472 -1666 -1884 -2071 -2260 -2484 -2712 -2975 -3282 -3550 -3802 -4033 -4251 -4447 -4563 -4690 -4796 -4948 -5065 -5138 -5209 -5218 -5117 -5054 -4988 -4958 -4958 -4961 -4904 -4807 -4676 -4637 -4603 -4533 -4509 -4404 -4252 -4148 -4081 -3980 -3881 -3889 -3858 -3827 -3802 -3661 -3548 -3427 
-3266 -3086 -2913 -2699 -2429 -2155 -1884 -1518 -1190 -718 182 750 125 87 471 924 1277 1351 1444 1674 2069 2490 2883 3220 3550 3812 4005 4089 4146 4210 4285 4366 4473 4592 4725 4839 4936 5029 5085 5137 5179 5189 5201 5186 5060 4878 4622 4236 3936 3873 3820 3770 3544 3219 2837 2679 2659 2515 2300 1985 1691 1412 1222 1160 1163 1066 914 799 634 517 457 326 170 -71 -222 -77 122 149 122 36 -92 -236 -323 -265 -219 -177 104 336 235 99 -149 -360 -598 -756 -814 -825 -840 -871 -920 -974 
-1116 -1348 -1570 -1806 -2002 -2217 -2432 -2599 -2722 -2819 -2920 -3109 -3285 -3469 -3670 -3859 -4031 -4204 -4357 -4486 -4606 -4665 -4668 -4755 -4956 -5252 -5518 -5731 -5838 -5935 -6007 -6017 -6050 -6033 -5959 -5923 -5852 -5810 -5839 -5802 -5730 -5611 -5475 -5369 -5204 -4970 -4857 -4708 -4576 -4438 -4167 -3967 -3744 -3476 -3114 -2740 -2461 -2147 -1278 365 634 -733 -925 99 677 1040 1289 1267 1499 2006 2530 2930 3277 3657 4033 4382 4554 4545 4409 4299 4230 4207 4296 4387 4476 4604 4665 4625 4558 4526 4521 4526 4560 4595 4569 4423 4327 4352 4282 4184 
3997 3667 3329 3068 2845 2645 2318 1950 1780 1649 1470 1368 1291 1131 942 786 754 634 508 433 273 227 110 -199 -459 -655 -778 -912 -833 -616 -536 -534 -547 -618 -671 -685 -744 -843 -909 -945 -953 -987 -1043 -594 770 641 583 717 619 426 193 109 89 130 233 304 330 345 376 393 430 487 501 477 430 359 277 193 94 13 -66 -135 -181 -212 -239 -253 -257 -233 -213 -213 -219 -233 -240 -250 -254 -248 -236 -228 -205 -168 -77 16 69 126 148 168 157 77 19 -31 
-58 -56 -50 -33 -22 4 18 45 67 85 98 103 88 64 50 26 -3 -31 -57 -74 -87 -105 -113 -119 -108 -78 -32 44 107 135 129 100 55 0 -41 -58 -44 -22 15 36 56 79 96 93 85 70 72 68 53 49 38 30 18 12 18 22 27 26 29 25 21 16 13 13 27 41 63 68 65 73 64 53 56 57 69 81 89 102 114 111 118 122 111 91 76 60 34 6 -9 -11 -17 -16 -18 -16 -12 -8 -12 -18 -12 -4 
11 16 16 28 33 36 39 39 41 41 39 33 28 18 9 -3 -7 -15 -14 -10 -9 -4 -2 4 11 17 27 29 35 26 15 17 16 19 17 11 14 12 8 15 19 20 24 19 12 10 5 5 1 6 12 10 13 11 11 28 28 31 20 9 -12 -29 -32 -25 -12 2 12 21 36 37 39 36 34 23 23 22 29 40 46 49 49 46 46 35 29 28 18 14 15 17 14 19 14 14 15 16 15 24 29 32 
38 44 44 40 38 33 33 36 43 42 41 42 38 36 26 14 6 1 -6 -2 1 6 9 7 6 -1 -1 4 5 17 28 33 43 40 45 41 39 40 32 34 36 36 41 46 49 50 42 39 40 34 35 31 29 23 30 35 39 36 40 30 20 -14 -44 -73 -95 -101 -100 -86 -69 -46 -34 -34 -33 -32 -17 4 14 27 54 78 92 82 73 60 44 29 14 4 -10 -20 -29 -37 -42 -40 -47 -39 -41 -42 -45 -49 
-49 -50 -50 -41 -34 -29 -17 -15 -20 -30 -35 -36 -38 -29 -18 -13 -10 -15 -17 -25 -33 -42 -53 -77 -75 -93 -119 -137 -169 -202 -232 -245 -238 -240 -216 -199 -174 -159 -142 -121 -105 -104 -95 -93 -89 -85 -79 -74 -70 -62 -56 -38 -21 0 15 39 60 70 77 74 59 39 30 26 25 28 18 12 -9 -27 -40 -57 -53 -54 -43 -39 -31 -22 -11 -3 6 10 12 4 -3 -4 -6 -2 0 8 12 14 12 21 23 21 22 24 24 24 
21 17 24 20 18 20 26 26 28 32 30 25 29 29 26 24 18 19 19 21 16 13 9 17 17 17 19 20 19 18 11 9 19 13 14 16 12 11 11 8 7 4 5 6 7 8 9 5 9 13 5 9 1 -5 -6 -10 -17 -54 -64 -128 -182 -247 -328 -384 -437 -499 -548 -614 -614 -655 -642 -445 -70 273 591 888 1000 1033 1067 987 859 707 577 556 565 508 396 251 68 -145 -385 -636 -944 -1280 -1592 -1902 -2168 -2382 -2625 -2842 
-3144 -3418 -3734 -4155 -4524 -4798 -5030 -5196 -5322 -5377 -5453 -5519 -5587 -5636 -5599 -5460 -5357 -5296 -5222 -5167 -5161 -5064 -4850 -4654 -4493 -4321 -4129 -3885 -3521 -3190 -2890 -2654 -2360 -1890 -1413 -811 -218 327 685 908 1190 1450 1693 1972 2251 2545 2938 3316 3651 3968 4305 4592 4742 4822 4851 4782 4686 4559 4376 4235 4092 3929 3826 3724 3563 3345 3164 3009 2871 2749 2629 2461 2159 1877 1699 1604 1612 1712 1674 1622 1598 1541 1600 1578 1449 1313 1198 1018 883 629 351 40 -318 -615 -840 -1033 -1050 -959 -670 -207 
89 292 470 522 226 304 -164 -286 -209 -115 -126 -133 -249 -473 -473 -596 -826 -958 -1119 -1305 -1491 -1637 -1786 -1927 -2087 -2216 -2372 -2515 -2715 -2933 -3218 -3472 -3673 -3853 -4015 -4235 -4459 -4713 -4963 -5029 -5198 -5418 -5579 -5746 -5841 -5868 -5891 -5789 -5759 -5701 -5632 -5623 -5562 -5458 -5358 -5274 -5221 -5197 -5130 -4957 -4776 -4687 -4673 -4624 -4578 -4445 -4204 -4006 -3727 -3443 -3148 -2835 -2573 -2273 -2004 -1634 -1359 -1058 -778 -485 -184 110 417 650 900 1206 1558 1880 2177 2467 2738 3015 3344 3676 4049 4408 4653 4774 4834 4878 
4868 4816 4771 4670 4528 4389 4320 4225 4122 4080 4003 3873 3776 3674 3580 3623 3670 3638 3580 3322 3067 2960 2932 3039 3012 2620 2291 2213 2291 2365 2331 2007 1538 1066 803 718 690 527 258 -48 -477 -726 -811 -827 -791 -851 -852 -760 -618 -503 -457 -327 -208 -134 -213 -231 -167 -8 69 44 -69 -154 -164 -134 -177 -179 -200 -308 -476 -701 -848 -984 -1183 -1437 -1613 -1792 -1968 -2118 -2329 -2594 -2882 -3235 -3601 -3946 -4299 -4600 -4978 -5339 -5624 -5842 -6068 -6224 -6352 -6430 -6466 -6473 -6378 -6326 -6253 -6080 
-5920 -5907 -5857 -5762 -5674 -5606 -5514 -5464 -5465 -5501 -5466 -5350 -5262 -5128 -4921 -4759 -4447 -4043 -3726 -3394 -3207 -3036 -2747 -2495 -2197 -1919 -1552 -883 177 -69 -208 276 595 728 1010 1308 1683 2161 2593 2908 3287 3699 4059 4390 4763 5095 5280 5330 5279 5191 5061 4898 4746 4560 4299 4007 3693 3368 3039 2769 2543 2363 2269 2215 2133 2020 1906 1787 1703 1715 1765 1821 1862 1873 1800 1532 1410 1294 1111 967 792 647 394 214 106 -53 -214 -235 -333 -577 -594 -620 -562 -498 -466 -350 -337 -376 -474 -558 
-602 -628 -615 -592 -588 -554 -508 -410 -187 -67 -16 3 28 -6 -49 -59 -41 -19 22 72 110 143 150 128 118 147 189 226 247 271 294 309 298 282 260 245 237 226 216 209 228 223 200 191 160 120 77 18 -34 -55 -79 -88 -100 -89 -79 -49 -21 -4 9 16 2 -20 -42 -69 -93 -103 -119 -131 -160 -158 -140 -124 -99 -59 -25 6 15 0 -26 -47 -55 -44 -22 8 42 70 102 117 135 139 136 117 82 50 20 -12 -35 -50 -63 -71 
-70 -56 -47 -26 -12 0 21 33 45 56 54 51 50 36 25 21 17 14 8 6 5 -5 -8 -19 -18 -14 1 12 23 24 26 22 10 3 10 14 24 38 49 59 71 78 80 80 83 88 94 101 108 112 116 116 117 117 109 106 92 68 37 9 -8 -21 -44 -66 -60 -67 -58 -57 -59 -65 -59 -33 -6 37 72 101 119 136 137 120 91 56 18 -7 -17 -28 -34 -33 -32 -29 -1 -6 -25 -33 -50 -67 -71 -74 -93 -91 
-85 -76 -68 -63 -60 -68 -75 -83 -93 -85 -80 -63 -39 -20 5 37 55 89 113 141 176 196 212 218 213 199 157 98 41 -19 -58 -79 -84 -51 -13 19 42 38 22 5 1 -9 -10 -1 -1 8 14 7 -6 -12 -28 -29 -27 -28 -29 -20 -20 -23 -22 -23 -16 -20 -25 -21 -19 -18 -26 -22 -20 -25 -30 -29 -35 -30 -22 -7 2 14 30 26 22 14 0 -4 -9 -17 -17 -22 -22 -21 -22 -13 -8 1 2 3 9 9 11 7 
10 13 9 9 13 16 16 25 24 27 34 33 27 29 25 23 19 14 11 12 16 19 19 17 20 11 9 9 6 10 9 4 3 0 -1 7 7 10 11 14 7 7 1 5 6 9 16 19 21 20 16 19 14 9 6 5 -2 -5 -6 -9 -8 -5 -5 2 7 8 7 8 7 16 19 22 27 34 40 45 54 55 64 71 73 78 76 83 81 83 84 91 98 93 96 90 83 72 61 48 54 51 48 46 
45 33 31 24 15 7 -3 -9 -11 -14 -7 0 3 3 2 0 -4 -2 -2 -6 -2 4 -1 -2 -6 -5 -10 -12 -7 -5 -10 -10 -10 -9 -12 -17 -17 -27 -33 -41 -38 -40 -37 -34 -29 -23 -15 -13 -15 -12 -18 -22 -25 -28 -30 -23 -18 -11 -5 -3 0 -5 -10 -17 -21 -27 -33 -34 -34 -36 -30 -33 -33 -31 -40 -40 -43 -46 -47 -48 -43 -41 -41 -37 -40 -39 -31 -31 3 11 17 12 17 19 15 17 25 23 22 27 
21 23 19 20 16 14 15 10 15 10 14 9 9 5 7 5 8 2 5 4 7 11 16 14 18 9 13 17 20 15 16 16 20 17 17 24 16 21 17 17 14 16 11 8 12 11 13 10 8 11 11 9 14 14 14 14 10 11 -6 -58 -126 -188 -221 -242 -266 -286 -321 -345 -414 -488 -534 -535 -432 -236 36 344 633 800 813 781 694 603 472 306 183 53 -97 -230 -372 -524 -720 -949 -1210 -1484 -1773 -2111 -2441 -2786 -3121 -3457 
-3789 -4080 -4324 -4499 -4634 -4755 -4849 -4888 -4972 -5088 -5069 -5115 -5155 -5220 -5214 -5208 -5229 -5160 -5098 -5121 -5101 -5105 -5107 -5149 -5129 -5009 -4772 -4494 -4233 -4067 -3724 -3051 -2404 -1865 -1349 -830 -274 641 1334 1544 1894 2284 2777 3275 3738 4211 4598 4974 5351 5662 5939 6103 6148 6100 5983 5826 5603 5320 5004 4648 4314 3988 3665 3321 3015 2811 2687 2681 2687 2649 2601 2474 2360 2310 2426 2528 2556 2376 2065 1770 1503 1480 1551 1555 1523 1392 1252 1188 1045 939 845 617 351 80 -13 -100 -163 -69 128 430 
862 1257 1586 1801 1631 969 60 -246 -510 -717 -907 -1141 -1349 -1558 -1679 -1733 -1849 -2047 -2219 -2383 -2585 -2769 -2990 -3253 -3523 -3769 -3985 -4200 -4449 -4748 -5039 -5281 -5559 -5768 -5921 -6083 -6200 -6286 -6399 -6485 -6472 -6420 -6425 -6420 -6400 -6384 -6328 -6243 -6229 -6189 -6160 -6222 -6172 -6087 -6020 -5910 -5721 -5535 -5358 -5255 -5247 -5282 -5222 -4943 -4620 -4097 -3669 -3222 -2511 -1851 -1341 -857 41 841 591 299 601 909 1300 1614 1928 2201 2495 2917 3358 3724 4046 4363 4696 4925 4950 4893 4860 4847 4877 4903 4863 4801 4785 4807 
4805 4777 4709 4596 4465 4342 4225 4103 3912 3731 3498 3150 2771 2362 2254 2299 2147 1888 1572 1344 1331 1495 1717 1856 1765 1579 1416 1400 1419 1351 1255 1105 907 639 479 356 97 -21 -21 -54 -137 -119 -62 -98 -108 -129 -58 -104 -254 -395 -479 -524 -597 -596 -630 -621 -536 -527 -586 -730 -895 -1086 -1226 -1376 -1522 -1655 -1805 -1963 -2074 -2224 -2385 -2562 -2794 -3101 -3464 -3864 -4225 -4530 -4831 -5123 -5394 -5589 -5706 -5867 -5983 -6067 -6197 -6425 -6656 -6779 -6731 -6412 -6081 -5713 -5344 -5041 -4850 -4675 -4546 -4384 
-4179 -3993 -3774 -3548 -3312 -3090 -2873 -2669 -2536 -2315 -2120 -2029 -1909 -1848 -1734 -1523 -1247 -961 -671 -418 -191 13 230 396 566 664 776 905 1060 1281 1549 1792 2050 2271 2477 2704 2988 3279 3495 3618 3727 3849 3975 4146 4305 4453 4597 4748 4855 4864 4880 4973 5069 5134 5190 5241 5319 5471 5486 5264 4932 4578 4210 3868 3690 3574 3493 3260 2710 2108 1728 1629 1643 1715 1580 1442 1524 1617 1688 1840 1987 1838 1608 1256 919 772 524 284 159 43 -36 -135 -202 -247 -355 -571 -719 -825 -998 -1139 
-1215 -1209 -1144 -1063 -826 -284 182 344 464 279 115 32 -20 -15 -22 -23 -26 -7 14 31 54 88 118 145 167 175 191 225 243 263 265 246 212 176 128 83 32 -8 -40 -60 -78 -80 -59 -22 13 38 47 37 27 6 -7 -8 1 12 21 22 27 34 46 55 64 68 69 64 63 40 -5 -46 -82 -104 -106 -89 -68 -34 -4 21 37 47 29 6 -29 -68 -83 -72 -54 -17 8 31 43 51 45 44 43 48 48 55 65 75 86 96 
90 92 98 95 86 82 85 71 64 50 34 26 15 11 15 19 26 33 45 48 48 41 33 22 16 7 6 3 0 -2 1 -1 -8 -10 -9 -16 -15 -14 -11 -13 -7 -9 0 1 -3 5 11 15 20 14 22 23 18 19 23 20 20 22 20 17 18 16 17 15 13 13 12 10 6 2 -1 -7 -5 1 2 -6 -5 -5 -6 -5 -3 -7 -4 1 7 15 27 34 50 58 60 52 33 16 1 -13 -14 -11 -3 -7 
-9 -14 -29 -50 -70 -91 -82 -71 -50 -31 -2 10 14 17 12 11 7 9 18 24 25 22 26 19 21 19 21 21 17 15 19 17 15 17 11 19 16 16 21 22 20 18 23 20 10 12 6 4 -1 0 -5 -17 -17 -15 -14 -9 -6 6 16 22 31 25 25 19 22 15 10 16 18 18 21 19 12 13 14 14 14 11 14 16 12 13 10 5 -2 -6 -9 -3 2 6 14 21 23 26 27 23 23 19 16 15 
14 17 21 22 25 19 15 6 8 0 3 1 5 6 0 3 -4 -2 -7 -8 -9 -7 -4 -8 -12 -6 -1 -2 3 11 10 15 22 25 29 27 24 17 18 15 15 7 5 8 3 4 3 5 12 13 14 8 13 13 21 24 23 23 19 18 20 19 19 22 17 20 31 24 24 24 16 22 28 33 44 57 45 51 46 42 41 40 46 38 31 31 37 29 33 28 37 25 18 20 20 13 17 21 21 20 
17 24 29 39 38 42 44 44 34 30 23 9 9 1 1 1 2 4 8 1 1 3 -1 1 5 4 0 1 -3 -2 -2 -4 8 8 11 13 4 2 -2 -6 -5 -1 0 2 9 13 10 9 14 13 15 15 13 14 11 9 8 2 4 2 7 7 10 11 11 15 9 -2 -2 -4 -1 -6 -2 3 0 3 4 10 10 10 10 8 3 3 4 4 3 20 19 16 13 10 9 10 8 9 13 11 17 19 
19 18 16 14 8 13 7 14 5 11 10 11 13 16 22 17 21 16 15 16 16 11 13 10 7 6 4 13 10 17 12 14 12 3 -4 -7 -25 -38 -60 -127 -157 -226 -215 -153 -160 -227 -367 -448 -442 -394 -288 -137 60 347 581 721 789 845 933 1022 1048 977 838 678 509 326 84 -178 -477 -783 -1105 -1442 -1733 -2008 -2262 -2530 -2848 -3144 -3456 -3735 -3967 -4214 -4460 -4600 -4782 -4913 -5006 -5095 -5046 -5042 -5099 -5067 -5075 -5013 -4913 -4806 -4702 -4643 -4616 -4548 
-4486 -4505 -4572 -4615 -4685 -4644 -4485 -4358 -4236 -4115 -3883 -3498 -2997 -2537 -2124 -1685 -1071 -274 573 1084 1271 1630 1792 1991 2277 2515 2778 3141 3523 3880 4224 4533 4812 5107 5390 5633 5738 5708 5656 5632 5649 5690 5676 5634 5551 5416 5250 5071 4940 4804 4597 4276 3980 3822 3755 3604 3410 3182 3025 2815 2323 1757 1476 1418 1377 1280 1160 902 577 357 252 317 371 347 235 110 13 52 156 278 161 32 -138 -439 -585 -417 -217 -155 -273 -419 -587 -650 -614 -485 -378 -479 -650 -781 -923 -1122 
-1351 -1549 -1775 -2019 -2242 -2430 -2638 -2858 -3098 -3370 -3615 -3839 -4123 -4370 -4554 -4740 -4854 -4965 -5063 -5168 -5303 -5342 -5387 -5381 -5384 -5490 -5745 -5919 -6092 -6147 -6114 -6075 -6049 -6031 -5990 -5857 -5695 -5435 -5180 -5024 -4900 -4848 -4691 -4540 -4402 -4368 -4225 -3880 -3264 -2734 -2380 -1998 -1290 92 630 -364 -51 819 1163 1444 1746 1817 2147 2679 3188 3629 4024 4377 4697 4984 5187 5377 5501 5507 5427 5339 5254 5211 5200 5187 5134 5112 5083 5061 5111 5163 5194 5205 5059 4746 4371 4025 3734 3641 3529 3109 2676 2307 1847 1582 
1528 1502 1381 1210 1051 921 775 742 721 625 469 179 -77 -205 -424 -546 -606 -656 -781 -757 -680 -92 422 744 483 161 -178 -343 -422 -497 -528 -479 -491 -491 -538 -647 -737 -884 -1129 -1380 -1691 -2065 -2455 -2821 -3195 -3553 -3892 -4204 -4520 -4807 -5022 -5155 -5285 -5397 -5523 -5651 -5783 -5965 -6165 -6229 -6221 -6276 -6322 -6284 -6265 -6229 -6140 -6045 -5901 -5778 -5552 -5308 -5085 -4890 -4839 -4800 -4798 -4863 -4885 -5096 -5053 -4742 -4221 -3647 -2769 -2747 -42 -433 -1941 -80 1526 1680 2025 2497 2693 2770 2978 3161 3481 3970 
4461 4901 5190 5207 5000 4758 4567 4423 4423 4556 4689 4835 5026 5206 5242 5207 5118 4834 4398 4004 3627 3206 2903 2765 2743 2707 2647 2466 2152 1887 1822 1808 2000 2098 2006 1793 1495 1367 1430 1435 1340 987 681 377 12 -135 -189 -206 -246 -365 -451 -613 -752 -749 -736 -731 -617 -546 -492 -477 -539 -664 -758 -849 -944 -1035 -1099 -1078 -1034 -900 -576 -76 195 359 392 335 220 93 -19 -138 -232 -278 -291 -232 -144 -38 67 163 236 278 271 211 136 73 80 87 56 21 -5 -18 
-12 11 34 57 85 91 99 100 101 97 68 39 3 -26 -34 -46 -68 -75 -49 -20 -20 0 9 23 43 56 49 32 4 -26 -21 2 24 39 47 41 38 27 19 13 6 12 23 41 50 61 72 68 62 46 33 17 1 -27 -45 -62 -81 -87 -96 -100 -91 -63 -41 -20 -7 12 23 28 28 26 18 17 15 19 27 35 42 30 15 0 -13 -25 -19 -14 -5 11 25 44 63 68 75 71 74 63 68 62 69 72 72 75 
75 80 84 92 87 84 70 54 37 20 -1 -18 -34 -37 -48 -45 -45 -46 -39 -43 -38 -35 -33 -25 -15 -5 0 3 8 4 10 9 9 0 3 -2 -12 -9 -18 -17 -16 -6 0 3 4 12 28 33 35 54 58 57 66 66 62 65 66 63 58 57 47 46 52 53 60 67 72 76 74 73 64 54 47 38 35 26 23 19 19 23 27 25 20 24 20 21 9 10 16 20 21 25 19 11 1 2 8 36 45 66 
70 67 51 8 -7 -18 -21 -12 4 18 29 41 46 44 31 13 -4 -17 -35 -49 -55 -53 -59 -54 -51 -54 -64 -74 -82 -85 -85 -84 -76 -71 -62 -53 -39 -36 -29 -31 -34 -38 -41 -44 -47 -48 -59 -68 -65 -61 -45 -39 -29 -30 -34 -38 -49 -54 -70 -77 -87 -86 -79 -61 -48 -40 -26 -21 -19 -16 -2 11 23 26 24 25 30 25 22 18 15 21 22 29 28 23 28 27 28 21 8 1 -6 -10 -8 -4 -4 5 16 26 
37 44 47 54 61 62 71 75 88 91 93 90 80 64 47 44 51 53 60 64 64 68 62 47 38 30 21 13 8 10 14 14 17 25 33 37 36 35 40 32 31 43 43 47 55 60 64 71 69 73 70 74 73 69 58 47 31 28 14 8 6 7 11 16 12 19 18 20 16 8 2 -7 -7 -7 -13 -7 -12 -13 -19 -29 -26 -22 -17 0 11 14 15 8 -13 -30 -50 -82 -103 -120 -119 -113 -97 -70 -48 -36 
-18 -3 15 30 42 60 68 71 76 72 75 66 57 41 29 19 10 8 3 -8 -15 -26 -30 -35 -45 -56 -59 -66 -67 -70 -72 -74 -79 -80 -74 -74 -63 -57 -62 -56 -60 -55 -61 -57 -53 -50 -50 -46 -47 -49 -56 -61 -71 -77 -80 -80 -70 -65 -56 -51 -43 -43 -36 -34 -30 -32 -39 -43 -46 -48 -52 -59 -61 -57 -65 -73 -85 -96 -102 -100 -99 -98 -90 -87 -79 -83 11 12 9 14 28 30 36 50 50 50 36 31 19 16 
13 8 1 -5 -10 -12 -4 -11 -7 -14 -6 -5 -5 -2 7 5 10 14 12 14 14 14 12 15 13 9 11 10 10 6 7 11 6 12 7 6 7 9 9 11 6 10 12 14 14 13 14 9 13 18 14 19 19 18 12 17 16 17 15 15 13 9 7 10 12 8 6 9 9 7 9 9 7 7 10 6 7 7 10 12 13 9 13 11 12 14 14 16 12 14 17 10 13 16 17 14 16 16 12 15 
19 19 20 22 17 20 20 16 18 18 22 23 19 19 16 19 19 18 18 15 19 16 21 19 18 16 17 11 13 14 12 11 15 15 14 9 17 15 20 37 13 25 8 8 9 18 18 12 8 9 10 6 7 8 10 7 10 9 13 12 11 13 12 17 11 9 -4 -4 -10 -14 -10 -6 -4 -2 -3 -1 -2 -10 -35 -69 -116 -181 -198 -176 -207 -210 -162 -158 -181 -247 -263 -204 -53 130 330 555 642 699 755 758 
735 778 788 717 622 488 362 231 -33 -385 -752 -946 -1132 -1491 -1933 -2337 -2792 -3251 -3657 -3997 -4281 -4525 -4782 -4925 -5146 -5343 -5468 -5507 -5628 -5716 -5640 -5612 -5481 -5370 -5267 -5202 -5146 -5126 -5156 -5178 -5133 -5097 -5064 -5059 -5047 -4975 -4842 -4630 -4363 -4037 -3757 -3399 -2935 -2358 -1855 -1353 -855 -398 29 369 681 1093 1589 2112 2658 3198 3677 4167 4631 5061 5450 5732 5977 6179 6384 6487 6422 6223 5954 5643 5318 5052 4805 4555 4339 4153 3975 3793 3581 3385 3198 3124 3123 3177 3355 3490 3475 3342 3149 3111 
3274 3246 3026 2700 2316 2084 1960 1757 1534 1225 840 505 371 420 494 551 600 502 365 95 -135 -232 -297 -458 -759 -1173 -1489 -1672 -1835 -1872 -1886 -1944 -1991 -2109 -2272 -2376 -2517 -2654 -2805 -2982 -3172 -3353 -3493 -3607 -3743 -3914 -4213 -4542 -4798 -4937 -4946 -5000 -5189 -5395 -5638 -5785 -5696 -5743 -5806 -5853 -5993 -6051 -6067 -6042 -5877 -5633 -5436 -5390 -5406 -5434 -5340 -5040 -4759 -4627 -4606 -4543 -4405 -4214 -3931 -3793 -3564 -3170 -2777 -2358 -2082 -1826 -1430 -944 -350 297 906 1213 1469 1745 2003 2330 2696 3022 3267 3536 
3817 4090 4406 4744 5044 5228 5321 5376 5410 5410 5377 5303 5218 5121 5014 4908 4819 4747 4638 4482 4304 4101 3888 3742 3708 3744 3731 3656 3497 3213 3001 3091 3249 3219 3019 2802 2471 2285 2317 2207 2034 1847 1663 1404 1072 862 570 285 60 -50 -142 -207 -381 -526 -486 -407 -284 -541 -817 -1030 -1367 -1530 -1526 -1548 -1529 -1456 -1433 -1449 -1602 -1805 -2046 -2302 -2559 -2839 -3137 -3447 -3763 -4073 -4411 -4698 -4957 -5149 -5326 -5435 -5573 -5742 -5840 -6018 -6160 -6335 -6555 -6743 -6816 -6822 -6836 -6718 -6666 -6608 -6577 -6513 
-6449 -6282 -6172 -5997 -5835 -5644 -5403 -5179 -4935 -4538 -4211 -3820 -3204 -2722 -2214 -1627 -954 -56 1065 1094 1059 1316 1346 1599 1810 2100 2480 2782 3165 3599 3964 4290 4624 4896 5099 5265 5294 5232 5179 5124 5097 5091 5079 5036 4934 4824 4800 4761 4670 4516 4374 4155 3931 3774 3722 3709 3635 3463 3264 3173 3071 3037 3019 2924 2617 2279 2210 2066 1724 1451 1233 1069 836 711 725 643 502 217 -36 -262 -522 -688 -796 -933 -1061 -1133 -1190 -1227 -1192 -1094 -955 -718 -341 324 1830 1477 983 828 398 110 
-47 -180 -257 -240 -150 -57 19 89 165 254 319 373 427 481 512 515 487 452 400 332 261 179 93 2 -92 -176 -248 -309 -351 -366 -377 -390 -398 -395 -383 -367 -285 -155 39 346 503 544 549 435 261 113 -41 -146 -182 -171 -141 -84 -29 28 87 132 175 185 199 207 188 178 153 124 88 47 12 -22 -52 -76 -96 -105 -86 -39 26 83 120 143 143 119 88 49 21 -5 -7 -3 2 8 16 23 30 22 21 16 7 0 -12 -17 -20 -27 
-24 -20 -25 -18 -19 -17 -13 -8 -6 -7 -8 -8 -6 0 -4 -2 2 1 2 7 7 7 8 8 17 22 17 25 19 17 12 9 5 2 1 -2 2 3 8 11 20 19 18 19 20 16 21 22 22 25 29 23 26 27 31 30 32 30 30 23 21 18 12 10 7 9 14 18 16 15 18 9 15 13 12 8 10 5 6 11 9 19 22 23 26 29 22 22 19 16 15 6 6 2 2 4 6 11 13 12 
11 10 13 14 16 16 17 21 19 21 20 17 21 20 13 19 18 23 20 20 20 17 17 14 18 11 9 10 10 14 18 14 19 18 19 17 11 12 17 17 19 20 13 16 12 6 4 5 6 8 10 5 12 12 11 11 14 13 13 8 12 7 4 5 5 4 5 3 4 3 3 3 5 4 5 7 11 14 13 15 11 10 7 15 6 10 12 13 15 10 13 6 5 9 15 12 11 12 10 8 
3 5 2 3 -2 -7 -1 3 -1 5 12 5 3 5 0 4 2 2 1 -2 -1 5 3 3 5 8 12 7 9 9 11 6 1 12 10 10 7 14 13 13 11 15 14 15 9 11 12 12 13 5 13 16 16 17 12 14 12 10 16 10 12 10 9 13 13 15 8 12 13 8 10 12 13 12 13 14 9 7 12 12 3 7 5 1 4 -66 -52 -21 1 1 6 5 -3 -7 -16 -13 -5 -11 -7 -4 
-2 1 3 6 9 5 1 5 7 5 5 9 3 5 6 10 8 8 10 2 -1 -1 -2 7 8 13 19 35 40 44 39 38 19 6 2 -4 0 7 8 9 17 19 22 23 28 30 32 35 33 36 45 47 52 60 65 64 63 62 63 54 42 32 15 7 7 9 9 12 11 12 17 17 19 19 16 19 12 5 11 11 16 20 23 28 30 24 24 19 18 11 9 6 5 -1 -9 -8 -11 -7 -8 -5 
-3 2 13 15 17 18 20 19 11 8 -4 -14 -28 -43 -62 -76 -106 -133 -147 -157 -157 -163 -164 -202 -273 -338 -396 -407 -415 -453 -491 -541 -538 -532 -468 -329 -115 146 367 557 709 773 782 779 753 698 612 460 296 154 62 -48 -237 -538 -920 -1331 -1825 -2358 -2856 -3338 -3843 -4331 -4746 -5199 -5519 -5753 -5976 -6015 -6093 -6095 -6036 -6067 -6033 -5922 -5816 -5670 -5463 -5316 -5135 -4948 -4786 -4639 -4505 -4278 -4121 -3968 -3897 -3903 -3900 -3912 -3929 -3798 -3634 -3464 -3167 -2762 -2316 -1745 -1040 -390 
171 710 1161 1480 1679 1906 2153 2475 2932 3496 4021 4466 4861 5154 5345 5455 5533 5671 5774 5700 5583 5424 5241 5062 4869 4657 4397 4072 3756 3446 2984 2549 2342 2277 2199 2205 2295 2428 2549 2612 2653 2585 2493 2414 2307 2167 2075 2022 1987 1913 1752 1616 1387 1191 999 854 747 576 424 197 -94 -420 -789 -782 -567 -272 -591 -1047 -1354 -1652 -1946 -2076 -2084 -2180 -2376 -2486 -2622 -2840 -3082 -3297 -3519 -3742 -3967 -4172 -4382 -4591 -4802 -5079 -5371 -5638 -5836 -5998 -6117 -6343 -6562 -6752 -6940 -7070 -7143 -7172 
-7184 -7345 -7304 -7463 -7571 -7744 -7923 -7936 -7839 -7557 -7216 -6861 -6642 -6365 -5864 -5296 -4641 -4129 -3758 -3224 -2771 -2411 -1964 -1211 -202 389 716 973 1191 1460 1868 2250 2670 3173 3761 4308 4807 5207 5488 5687 5847 5956 5952 5905 5845 5721 5587 5452 5338 5137 4884 4698 4494 4285 4072 3802 3510 3252 3225 3308 3316 3150 2750 2464 2317 2351 2533 2838 3155 3421 3857 4121 4385 4406 4183 4070 3877 3658 3377 3110 2552 1814 1262 759 378 96 23 139 221 219 85 -224 -704 -1248 -1753 -2184 -2515 -2757 -2902 -3018 
-3120 -3266 -3442 -3693 -3965 -4258 -4511 -4689 -4842 -5008 -5220 -5479 -5766 -5912 -5943 -6093 -6262 -6484 -6707 -6859 -6956 -6976 -7048 -7077 -7109 -7004 -6867 -6818 -6781 -6702 -6659 -6651 -6591 -6480 -6317 -6107 -5921 -5691 -5341 -5007 -4560 -4213 -3875 -3551 -3260 -2862 -2257 -1723 -1241 -718 -249 122 426 691 965 1262 1695 2241 2813 3321 3777 4052 4325 4698 5055 5420 5795 6095 6296 6540 6597 6504 6375 6267 6108 5921 5690 5472 5306 5104 4881 4605 4226 3813 3548 3516 3492 3342 2964 2351 1819 1786 1735 1542 1290 1039 626 497 451 431 
230 -75 -322 -536 -638 -590 -475 -504 -594 -659 -763 -859 -1026 -1147 -1230 -1408 -1660 -1807 -1883 -1922 -1885 -1744 -1451 -578 1539 2113 1862 1545 952 394 -10 -285 -566 -744 -741 -663 -554 -436 -359 -248 -126 3 152 293 407 481 490 473 425 346 266 185 124 51 -17 -104 -177 -224 -262 -297 -315 -311 -296 -274 -216 -182 -120 -5 120 184 169 106 38 -21 -70 -91 -87 -63 -36 -2 40 87 118 123 134 137 127 121 99 76 59 36 12 -10 -30 -49 -57 -65 -69 -77 
-82 -79 -70 -64 -58 -48 -37 -8 14 35 53 72 82 96 98 77 87 88 86 78 54 24 6 -6 -6 4 9 24 36 41 54 53 54 44 37 36 35 25 19 21 14 19 22 27 31 33 33 34 35 38 35 29 30 31 23 15 16 10 9 8 11 6 13 18 29 32 40 50 49 55 72 78 97 116 133 147 157 169 173 156 140 116 94 77 64 62 63 61 58 50 34 25 13 2 -1 4 9 16 26 39 
53 69 88 102 113 118 129 130 137 143 146 149 136 125 104 89 83 74 73 81 81 80 80 66 47 40 19 5 -2 -12 -23 -31 -39 -35 -33 -25 -21 -14 -10 0 -3 -1 3 15 22 36 41 42 51 48 42 30 23 13 0 -11 -28 -40 -53 -73 -72 -73 -73 -64 -55 -46 -33 -24 -15 -5 -4 3 11 17 10 11 12 7 -2 -5 -17 -23 -23 -26 -26 -20 -32 -27 -29 -29 -26 -25 -17 -18 -14 -12 -7 3 5 12 
25 26 25 25 20 18 17 14 4 -4 -9 -9 -17 -26 -20 -26 -22 -24 -16 -23 -26 -25 -29 -25 -41 -49 -57 -59 -59 -67 -71 -74 -73 -74 -71 -62 -56 -48 -35 -27 -25 -17 -11 -5 0 7 5 -6 -25 -48 -64 -73 -74 -67 -65 -73 -60 -42 -29 -21 -15 -8 -21 -31 -41 -47 -56 -58 -59 -35 -11 19 40 53 62 61 66 57 46 27 9 -13 -30 -37 -45 -40 -35 -25 -19 -13 -10 -3 2 6 20 31 40 50 43 41 
67 56 29 18 -6 -20 -34 -33 -15 3 19 23 28 27 17 1 -19 -31 -35 -37 -37 -30 -26 -45 -74 -95 -117 -140 -161 -185 -206 -216 -237 -271 -293 -293 -275 -259 -220 -177 -150 -115 -79 -49 -43 -23 -14 0 9 18 25 38 60 83 109 131 156 170 167 154 127 101 62 10 -22 -42 -57 -70 -71 -63 -65 -57 -54 -54 -53 -49 -48 -45 -38 -22 -11 0 7 12 16 12 11 11 14 18 11 15 17 17 23 20 17 18 23 21 
19 16 17 14 11 17 15 20 24 19 18 15 11 8 9 11 6 9 10 15 14 11 11 15 11 12 8 11 12 13 13 15 11 13 10 14 10 6 6 4 7 12 8 10 2 -10 -36 -44 -68 -103 -136 -186 -213 -248 -298 -304 -241 -208 -206 -268 -414 -607 -739 -807 -652 -434 -257 -127 -69 -95 -159 -128 -155 -255 -349 -458 -580 -742 -823 -862 -1029 -1240 -1430 -1625 -1889 -2179 -2530 -3008 -3405 -3772 -4168 -4501 -4817 -4970 -5216 -5381 -5636 -5750 -5780 -5832 
-5760 -5679 -5667 -5664 -5660 -5598 -5561 -5531 -5523 -5474 -5358 -5266 -5158 -5088 -5087 -4947 -4768 -4647 -4384 -4108 -3718 -3219 -2611 -1950 -1053 -305 849 1110 1424 1786 1939 2275 2708 3005 3346 3824 4341 4841 5326 5740 6048 6211 6255 6277 6184 6039 5939 5815 5630 5395 5193 5036 4938 4884 4887 4831 4671 4444 4379 4427 4425 4427 4336 4043 3575 3226 2948 2685 2591 2263 2021 1763 1604 1490 1449 1566 1559 1419 1243 1233 1241 1159 1206 1148 967 611 60 -302 -535 -621 -953 -958 -1037 -1084 -1158 -1215 -1366 -1584 -1736 -1874 
-2061 -2234 -2434 -2660 -2945 -3271 -3584 -3909 -4239 -4583 -4921 -5226 -5563 -5777 -5934 -6006 -6050 -6107 -6034 -5755 -5564 -5448 -5339 -5307 -5315 -5429 -5546 -5726 -5882 -6024 -6151 -6156 -5999 -5781 -5572 -5435 -5350 -5240 -5164 -5141 -5088 -4988 -4850 -4691 -4581 -4199 -3815 -3412 -2968 -2596 -2193 -1682 -796 659 -6 -634 288 1005 1501 1821 1809 1904 2160 2622 3175 3837 4418 4759 4893 4928 4964 5061 5070 5070 5164 5316 5512 5706 5838 5946 6028 6078 6088 6054 5950 5821 5683 5518 5356 5153 4835 4461 4031 3752 3690 3638 3698 3602 3339 3199 
3113 3073 3162 3033 2679 2304 1975 1748 1519 1399 1351 1262 1131 884 723 665 503 296 148 -8 -220 -335 -474 -721 -981 -1180 -1426 -1563 -1673 -1681 -1621 -1498 -1409 -1380 -1416 -1478 -1671 -1918 -2220 -2511 -2769 -2989 -3153 -3395 -3646 -4024 -4442 -4687 -4948 -5283 -5665 -6024 -6403 -6668 -6777 -6849 -6768 -6720 -6596 -6457 -6415 -6364 -6284 -6193 -6055 -5893 -5613 -5326 -5105 -4864 -4634 -4374 -4125 -3921 -3643 -3286 -2924 -2520 -2230 -1866 -1187 -474 41 388 739 1127 1607 1944 2113 2356 2586 2836 3173 3423 3649 3902 4145 4495 4981 5417 
5736 5989 6151 6180 6102 5978 5810 5580 5293 4999 4670 4240 3728 3168 2687 2486 2315 2182 1954 1622 1373 1198 781 312 11 -329 -492 -615 -804 -1013 -1155 -1268 -1350 -1286 -1329 -1482 -1691 -1992 -2214 -2250 -2315 -2321 -2264 -2334 -2400 -2488 -2639 -2634 -2555 -2537 -2437 -2328 -2189 -2038 -1792 -1509 -1166 -721 -395 -145 52 175 205 159 105 85 94 171 258 356 467 584 717 843 943 1013 1062 1096 1077 1034 975 925 874 809 752 676 592 512 409 280 118 -9 -98 -143 -148 -143 -105 -45 27 92 
109 80 9 -73 -152 -174 -181 -162 -126 -103 -75 -40 3 24 47 53 43 34 30 24 20 12 -5 -11 -17 -14 -6 4 11 15 17 18 14 9 -7 -11 -6 8 31 53 67 76 83 88 85 77 63 56 50 56 50 51 45 40 44 46 44 35 31 25 25 19 19 22 31 30 27 27 27 22 28 24 18 22 29 26 30 31 37 37 47 40 43 34 27 17 11 6 0 1 -2 1 -3 0 -7 -6 -6 -5 -12 -4 
1 10 19 25 31 31 30 30 30 32 39 44 59 62 67 77 83 84 84 73 65 53 35 35 28 23 20 17 19 18 17 13 10 9 8 4 3 0 6 13 16 17 23 12 14 11 19 19 25 27 33 34 30 36 37 42 48 42 34 24 4 2 -24 -33 -22 -8 2 19 41 66 79 90 93 83 84 73 66 59 51 58 53 55 57 52 40 35 17 -7 -18 -43 -60 -76 -87 -97 -97 -89 -71 -42 -22 1 
11 22 29 29 31 35 38 36 42 47 45 35 29 20 16 9 11 6 13 6 13 15 9 11 6 3 -2 -6 -13 -10 -11 -11 -16 -11 -17 -18 -11 -12 -8 -12 -11 -13 -11 -8 -2 14 27 46 54 51 36 15 -17 -41 -52 -52 -45 -29 -5 12 21 21 22 28 40 46 47 34 13 -12 -35 -58 -79 -96 -110 -120 -120 -107 -86 -64 -40 -27 -20 -23 -34 -53 -75 -96 -119 -125 -122 -112 -94 -69 -43 -19 7 30 36 41 
41 59 67 77 78 70 68 62 63 60 66 68 76 97 117 146 185 230 269 311 338 351 359 346 316 272 203 137 84 39 2 -37 -76 -106 -127 -149 -168 -188 -209 -223 -225 -234 -243 -260 -287 -314 -338 -352 -361 -356 -354 -347 -326 -308 -291 -251 -220 -180 -147 -113 -81 -46 -23 6 24 26 30 25 20 9 0 -5 -8 -11 -11 -10 -11 -3 -2 4 -2 -11 -12 -14 -16 -7 2 21 48 77 107 123 150 181 203 223 234 236 245 243 
241 227 212 200 190 179 167 155 154 150 154 154 159 162 159 169 174 181 201 223 244 282 314 344 375 402 412 411 400 377 343 310 268 235 196 157 126 95 77 56 40 38 36 29 31 29 30 33 30 36 38 37 39 31 22 10 -7 -25 -51 -74 -101 -123 -143 -161 -177 -197 -217 -237 -258 -291 -306 -324 -347 -361 -361 -358 -342 -322 -295 -267 -230 -192 -152 26 29 31 35 42 36 38 40 35 32 22 21 17 18 22 23 22 
29 29 30 37 41 47 60 62 57 54 49 48 47 44 36 30 25 21 14 8 2 -7 -6 -10 -11 -3 -2 6 9 2 3 -4 -2 -10 -11 -15 -16 -9 -7 -4 5 -1 -5 -16 -25 -35 -50 -61 -91 -116 -134 -151 -141 -133 -136 -142 -207 -349 -365 -356 -406 -539 -724 -746 -621 -478 -281 -93 199 435 530 563 569 487 424 323 93 -135 -409 -730 -1050 -1481 -2009 -2590 -3217 -3820 -4390 -4848 -5274 -5639 -5903 -6077 -6209 -6341 -6481 -6675 -6792 -6873 -6966 -6965 
-6924 -6845 -6703 -6569 -6408 -6087 -5688 -5409 -5219 -5010 -4883 -4725 -4606 -4502 -4381 -4211 -3994 -3778 -3482 -3075 -2663 -2311 -1981 -1634 -1315 -898 -405 119 587 896 1059 1321 1563 1834 2144 2425 2734 3071 3430 3882 4347 4798 5234 5608 5918 6169 6279 6271 6190 6084 5932 5758 5567 5344 5105 4824 4510 4140 3885 3720 3591 3530 3181 2805 2545 2288 2117 1976 1749 1481 1293 1287 1256 1357 1473 1437 1355 1445 1441 1285 1198 1102 949 907 736 512 191 -161 -486 -824 -987 -1058 -1121 -1043 -1098 -1401 -1777 -2197 -2571 -2918 
-3262 -3549 -3688 -3726 -3725 -3742 -3792 -3900 -4117 -4351 -4615 -4981 -5419 -5813 -6094 -6332 -6439 -6511 -6540 -6503 -6484 -6389 -6259 -6131 -6030 -6018 -6014 -6159 -6277 -6381 -6382 -6470 -6432 -6346 -6308 -6244 -6132 -6000 -5642 -5270 -4932 -4641 -4431 -4190 -4009 -3800 -3545 -3267 -2959 -2675 -2457 -2265 -2069 -1747 -1352 -1009 -666 -411 -174 129 428 699 943 1201 1509 1878 2227 2569 2910 3213 3544 3889 4214 4488 4686 4837 4956 5001 5008 5001 4972 4956 4992 5046 5123 5182 5207 5171 5138 5136 5139 5146 5060 4806 4533 4197 3996 3914 3811 3642 
3492 3275 3064 2755 2547 2370 2319 2306 2260 2040 1723 1528 1497 1446 1289 1127 889 615 431 449 481 361 258 91 -246 -518 -718 -818 -893 -881 -840 -953 -1105 -1200 -1304 -1416 -1518 -1681 -1819 -1839 -1757 -1672 -1656 -1772 -1975 -2223 -2584 -2947 -3268 -3604 -3920 -4172 -4388 -4609 -4777 -4890 -4938 -4895 -4971 -5098 -5266 -5426 -5475 -5508 -5402 -5167 -5103 -5160 -5196 -5260 -5279 -5280 -5153 -5072 -5102 -5105 -5218 -5336 -5363 -5383 -5276 -5201 -5142 -5011 -4861 -4725 -4666 -4587 -4454 -4048 -3702 -3546 -3266 -3002 -2628 -2137 -1604 -630 1 -388 
-568 403 1020 1485 1917 1984 2032 2218 2505 2908 3305 3703 4085 4447 4769 4989 5127 5173 5057 4943 4895 4935 4982 5055 5118 5192 5311 5345 5293 5210 5074 4882 4661 4359 4080 3833 3687 3527 3364 3149 2855 2538 2336 2112 1936 1712 1437 1113 840 757 880 940 888 683 375 56 -145 -205 -198 -236 -270 -221 -347 -552 -675 -826 -982 -1131 -1279 -1258 -1224 -1271 -1360 -1493 -1670 -1807 -1863 -1673 -1468 -1309 -1142 -964 -771 -583 -424 -303 -182 -65 40 137 222 287 335 355 299 234 195 170 149 136 
139 178 235 306 367 392 361 283 220 144 79 9 -39 -74 -87 -88 -90 -90 -66 -39 -11 6 2 -4 -15 -25 -43 -58 -74 -81 -96 -105 -120 -143 -199 -281 -372 -437 -490 -516 -525 -521 -508 -494 -506 -525 -520 -504 -465 -419 -366 -318 -253 -188 -121 -66 -17 26 71 114 145 167 189 204 211 206 202 194 192 189 176 161 150 142 134 122 112 100 95 96 86 81 82 74 76 83 93 93 102 106 99 101 97 101 98 100 102 108 112 124 
133 138 136 125 108 83 64 54 48 55 73 81 97 108 119 128 136 144 167 191 205 217 233 228 213 185 145 109 79 64 55 61 66 75 89 115 132 150 149 164 178 186 183 179 162 129 89 53 30 20 23 25 35 49 66 70 89 98 105 105 108 109 94 84 77 58 45 22 -14 -38 -50 -54 -38 -17 0 6 19 22 28 27 25 25 18 13 9 9 15 33 46 70 87 100 112 116 113 110 105 101 117 120 
115 112 105 86 71 54 41 38 36 39 49 67 77 83 88 89 88 90 81 82 75 64 62 44 29 14 9 6 0 4 3 9 16 26 36 42 37 35 26 18 10 15 23 31 40 46 53 59 57 60 61 72 85 86 91 86 75 69 63 46 48 53 60 72 79 79 83 86 99 110 122 136 144 143 135 125 105 90 83 75 81 84 86 92 77 72 60 41 25 10 -8 -21 -40 -53 -59 -56 -50 -38 -19 10 
26 37 53 50 50 36 23 19 2 -10 -14 -23 -21 -17 1 21 41 75 105 130 171 187 191 196 181 151 117 71 26 -25 -70 -112 -135 -136 -105 -68 -13 32 76 117 138 158 152 125 62 -9 -89 -157 -201 -232 -235 -211 -168 -114 -57 -25 -16 -59 -85 -108 -137 -148 -142 -126 -95 -53 -11 34 69 102 122 137 136 132 123 112 97 85 77 68 57 40 40 27 27 19 23 24 21 23 27 27 27 30 24 26 23 21 17 9 
-2 -1 -6 -19 -24 -35 -58 -75 -89 -104 -109 -133 -140 -148 -151 -152 -155 -165 -169 -165 -170 -172 -162 -145 -123 -103 -91 -76 -47 -17 10 46 78 119 154 188 218 243 270 287 292 289 277 260 239 209 189 164 143 118 99 84 77 75 77 71 66 50 38 17 -1 -21 -28 -44 -54 -58 -61 -59 -57 -50 -46 -34 -24 -18 -16 -6 -6 -3 4 14 34 59 