2584 2578 2608 2592 2604 2594 2564 2606 2656 2628 2664 2628 2708 2672 2652 2664 2666 2612 2612 2544 2578 2600 2592 2604 2598 2604 2606 2606 2676 2632 2678 2652 2638 2654 2606 2606 2576 2642 2640 2620 2646 2624 2664 2584 2628 2600 2596 2634 2564 2592 2646 2596 2572 2614 2642 2592 2636 2688 2684 2666 2672 2646 2654 2620 2646 2620 2540 2484 2546 2556 2580 2576 2630 2522 2494 2458 2384 2184 1918 1634 1384 1116 808 558 108 -736 -1300 -1450 -1250 -1052 -1032 -1350 -1790 -2244 -2708 -2840 -2978 -2824 -2614 -2562 
-2810 -2790 -2824 -2908 -2782 -2962 -3080 -3120 -3496 -3336 -2706 -2404 -2288 -2372 -2392 -2240 -1810 -1540 -1614 -1330 -1154 -864 -700 -786 -968 -930 -524 68 338 258 142 96 -4 118 66 412 820 1080 1452 1672 1620 1582 1482 1484 1702 1996 2254 2388 2330 2234 2200 2222 2456 2936 3384 3388 3274 3158 3038 3084 3212 3504 3564 3500 3400 3370 3134 3170 3236 3334 3268 3252 3222 3198 3220 2804 2520 2288 2278 2308 2194 2024 1810 1668 1620 1488 1158 440 -582 -476 -1208 -564 -34 460 292 -804 -2066 -3040 -3282 -3280 
-3006 -3048 -3132 -3348 -3706 -3804 -3770 -3458 -3008 -2874 -2864 -2910 -2856 -2988 -2994 -2878 -2678 -2458 -2212 -1832 -1594 -1410 -1282 -1640 -2052 -2480 -2612 -2580 -2578 -2496 -2288 -2054 -2036 -1956 -1852 -1678 -1502 -1718 -1944 -1956 -1660 -980 -420 226 512 496 84 -46 2 238 444 438 82 10 -42 294 704 926 806 408 -20 -20 308 866 1200 1190 556 -206 -656 -576 -514 -450 -284 -128 -98 -128 -54 278 362 -342 -1440 -2358 -2688 -2074 -322 -122 -938 -2668 -3588 -3026 -780 406 -500 -2822 -4900 -5070 -3908 -1992 274 -154 
-808 -3946 -6148 -6150 -4982 -3062 -1732 -2678 -3612 -5000 -6336 -6170 -6022 -5734 -4766 -3884 -3924 -3914 -3728 -3850 -4204 -4710 -5296 -4818 -3912 -3118 -1648 -1882 -2822 -4030 -4266 -3500 -2784 -1678 -416 676 1740 2644 3518 4156 4602 4696 4588 4306 4080 3912 3492 3206 2982 2908 2854 2814 2770 2678 2624 2574 2512 2352 2236 1892 1256 794 570 622 762 1034 1306 1306 1056 626 436 204 170 152 -12 -100 -540 -910 -1076 -1302 -1892 -2442 -2782 -2576 -2206 -1802 -1532 -1510 -1804 -2030 -1772 -1572 -1732 -2034 -2480 -3240 -3720 -3968 -3628 -3090 
-2712 -2232 -1846 -1998 -2124 -2268 -2382 -2166 -1726 -1276 -800 -98 642 1178 1628 1828 2006 2214 2198 2478 2936 3234 3518 3718 3890 3982 4006 4030 3926 3938 4036 3942 4078 4314 4444 4546 4410 4400 4352 4488 4822 5172 5104 5104 4808 4362 3912 3676 3570 3634 3724 3852 3796 3784 3446 3008 2914 3068 3212 3192 3080 3054 2908 3018 3110 3038 2632 2272 1854 1510 1558 1352 994 492 -70 -588 -718 -1438 -1932 -2652 -3122 -3384 -3300 -2884 -2874 -3088 -3300 -3540 -3544 -3772 -3910 -4024 -4258 -4554 -4638 -4588 -4304 -4072 -3934 -3924 
-4064 -4008 -3910 -3834 -3778 -3472 -3216 -3068 -2770 -2522 -2406 -2518 -2672 -2864 -2984 -2698 -2336 -1998 -1624 -1600 -1808 -2074 -2356 -2814 -3092 -3240 -3184 -2842 -2756 -2816 -2872 -2858 -2952 -3088 -2852 -2530 -2138 -1826 -1632 -1466 -1134 -920 -766 -676 -534 -408 -248 -98 -36 -140 -236 -388 -566 -566 -534 -438 -232 -176 144 192 354 578 596 596 378 70 -370 -728 -780 -614 -504 -578 -758 -1194 -1576 -1786 -1558 -990 -410 -538 -1362 -1608 -1890 -1758 -1198 -668 -1206 -2438 -2898 -2286 -890 794 1000 256 -474 -1574 -1884 -1498 -976 -600 
-1236 -1908 -2316 -2864 -2872 -2046 -996 -904 -1990 -2296 -2632 -2592 -2048 -1274 -1508 -2358 -2404 -2166 -1908 -1688 -1516 -1164 -870 -806 -1128 -1886 -2868 -3744 -3770 -3988 -4110 -3316 -3614 -4684 -4310 -3436 -1882 -142 1346 2420 3044 3654 4078 4176 4272 4134 4158 4090 4006 3844 3676 3464 3236 2968 2858 2682 2554 2300 1832 1322 876 370 186 38 90 -2 -356 -1174 -2272 -2984 -3226 -3078 -2844 -2720 -3164 -3254 -3148 -3000 -2996 -3146 -3162 -2862 -2476 -2290 -1978 -1940 -1848 -1790 -1796 -1482 -886 -136 504 998 1402 1474 1584 1646 1672 1846 
2394 2908 3484 3716 3830 3870 3972 3928 3884 4070 4336 4506 4400 4078 3632 3344 3184 3354 3504 3724 3706 3498 3306 2962 2734 2588 2724 2998 3208 3272 2790 2168 1932 1886 2156 2544 2912 2926 2680 2358 2140 2266 2528 2666 3060 2942 2878 2886 2940 2968 2826 2782 2698 2556 2410 2434 2472 2554 2636 2676 2278 2188 2140 1942 1762 1554 1388 1028 816 414 -54 -190 -330 -448 -560 -808 -1122 -1438 -1852 -2036 -2326 -2524 -2468 -2356 -2324 -2680 -2956 -3292 -3384 -3386 -3282 -2822 -2600 -2570 -2498 -2572 -2478 -2608 -2760 -2678 
-2480 -2280 -2026 -1916 -2002 -2146 -2388 -2756 -2780 -2642 -2440 -2230 -2068 -2000 -1976 -2134 -2346 -2650 -2874 -3212 -3430 -3658 -4022 -4138 -4024 -3960 -3944 -3886 -4046 -4088 -3952 -3700 -3488 -3358 -3224 -3110 -2936 -2568 -2204 -1858 -1644 -1350 -1148 -998 -876 -678 -484 -244 -100 148 300 464 458 336 112 140 276 528 870 822 598 216 24 298 618 824 1188 1382 1124 662 190 -206 -320 18 224 24 -150 -508 -714 -550 -478 -686 -1520 -2058 -2276 -1896 -732 186 -428 -1226 -1468 -2186 -1996 -1148 -682 -474 -116 -980 -2294 -3528 
-3982 -3658 -2622 -1562 -1196 -1694 -2618 -3084 -3388 -3246 -3054 -2588 -1622 -1030 -900 -1384 -1748 -2616 -3312 -3498 -3240 -2606 -1770 -1062 -564 -320 -350 -432 -532 -924 -1412 -1560 -1238 -944 -626 -220 106 152 -140 270 -638 -2354 -3828 -4220 -3634 -2640 -1576 -296 952 1882 2540 3026 3272 3460 3598 3876 4080 4228 4324 4226 4198 4092 3950 3778 3588 3452 3346 3292 3170 3120 3030 2984 2962 2932 2776 2784 2732 2672 2692 2678 2570 2358 1972 1568 1084 666 412 274 258 390 650 964 1152 1430 1598 1738 1844 2034 2090 1666 
1736 1740 1722 1742 1712 1646 1694 1656 1706 1698 1702 1684 1706 1696 1662 1704 1690 1674 1716 1672 1698 1614 1678 1674 1716 1732 1690 1714 1688 1738 1730 1768 1724 1782 1730 1762 1724 1726 1746 1714 1708 1660 1654 1694 1720 1720 1728 1622 1698 1630 1678 1682 1720 1666 1578 1540 1572 1628 1670 1650 1564 1264 1008 214 214 94 106 398 382 92 -456 -1140 -1864 -2320 -2772 -2894 -2900 -2840 -3016 -3424 -3804 -4578 -5022 -5182 -4674 -4148 -3782 -3670 -4170 -4778 -5080 -5024 -4728 -4388 -4374 -4674 -4848 -4772 -4446 -3938 
-3558 -3466 -3794 -3982 -3910 -3580 -2990 -2524 -2462 -2478 -2798 -2748 -2860 -3070 -3138 -2770 -2292 -2010 -1886 -2052 -2024 -1720 -1422 -1220 -1116 -988 -1054 -1116 -1168 -1112 -1074 -888 -414 -150 186 238 398 556 508 414 394 218 316 556 854 1070 1296 1396 1384 1490 1846 2312 2844 3032 3002 2838 3018 3432 3756 3806 3632 3250 2856 2166 1772 1574 1368 1046 870 390 -162 -480 -886 -1184 -1340 -1774 -1976 -2304 -2570 -2374 -2000 -1894 -2148 -2532 -2322 -2240 -2258 -2450 -2672 -3094 -3248 -2912 -3052 -3296 -3202 -3010 -2920 -2912 -3048 -3024 
-3048 -2718 -2534 -2158 -1858 -1704 -1836 -1988 -2360 -2868 -3252 -3460 -3310 -2982 -2694 -2536 -2836 -3286 -3814 -3836 -3568 -3102 -2746 -2330 -1968 -1446 -942 -814 -982 -1130 -1130 -926 -532 -112 110 296 420 568 676 610 362 324 316 418 470 454 78 -246 -704 -952 -714 -520 -462 -700 -1146 -1456 -1470 -1086 -640 -848 -1570 -2608 -3282 -3444 -2984 -2354 -2132 -2444 -3468 -4484 -4810 -4484 -3260 -2222 -2636 -3532 -4390 -5042 -4962 -4404 -3800 -3332 -4022 -5268 -6106 -5606 -4784 -4022 -3632 -3540 -3534 -3808 -3992 -3776 -3354 -3348 -3278 -2924 -2950 -2580 
-2292 -2532 -2656 -2564 -2092 -1152 -278 -308 -1288 -2384 -2804 -2852 -2412 -1910 -1558 -2060 -3498 -4128 -4296 -4128 -3594 -2968 -2650 -2744 -3202 -4328 -4732 -4978 -5204 -5216 -4780 -3834 -3598 -3178 -3030 -2616 -1500 -610 88 634 1416 2068 2702 3010 2972 2980 2994 3064 3196 3256 3352 3338 3048 2808 2546 2418 2282 2280 2322 2320 1898 1536 1034 640 456 558 740 678 456 108 -308 -602 -684 -758 -792 -980 -1408 -1870 -2154 -2400 -2474 -2642 -2548 -2644 -2688 -2562 -2590 -2850 -2936 -2942 -2786 -2528 -2118 -2020 -2212 -2528 -2696 -2860 -2528 -2184 
-2064 -1408 -878 -348 -12 304 286 280 316 188 196 318 632 1050 1326 1544 1628 1704 2002 2408 2718 3016 3140 3058 3012 2796 2700 2596 2844 2932 2992 3270 3530 3762 3770 3792 3800 3822 3724 3652 3674 3562 3598 3556 3672 3708 3556 3642 3656 3648 3730 3756 3936 3982 3994 3888 3662 3482 3432 3690 3980 4094 3936 3816 3676 3824 4040 4048 3712 3198 2884 2560 2666 2634 2688 2612 2438 2016 1738 2050 2188 2130 2010 1522 1114 744 570 636 830 900 728 480 196 -96 -458 -348 -166 148 292 390 
434 290 -68 -252 -490 -1122 -2060 -2730 -3158 -3306 -3184 -3152 -3286 -3520 -3718 -3880 -3930 -3686 -3746 -3890 -4018 -3844 -3492 -3168 -3016 -3234 -3744 -4136 -4328 -4504 -4422 -4334 -4236 -4360 -4678 -4880 -4838 -4628 -4562 -4424 -4418 -4096 -3800 -3484 -3172 -3014 -2722 -2422 -2080 -1764 -1546 -1140 -744 -490 -354 -278 -276 -166 -178 -46 150 316 202 34 -68 -424 -814 -868 -760 -726 -624 -478 -452 -602 -1328 -2104 -2590 -2456 -2118 -1736 -1462 -1480 -2232 -2874 -2918 -2614 -2268 -1516 -1638 -2310 -2618 -2260 -1350 -416 -668 -1146 -2254 -3738 -3654 -2850 
-1360 212 -312 -1516 -2720 -3490 -3618 -3022 -2568 -2354 -2844 -2914 -3560 -3736 -2858 -2358 -2608 -2414 -2056 -2112 -2004 -1742 -1394 -980 -1630 -2654 -2904 -2928 -2696 -2458 -2238 -2250 -2296 -2542 -2756 -3170 -3652 -3410 -4510 -5030 -5382 -5244 -3664 -2096 -840 612 1690 2508 3050 3320 3418 3376 3174 3084 3102 3118 3080 3136 3012 2724 2288 2088 1892 1528 1176 598 34 -262 -308 -362 -474 -690 -1092 -1580 -2008 -2268 -2134 -2026 -1748 -1648 -1784 -2040 -2358 -2432 -2284 -2106 -1974 -1836 -1618 -1634 -1566 -1282 -1220 -1116 -1270 -1550 -1384 -838 -338 -46 
124 -32 -2 148 496 682 816 962 986 1438 1846 2196 2474 2740 3002 3110 3188 3126 2900 2704 2770 2930 2934 3100 3216 3270 3288 3020 2770 2844 3078 3224 3388 3640 3846 3828 3790 3660 3648 3956 4240 4256 4274 3974 3962 4226 4552 5108 4894 4432 3886 3550 3430 3608 3934 4002 3872 3640 3272 3038 3102 3150 2956 2786 2598 2164 2196 2312 2704 2768 2574 2178 1814 1640 1434 1312 1022 682 248 4 -58 -230 -330 -602 -756 -1082 -1312 -1546 -1588 -1676 -2192 -2722 -3098 -3502 -3302 -3026 -3134 -3588 -4234 -4504 
-4138 -3548 -3134 -2684 -2346 -2644 -2796 -3006 -2964 -2714 -2604 -2410 -2116 -1912 -1812 -1790 -1704 -1620 -1606 -1602 -1514 -1522 -1560 -1588 -1630 -1592 -1634 -1634 -1786 -1984 -2078 -2080 -2180 -2174 -2362 -2430 -2442 -2568 -2734 -2804 -2736 -2734 -2712 -2578 -2504 -2466 -2322 -2426 -2458 -2380 -2206 -2074 -1948 -1792 -1656 -1658 -1576 -1492 -1402 -1222 -1198 -1172 -1034 -984 -886 -724 -372 -140 -84 54 -14 -294 -614 -696 -470 -236 174 540 586 412 534 552 416 504 506 290 -34 -356 -570 -738 -908 -886 -756 -754 -574 -304 -238 70 -416 -1092 
-1568 -1988 -1888 -1430 -620 -902 -1994 -2928 -3646 -3816 -2846 -1508 -1278 -2878 -4978 -5932 -5562 -4110 -2744 -2516 -2342 -1894 -2940 -4186 -4500 -4250 -3308 -2198 -934 -1156 -1420 -2076 -2976 -3276 -2858 -2216 -1466 -732 -206 422 842 516 192 168 42 14 -542 -1316 -1674 -2174 -4762 -13228 -30164 -19320 -9778 -4732 -2700 -808 818 2184 2956 3296 3552 3800 3894 4044 4116 4000 3860 3718 3734 3926 4190 4286 4042 3808 3518 3292 3216 3232 3178 3212 3206 3246 3240 3268 3088 2912 2778 2584 2452 2372 2196 2150 2114 2078 2184 2292 1622 1660 
1728 1688 1722 1770 1724 1744 1786 1766 1756 1778 1830 1798 1780 1812 1828 1802 1838 1788 1808 1826 1820 1880 1792 1774 1774 1812 1754 1776 1764 1778 1776 1722 1726 1702 1754 1746 1744 1782 1738 1720 1728 1726 1718 1754 1736 1772 1738 1760 1744 1798 1788 1850 1806 1784 1818 1810 1786 1792 1818 1764 1810 1798 1868 1832 1818 1752 1768 1810 1786 1800 1792 1788 1794 1732 1806 1806 1778 1726 1792 1734 1748 1756 1756 1774 1804 1764 1744 1750 1756 1764 1746 1772 1764 1816 1788 1800 1840 1796 1892 1808 
1878 1794 1846 1864 1852 1822 1780 1810 1854 1810 1796 1778 1832 1762 1736 1718 1816 1740 1780 1684 1778 1708 1678 1700 1692 1696 1676 1694 1690 1676 1670 1636 1730 1740 1738 1764 1762 1720 1732 1760 1734 1756 1692 1742 1700 1788 1796 1772 1752 1754 1756 1776 1802 1770 1816 1830 1794 1772 1772 1788 1716 1782 1762 1740 1834 1770 1780 1798 1778 1684 1606 1502 1316 1328 1410 1536 1726 1852 1860 1828 1820 1430 826 420 318 396 510 620 606 718 308 -306 -654 -838 -790 -780 -1202 -1850 -3138 -2368 
-2332 -1936 -1716 -2110 -2448 -2660 -2708 -3166 -3630 -3988 -4510 -4856 -4976 -4882 -5188 -5562 -6106 -6292 -6070 -5274 -4488 -3726 -3194 -3290 -3532 -3412 -3306 -2952 -2578 -2248 -2102 -1964 -1732 -1146 -558 62 314 212 90 18 316 814 1450 1752 1910 1996 1932 1814 1922 2156 2270 2610 2744 2706 2580 2640 2392 2076 1900 2010 2348 2602 2844 3064 2912 2506 2320 2168 2280 2500 2884 3088 3074 3156 3230 3196 3518 3698 3472 2976 2472 1802 1356 998 846 784 580 342 308 228 34 -458 -1140 -1796 -2104 -1830 -1894 -1704 -2740 -3632 
-4016 -3522 -3024 -2944 -3164 -3038 -2724 -2458 -2406 -2476 -2456 -2616 -2550 -2372 -2052 -1964 -2066 -2134 -2162 -2134 -1884 -1816 -1824 -1714 -1668 -1692 -1678 -1518 -1436 -1448 -1440 -1384 -1334 -1262 -1264 -1262 -1292 -1200 -1190 -1286 -1362 -1408 -1526 -1672 -1694 -1732 -1784 -1800 -1744 -1612 -1568 -1608 -1730 -1802 -1922 -1954 -1800 -1662 -1642 -1646 -1662 -1742 -1726 -1724 -1788 -1870 -1902 -1938 -1870 -1856 -1900 -1956 -1958 -1934 -1932 -2114 -2188 -2248 -2258 -2428 -2570 -2628 -2726 -2588 -2424 -2338 -2470 -2564 -2504 -2306 -1864 -1472 -1122 -996 -900 -800 -1012 -836 -682 -258 
262 1100 1656 2248 2588 2718 2624 2356 2228 2256 2436 2686 3060 3484 3754 3758 3630 3338 3016 2790 2852 2548 2012 1202 -166 -342 -804 -654 -288 468 1770 2408 2520 978 -1002 -2882 -2976 -1584 -1046 -86 -530 -1906 -4150 -4820 -4400 -2652 -1506 -1124 -2412 -4560 -6130 -6712 -6324 -5762 -5280 -5116 -5248 -5836 -6796 -8818 -14008 -17502 -19468 -17986 -13848 -9308 -5748 -3034 -1412 -768 -896 -1164 -1164 -1262 -1338 -1528 -2116 -2488 -2632 -2606 -2236 -2100 -2018 -1910 -1886 -1844 -1266 -742 -956 -1292 -1458 -1736 -1666 -1478 -1298 -834 -254 284 584 600 
642 548 698 1032 1472 1762 1700 1728 1262 1042 1098 1274 1684 1798 1712 1686 1578 1590 1534 1456 1460 1366 1254 1200 1336 1528 1508 1298 940 728 562 350 384 630 932 1218 1154 968 708 272 342 596 818 826 854 754 620 616 778 766 862 1130 1304 1592 1632 1682 1584 1528 1662 1480 1302 1186 906 970 1124 1242 1218 974 546 318 120 138 44 -98 -268 -448 -612 -778 -992 -1206 -1310 -1570 -1900 -2582 -3352 -3638 -3622 -3282 -2986 -2814 -2772 -2876 -3334 -4224 -4980 -5462 -5446 -5032 -4742 -4632 
-4580 -4702 -4874 -5380 -5724 -5726 -5390 -4952 -4574 -4258 -3998 -3866 -3614 -3476 -3086 -2486 -1882 -1316 -750 -254 174 414 710 1070 1436 1918 2166 2344 2392 2380 2234 2250 2338 2712 2808 2790 2452 1944 1404 952 932 1260 1676 1416 544 -166 32 856 1862 2166 1556 280 -648 -1056 -760 -500 -920 -1770 -1862 -1162 -472 -1698 -3246 -3790 -3682 -3592 -3558 -3764 -4910 -4284 -3334 -2532 -2166 -2022 -2090 -2422 -3340 -4734 -6066 -7874 -9548 -12178 -13802 -14474 -13838 -11448 -8342 -6218 -4400 -3402 -2940 -2666 -2528 -2280 -2038 -2458 -2798 -3250 -3380 -3226 
-2854 -2378 -1950 -1920 -1980 -1818 -1598 -1076 -730 -550 -470 -538 -522 -394 -98 124 206 466 854 1160 1418 1498 1276 1152 1090 1186 1512 1666 1756 1674 1582 1438 1270 1412 1594 1710 1736 1716 1712 1654 1672 1658 1512 1436 1340 1250 1292 1432 1530 1754 1786 1768 1764 1772 1798 1858 1932 1898 1960 2186 2132 2036 1938 1796 1668 1630 1700 1646 1606 1720 1668 1412 1402 1238 1016 754 588 556 444 520 706 956 926 832 654 322 10 -98 -288 -220 -226 -12 8 -364 -730 -884 -710 -696 -790 -1066 
-1364 -1566 -1960 -2176 -2200 -2160 -2114 -2238 -2510 -2688 -2684 -2544 -2686 -2586 -2494 -2548 -2640 -2812 -3024 -3510 -3608 -3332 -3192 -3338 -3516 -3672 -3792 -3860 -3822 -3652 -3624 -3512 -3520 -3566 -3510 -3464 -3346 -3254 -3230 -3046 -2894 -2708 -2486 -2300 -2148 -2062 -1814 -1536 -1372 -1306 -1212 -1076 -930 -668 -330 -122 -144 -128 -72 12 126 296 312 514 504 456 328 344 642 784 652 22 -670 -1036 -1032 -572 -54 144 178 -392 -1394 -2114 -2674 -2398 -1836 -1716 -1922 -1942 -2480 -3090 -3452 -3890 -4322 -4722 -4896 -4182 -2910 -2366 -2086 -2642 
-3232 -3024 -2600 -1688 -584 -252 -996 -2340 -3246 -3312 -2182 -650 910 1236 -484 -2122 -3836 -5064 -4640 -3780 -2730 -1100 -466 -2004 -4220 -6228 -6968 -5986 -4304 -2762 -1670 -1102 -718 -678 -1086 -1790 -3094 -3508 -3098 -2432 -1786 -1264 -1030 -876 -518 -230 66 354 466 450 548 920 868 -408 -2168 -3566 -4150 -3988 -3602 -2624 -1534 -476 356 1126 1726 2302 2672 2954 3178 3340 3444 3588 3580 3530 3438 3402 3410 3382 3370 3354 3264 3092 2944 2792 2598 2510 2444 2208 1924 1516 980 344 -286 -746 -948 -824 -566 1756 1740 1768 
1752 1760 1774 1764 1806 1824 1884 1866 1810 1844 1884 1864 1870 1884 1812 1846 1822 1812 1820 1768 1762 1772 1780 1774 1770 1754 1778 1744 1734 1812 1794 1872 1784 1806 1784 1770 1806 1832 1870 1852 1848 1792 1804 1780 1856 1764 1736 1788 1762 1770 1788 1862 1800 1858 1878 1856 1820 1828 1826 1820 1784 1800 1754 1826 1796 1756 1768 1782 1786 1748 1788 1760 1806 1794 1806 1836 1804 1778 1800 1770 1780 1754 1758 1776 1836 1778 1778 1792 1780 1732 1774 1838 1804 1778 1822 1718 1784 1830 1760 1770 
1796 1792 1760 1792 1738 1772 1842 1792 1816 1816 1766 1818 1872 1798 1768 1836 1830 1766 1810 1812 1800 1816 1798 1742 1758 1794 1802 1800 1758 1784 1756 1764 1768 1774 1758 1772 1788 1800 1780 1794 1764 1732 1740 1772 1770 1752 1826 1810 1850 1824 1768 1772 1780 1800 1804 1760 1734 1750 1690 1802 1734 1768 1796 1772 1772 1764 1772 1778 1818 1828 1788 1828 1778 1814 1812 1752 1798 1734 1758 1728 1758 1738 1748 1772 1764 1756 1732 1774 1740 1722 1736 1716 1770 1748 1750 1694 1782 1784 1780 1762 
1796 1844 1780 1744 1786 1786 1780 1798 1766 1804 1810 1766 1750 1738 1776 1728 1774 1730 1760 1764 1852 1690 1748 1724 1736 1784 1812 1792 1772 1712 1750 1770 1810 1824 1840 1828 1758 1780 1746 1762 1802 1820 1828 1798 1856 1808 1778 1768 1806 1822 1772 1824 1760 1786 1808 1802 1832 1802 1716 1746 1754 1772 1740 1724 1744 1644 1638 1684 1688 1706 1644 1546 1554 1498 1494 1178 468 198 -184 -706 -1202 -1468 -1354 -1372 -1554 -1808 -2440 -2908 -3364 -3518 -3932 -4226 -4424 -4380 -4288 -4040 -3810 -3666 -3490 -3434 
-3542 -3774 -3990 -4228 -4246 -3910 -3644 -3294 -3196 -2962 -2636 -2276 -1950 -1954 -2066 -2298 -2332 -2082 -1642 -1130 -792 -768 -700 -816 -828 -758 -594 -466 -288 -128 -48 126 212 420 362 316 176 268 490 792 874 944 1048 1032 1154 1202 1298 1252 1336 1320 1376 1486 1612 1664 1538 1370 1366 1230 1214 1268 1130 896 720 640 612 610 562 546 492 392 364 516 550 726 914 894 740 580 532 370 334 388 570 710 1006 968 776 642 222 -58 -130 30 406 862 728 226 -370 -768 -982 -1242 
-1224 -1112 -1176 -1332 -1964 -2396 -2616 -2754 -2814 -3146 -3454 -3820 -4170 -4248 -4052 -3900 -3500 -3658 -3738 -3656 -3396 -3082 -2706 -2338 -1602 -918 -584 -468 -646 -878 -1132 -1288 -1382 -1604 -1896 -2340 -3008 -3558 -4018 -4262 -4342 -4358 -4428 -4434 -4322 -4262 -4152 -4174 -4328 -4300 -4112 -3844 -3528 -3218 -2882 -2722 -2578 -2322 -1864 -1496 -1144 -788 -420 -90 78 302 266 280 26 -62 -378 -410 -372 -58 196 654 1012 1104 782 396 52 -34 -268 -764 -1272 -1592 -1482 -768 -20 -354 -1312 -2352 -2834 -2564 -2002 -1794 -2058 -2488 -2918 -2684 
-2224 -1062 -196 -966 -2454 -3600 -4458 -4804 -4568 -3786 -3008 -2980 -3374 -4342 -4370 -4274 -3544 -2284 -1270 -736 -730 -880 -2032 -2858 -2934 -2466 -1502 -878 -724 -672 -1050 -1460 -1348 -890 50 764 896 366 -448 -1140 -2140 -3050 -3160 -2782 -2336 -1858 -1526 -1320 -1812 -2036 -2096 -2150 -2048 -1878 -1844 -1942 -2032 -2114 -2356 -2582 -2840 -3178 -3190 -3186 -3106 -2838 -4082 -4526 -4574 -4298 -3186 -1920 -720 72 726 1124 1070 966 626 258 -104 -414 -738 -976 -1108 -970 -972 -1018 -1382 -1460 -1584 -1522 -1362 -1298 -1528 -1942 -2196 -2030 -1902 -1598 
-1396 -1580 -1982 -2084 -2216 -2274 -1880 -1430 -1040 -1242 -1494 -1526 -1418 -1116 -850 -582 -434 -452 -458 -532 -590 -526 -496 -330 -370 -524 -450 -384 -328 6 108 294 320 330 308 238 206 334 462 704 738 796 798 778 1026 1230 1468 1614 1622 1584 1542 1932 2526 2686 2488 2150 1982 2236 2828 3218 3386 3098 2828 2742 2818 3002 3054 2890 2884 2716 2536 2478 2676 2756 2810 3038 3318 3234 3228 2886 3076 3396 3528 3454 3380 3488 3440 3168 3068 2848 2558 2566 2304 2030 1742 1434 1352 1190 846 460 
-16 -174 -478 -836 -1140 -1306 -1520 -2016 -2280 -2634 -2842 -2958 -3360 -3812 -4082 -3984 -3804 -4024 -4484 -4840 -4802 -4396 -3968 -3518 -3446 -3662 -3950 -4138 -3798 -3126 -2880 -3072 -3236 -3162 -2872 -2626 -2434 -2446 -2524 -2758 -3030 -3318 -3660 -3776 -3772 -3750 -3732 -3818 -3874 -3806 -3616 -3528 -3414 -3154 -2872 -3052 -3422 -3308 -2744 -1928 -1302 -782 -468 -272 -282 -586 -778 -836 -800 -684 -392 -166 30 2 90 270 318 356 34 -638 -1034 -1040 -988 -782 -766 -610 -382 -96 32 46 -440 -1224 -1792 -1862 -1488 -808 -402 -470 -1208 -1500 
-1508 -1326 -866 -354 -634 -1802 -2764 -3150 -2854 -1632 216 1812 2566 1348 -338 -1850 -2582 -1962 -350 1330 2698 1976 -1898 -4940 -5716 -4324 -2504 -448 890 1012 -658 -3048 -4682 -4480 -3328 -2902 -2832 -2668 -2860 -3194 -3432 -3578 -3524 -3526 -3716 -3786 -3802 -3550 -3596 -3420 -3046 -2918 -2746 -3024 -3074 -3462 -3154 -2628 -2620 -2602 -1974 -1144 -252 406 974 776 238 -160 -578 -730 -672 -826 -1130 -1268 -1360 -1234 -1230 -1380 -1588 -1700 -1628 -1678 -1934 -2184 -2102 -1982 -2160 -2722 -2938 -2924 -2668 -2246 -2146 -1992 -1852 -1698 -1380 -966 -868 -578 
-394 -282 -300 58 380 632 884 1260 1342 1308 1204 984 1022 1238 1428 1598 1980 2272 2490 2420 2216 2066 2142 2328 2500 2362 2222 2344 2592 2782 3042 3060 3206 3232 3300 3028 2780 2958 2972 3174 3122 2632 2228 2278 2628 2998 3264 3236 2936 2788 2670 2338 2298 2492 2376 2364 2226 2116 1934 2014 2344 2430 2300 2224 1904 1674 1582 1314 1262 1348 1508 1556 1180 754 438 272 178 174 274 98 -110 -512 -620 -1304 -1612 -1768 -1636 -1346 -1340 -1512 -1818 -2072 -1868 -1918 -2012 -2196 1930 1934 1930 1944 
1974 1926 1924 1954 1982 1940 1928 1922 1956 1928 1906 1886 1906 1888 1872 1900 1884 1878 1868 1868 1852 1876 1898 1888 1930 1884 1930 1974 2016 2022 2102 2064 2054 2102 2056 2092 2112 2110 2104 2168 2122 2152 2124 2154 2118 2118 2132 2114 2104 2126 2126 2132 2094 2102 2020 1996 1930 1908 1882 1792 1826 1830 1816 1798 1750 1746 1742 1738 1694 1378 1162 1216 1096 1096 1156 910 372 -510 -1096 -1162 -1072 -1254 -1610 -2286 -3156 -3724 -4194 -4534 -4712 -4724 -4462 -4244 -3952 -3988 -4458 -4866 -5188 -5040 -4614 -4020 
-3682 -3788 -4202 -4382 -4324 -3746 -3158 -2844 -2746 -2960 -3062 -2908 -2574 -2570 -2544 -2512 -2576 -2810 -2760 -2564 -2336 -2320 -2490 -2612 -2656 -2656 -2246 -1814 -1352 -1184 -1178 -1078 -1084 -1168 -1084 -820 -342 164 662 1022 1264 1288 1414 1396 1336 1238 1130 1270 1390 1452 1512 1634 1598 1554 1588 1750 1864 1886 1904 1922 1946 1766 1606 1502 1522 1640 1738 2040 2258 2340 2490 2676 2714 2654 2462 2352 2310 2348 2366 2532 2604 2596 2506 2410 2298 2062 1946 1848 1718 1514 1276 990 656 370 -130 -592 -1150 -1286 -1350 -1170 
-1320 -1890 -2770 -3702 -4230 -4122 -3602 -3124 -2814 -2972 -3640 -3816 -3694 -3312 -3086 -3248 -3406 -3608 -3858 -3944 -3840 -3824 -3912 -3966 -4158 -4308 -4202 -4068 -3762 -3632 -3704 -3848 -4090 -4042 -3840 -3572 -3284 -3106 -2938 -2738 -2490 -2094 -1698 -1250 -922 -902 -880 -870 -804 -570 -472 -486 -534 -616 -546 -374 -284 -246 -172 -216 -70 234 528 766 988 1272 1180 934 564 198 -30 -90 32 114 52 -382 -944 -1512 -1628 -1788 -1894 -1918 -1934 -1738 -1428 -1418 -1656 -1948 -2480 -2724 -2552 -2188 -1918 -2116 -2796 -3642 -4266 -4206 -3118 -1862 
-1076 -1098 -1634 -3060 -4152 -4162 -2954 -1374 -558 -780 -1180 -2180 -4094 -4734 -4094 -2864 -1372 -114 350 -1498 -2748 -3828 -4830 -5394 -5584 -4986 -3938 -2524 -1896 -2230 -2828 -3874 -4732 -5084 -5156 -4720 -4322 -4072 -3982 -4926 -9186 -10868 -10564 -8782 -6166 -3810 -1598 -582 702 1778 2440 2874 3118 3000 2534 1692 916 492 384 404 160 4 -482 -1038 -1260 -1348 -1376 -1570 -1660 -1796 -2184 -2514 -2748 -2942 -3386 -3836 -4352 -4396 -4208 -3776 -3698 -4080 -4270 -4204 -3892 -3548 -3218 -3036 -2924 -2756 -2828 -2600 -2182 -1778 -1624 -1650 -1624 -1454 -1042 -508 
-104 -134 -64 246 752 1252 1712 2150 2560 3130 3534 3394 3062 2762 2764 3130 3686 4268 4628 4822 4974 5036 4794 4316 3828 3364 2958 2888 3040 3130 3038 2982 2632 2284 2064 1814 1752 1742 1488 1294 1216 912 764 480 316 550 882 1312 1460 1358 1102 938 672 114 -60 -144 -182 -466 -568 -616 -762 -966 -1406 -2256 -3054 -3548 -3854 -3880 -3322 -3016 -2630 -2616 -2918 -3386 -3960 -4394 -4260 -3664 -2878 -2424 -2112 -2000 -2030 -1956 -1630 -1476 -1664 -2172 -2624 -2836 -2784 -2666 -2570 -2636 -2636 -2672 -2780 -2740 -2662 -2672 
-2708 -2652 -2580 -2442 -2154 -1858 -1636 -1510 -1422 -1314 -1114 -1028 -864 -788 -710 -590 -342 -132 114 360 528 566 388 260 208 248 232 390 380 226 -74 -70 -124 92 324 284 90 -190 -450 -704 -932 -868 -518 10 426 162 -362 -856 -1398 -1454 -1126 -562 286 240 -124 -900 -1686 -1586 -1044 -246 532 960 1174 458 -552 -1376 -2136 -1828 -1316 -848 -594 -668 -1170 -2280 -3076 -3152 -3000 -3102 -3078 -3130 -3570 -3494 -3188 -2970 -2866 -2484 -2282 -1866 -1502 -1488 -1278 -1254 -1394 -1378 -1374 -1354 -1686 -2214 -2604 -3090 
-3148 -3060 -2952 -2592 -2296 -1710 -1442 -2156 -4012 -3638 -2682 -2322 -2268 -2306 -2352 -2262 -1870 -1606 -1584 -1516 -1598 -1674 -1568 -1522 -1480 -1706 -1872 -2108 -2294 -2152 -2194 -2162 -2006 -1930 -2366 -2702 -2976 -2870 -2680 -2400 -2368 -2468 -2618 -2734 -2666 -2438 -2342 -2054 -1950 -1916 -1914 -1742 -1612 -1580 -1342 -1046 -830 -824 -844 -1006 -914 -850 -762 -722 -680 -576 -460 -248 -74 -12 20 124 488 894 1266 1512 1794 1876 1936 1980 1936 1998 2264 2678 3230 3604 3782 3648 3518 3564 3416 3348 3206 3140 3080 3246 3574 3672 3714 3628 
3294 3148 2932 2748 2876 3112 3270 3238 3244 3112 3114 3066 2734 2206 1910 1854 2066 2196 2162 1950 1264 122 -474 -856 -936 -828 -892 -998 -1464 -1910 -2212 -2350 -2648 -2828 -3060 -3542 -3848 -3794 -3672 -3618 -3524 -3564 -3890 -3938 -3762 -4610 -4968 -4768 -4226 -4554 -5170 -5770 -6554 -6158 -5442 -5072 -5138 -5248 -5302 -5052 -4798 -4558 -4488 -4314 -4284 -4092 -4008 -3886 -3858 -3702 -3520 -3178 -2958 -2922 -2778 -2576 -2318 -2222 -1910 -1634 -1490 -1346 -1148 -1098 -1138 -1060 -946 -972 -848 -610 -346 48 386 650 718 720 870 1136 1468 1574 
1570 1688 1768 1566 1336 898 628 746 954 1404 1520 682 120 -192 12 672 1056 1208 620 260 238 -20 -922 -1534 -1512 -456 84 126 -1460 -2504 -2614 -2426 -1616 114 -858 -2966 -4236 -4462 -3866 -2386 -1262 -508 -1090 -2808 -3484 -3572 -3118 -2854 -2222 -2562 -2860 -3362 -3446 -3086 -2364 -1774 -2244 -3198 -4276 -4068 -3596 -2954 -2078 -1410 -870 -446 -302 -298 -454 -754 -620 -1074 -4140 -7596 -8678 -8890 -7388 -4628 -2552 -736 580 1614 2246 2754 2888 2970 3152 3374 3426 3398 3436 3412 3470 3500 3534 3598 3442 3410 3386 3348 
3260 3200 3070 2946 2876 2856 2908 3122 3294 3290 3158 2950 2762 2548 2590 2732 3000 2828 2702 2316 1728 1526 1112 718 56 -90 370 1158 1954 2338 2570 2798 2886 3122 3106 2932 2906 2928 2994 3086 3118 3062 3064 2934 3300 3678 3362 3366 3074 2680 2356 2782 3482 3370 2830 2596 2568 2344 2332 2552 2804 2668 2372 2292 1484 1852 2246 2530 2362 2384 2528 2278 2276 2604 3178 3170 2566 2558 2874 3002 2648 2126 1720 1898 1726 2034 2488 2606 2254 1618 1742 2342 1700 1198 1968 1668 1676 1680 1692 1598 
1580 1606 1552 1568 1482 1440 1348 1354 1316 1276 1344 1358 1354 1256 1298 1330 1364 1362 1388 1402 1482 1492 1492 1576 1524 1508 1546 1558 1568 1534 1524 1538 1586 1596 1564 1572 1550 1530 1550 1570 1496 1512 1444 1552 1520 1484 1484 1486 1540 1500 1566 1570 1594 1632 1666 1646 1664 1656 1584 1512 1332 1256 1108 1060 1038 806 554 80 -576 -1322 -1760 -2024 -2236 -2352 -2692 -2984 -3354 -3586 -3764 -3810 -4190 -5066 -5722 -6196 -6262 -6010 -5782 -5614 -5458 -5420 -5370 -5224 -5026 -4884 -4474 -4392 -4288 -4352 -4074 -3620 
-3268 -2938 -2856 -3158 -3442 -3364 -3080 -2556 -2232 -2042 -2176 -2252 -2190 -2108 -1904 -1648 -1590 -1758 -1794 -1572 -1094 -870 -628 -468 -508 -658 -580 -450 -432 -266 -116 154 328 522 716 820 834 844 898 916 1000 1028 1122 1150 1256 1388 1518 1724 1752 1706 1626 1590 1710 1854 1928 2024 2002 1870 1706 1602 1476 1390 1376 1082 976 882 858 496 414 244 190 264 242 126 -212 -888 -1248 -1488 -1580 -1768 -1988 -2212 -2580 -2796 -3082 -3190 -3382 -3412 -3222 -3052 -3160 -3352 -3548 -3796 -4038 -4030 -3846 -3714 -3936 -4050 
-4006 -3960 -4124 -4316 -4312 -4372 -4328 -4334 -4344 -4242 -4142 -4296 -4200 -3956 -3826 -3642 -3510 -3328 -3006 -2786 -2454 -2214 -2134 -1992 -1708 -1290 -1068 -1038 -866 -564 -234 100 442 580 588 854 1066 1242 1318 1250 1082 838 846 960 1310 1554 1628 1388 992 426 16 64 614 604 616 -242 -800 -988 -424 1312 1606 656 -1194 -1862 -1868 -952 264 -202 -1628 -3444 -4404 -4306 -3372 -2878 -2848 -2390 -3946 -4812 -4810 -4688 -3814 -2810 -2290 -2124 -2548 -2626 -3028 -3356 -3654 -3874 -3802 -3170 -2382 -1920 -1844 -1708 -1736 -1954 -2472 -2746 
-3132 -3622 -4160 -4456 -7086 -9926 -11218 -11204 -9242 -6986 -5280 -3690 -2174 -1114 -448 -410 -1046 -1476 -1658 -1822 -1986 -2236 -2272 -2370 -2418 -2276 -2356 -2424 -2112 -1748 -1436 -948 -828 -828 -1022 -1196 -1108 -1058 -942 -616 -254 38 318 522 906 948 1122 1240 1282 1274 1216 1036 1416 1680 1862 2164 2170 2338 2386 2580 2560 2574 2816 2976 3256 3294 3040 2900 2748 2894 3002 3266 3450 3480 3412 3082 2882 2676 2702 2738 2978 3488 3770 3690 3306 2782 2550 2334 2316 2422 2484 2504 2644 2302 1906 1544 1284 816 608 384 
332 266 220 -136 -538 -926 -964 -834 -550 -478 -436 -822 -1194 -1372 -1266 -1202 -1502 -1832 -2440 -2832 -2974 -2744 -2422 -2278 -2916 -3306 -3534 -3398 -3368 -3346 -3368 -3666 -3660 -3418 -3354 -3338 -3394 -3648 -4088 -3990 -3610 -3454 -3366 -3572 -3790 -4158 -4272 -4494 -4802 -5176 -5376 -5676 -5830 -5688 -5298 -5062 -4916 -4922 -5028 -4994 -4602 -4092 -3706 -3568 -3394 -3200 -2654 -2088 -1326 -774 -588 -504 -400 -260 -224 -134 -204 -312 -346 -200 76 248 422 470 24 -554 -880 -752 -286 38 80 -150 -842 -1648 -1766 -1252 -208 410 144 -220 
-886 -1132 -898 -378 4 68 -464 -1196 -1788 -2032 -1440 -842 -430 -10 -674 -1524 -1918 -1668 -1148 -116 280 -314 -1600 -3252 -4304 -4432 -3694 -2410 -794 208 -402 -1354 -2844 -3752 -3688 -3114 -2114 -1082 -1334 -2220 -3494 -4876 -5356 -5194 -4662 -4282 -3714 -3398 -3448 -3632 -3838 -4020 -3874 -4058 -5814 -7002 -6090 -5142 -3870 -2436 -1592 -786 -140 -112 -370 -144 24 -80 -236 -356 -718 -938 -1330 -1732 -2006 -2148 -2300 -2218 -2046 -2308 -2472 -2418 -2670 -2892 -3202 -3498 -3310 -3130 -2664 -2262 -2224 -2298 -2176 -2074 -1858 -1586 -1290 -1212 -1186 -1356 
-1238 -1114 -872 -684 -532 -486 -578 -698 -682 -570 -612 -662 -798 -858 -736 -530 -296 -194 34 -110 -226 -262 -200 42 380 634 824 564 732 1048 1410 1698 1766 1218 1226 1626 2326 2464 2520 2150 1930 1996 2384 2748 3166 3130 2940 2824 3118 3152 3202 3190 3068 3362 3946 3996 3890 3560 3144 2646 2228 1836 1320 1066 360 -354 -1032 -1114 -1292 -1158 -1516 -2046 -3030 -3898 -4324 -4440 -4040 -3826 -4102 -5076 -5702 -5646 -5610 -5286 -4990 -4868 -5134 -5496 -5838 -5774 -5686 -6016 -5808 -5490 -5012 -4988 -5382 -6000 -6314 -6124 
-5538 -5026 -4692 -4768 -4980 -4798 -4514 -3984 -3728 -3466 -3342 -3306 -3160 -2544 -2096 -1882 -1618 -1542 -1370 -1180 -810 -626 -532 -574 -644 -452 -334 102 520 648 818 782 780 1012 1458 1728 2002 2194 2164 2074 2112 2256 2362 1962 1652 1374 1162 1288 1574 1596 1128 974 758 780 1158 1772 666 -62 -620 -536 140 1302 718 -1178 -2920 -2714 -2076 -122 1748 -368 -3156 -4620 -4586 -3538 -1596 -392 -1012 -2634 -4272 -4924 -4508 -4168 -3680 -3240 -3816 -4008 -4044 -4060 -3464 -2720 -2794 -3580 -3998 -4242 -4560 -4384 -3918 -3584 -3586 -3622 
-3912 -4038 -3998 -4124 -3948 -3772 -3688 -3356 -2632 -1892 -1110 -386 184 518 1048 1402 1616 1692 1730 1870 1988 2130 2326 2548 2728 2930 3038 3210 3226 3208 3178 3212 3140 3164 3094 3158 3106 3082 3090 3066 3016 2972 2838 2804 2666 2680 2650 2582 2520 2544 2342 2294 2232 2172 2036 2024 1990 1824 1734 1616 1410 822 130 -416 -1030 -1540 -1756 -1540 -892 -262 322 858 1322 1636 1784 1948 2004 2104 2146 2418 2592 2646 2642 2610 2578 2486 2508 2448 2500 2380 2358 2360 2348 2362 2360 2354 2290 2266 2148 2032 
1930 1856 1872 1844 1934 1934 2034 2080 2142 2190 2214 2164 2170 2018 1998 1948 1804 1662 1586 1720 1984 1976 1886 1756 1920 1640 1554 1416 1454 1564 1830 1876 2094 2166 1984 1798 1720 1766 1728 1820 1854 1824 1824 1770 1742 1786 1894 2144 2378 2674 2790 2960 2968 3010 2988 2996 2956 2934 2914 2976 3086 3102 3062 2994 2966 2838 2738 2736 2766 2902 3014 3064 3064 2904 2806 2720 2644 2596 2618 2622 2674 2652 2642 2598 2570 2520 2468 2382 2218 2200 2218 2220 2200 2254 2134 2104 2062 1960 1892 1826 
1772 1790 1714 1750 1726 1688 1716 1696 1610 1640 1614 1606 1676 1696 1770 1850 1916 2016 2082 2120 2242 2244 2240 2290 2230 2248 2250 2202 2268 2224 2120 2154 2066 2026 2056 1930 1890 1830 1746 1742 1742 1704 1704 1728 1772 1840 1828 1860 1830 1886 1972 1970 2026 2052 2006 2000 2042 2040 2038 2028 2056 2036 1988 2032 2014 2012 1934 1976 1976 1994 2008 1974 2028 2014 1968 1994 1976 1928 1978 1962 1934 1962 1928 1984 1958 2010 2006 2088 2028 1982 2052 2032 2010 1960 1980 1880 1924 1904 1912 1932 
1912 1926 1934 1996 2018 1974 1952 1948 1984 1984 1974 2004 1932 1920 1960 1938 1962 1918 1962 1966 1962 1904 1898 1910 1992 1974 1956 1952 1962 1912 1926 1958 1914 1920 1936 1980 1976 1970 1932 1980 1948 1978 1970 1974 1962 2008 1948 1958 1940 2030 1910 1960 1904 1866 1902 1888 1870 1932 1946 2008 1966 1954 1940 1970 1926 1942 1936 1936 1942 1984 1958 1988 1988 2036 1920 2000 1922 1896 1924 1934 1864 1910 1942 1924 1924 1914 1914 1948 1946 2014 1996 1980 1952 1952 1920 1926 1884 1924 1888 1948 
1960 1910 1936 1962 1950 1958 2000 1992 1964 1942 1942 1914 1888 1962 1950 1884 1906 1872 1892 1922 1910 1962 1924 1958 1916 1972 1932 1912 1868 1866 1888 1920 1868 1878 1888 1954 1970 1936 1980 2044 2056 2008 1962 2018 1940 1972 1858 1870 1860 1882 1878 1842 1754 1490 1348 1310 1406 1114 856 656 326 -330 -898 -1412 -1608 -1442 -1444 -1648 -2182 -2824 -3496 -3676 -3798 -3860 -3834 -3862 -3996 -3874 -3908 -4040 -4440 -4980 -5392 -5584 -5014 -4414 -3928 -4038 -4328 -4690 -4586 -4262 -3802 -3674 -3800 -3988 -3714 -3018 -2596 -2206 
-2446 -2588 -2540 -2232 -1848 -1362 -968 -970 -1218 -1392 -1382 -918 -294 404 956 1012 966 764 564 736 1156 1486 1566 1782 1770 1734 1966 2150 2594 2862 2792 2728 2878 2868 2862 3032 3168 3166 3144 2862 2716 2474 2296 2254 2228 2090 1778 1332 1080 496 186 -132 -280 -650 -1250 -1452 -1808 -2164 -2478 -2950 -3432 -4080 -4536 -4870 -5354 -5714 -6004 -6152 -5948 -5806 -5652 -5518 -5480 -5280 -5242 -5356 -5210 -5018 -4442 -3978 -3788 -3796 -3686 -3630 -3392 -3102 -2760 -2404 -2122 -1654 -1378 -1028 -784 -648 -492 -480 -338 -134 196 476 
622 630 612 620 724 860 1072 1240 1306 1168 1028 994 1068 960 876 720 652 802 1304 1418 1228 816 284 -26 62 132 280 34 -476 -982 -1026 -258 984 1078 -30 -1852 -3106 -3030 -1242 172 60 -2088 -4436 -4684 -3366 -1278 156 -434 -1758 -2794 -3386 -2984 -2584 -3172 -3554 -3224 -2526 -1524 -754 -1120 -2612 -4154 -5364 -5306 -4416 -3296 -2464 -1842 -1546 -1722 -2296 -3358 -4884 -6562 -10776 -17964 -21992 -19580 -14034 -9702 -6418 -3436 -1390 -84 100 118 -182 -430 -370 -824 -1400 -2330 -3012 -3508 -3364 -2962 -2834 -2840 -3166 -3406 
-3362 -3076 -2748 -2522 -1974 -1876 -2158 -2676 -2992 -3246 -2846 -2294 -1614 -1250 -1098 -1216 -1368 -1146 -964 -870 -992 -1118 -1230 -1166 -848 -402 -190 18 250 196 238 578 894 1204 1514 1704 1964 2210 2306 2214 2216 2228 2286 2538 2764 2894 2730 2636 2640 2640 2794 2884 3112 2998 2774 2462 2350 2498 2598 2766 2774 2606 2392 2200 1702 1548 1576 1850 2120 2118 1858 1234 668 256 -106 -418 -866 -1272 -1674 -2192 -2456 -2600 -2548 -2430 -2426 -2564 -2864 -3194 -3480 -3982 -4624 -5272 -5720 -5868 -5736 -5456 -5106 -4958 -4818 -4632 
-4554 -4580 -4596 -4658 -4622 -4438 -4236 -4092 -3840 -3796 -3578 -3164 -2882 -2740 -2510 -2476 -2242 -2008 -1774 -1618 -1312 -1104 -852 -700 -608 -518 -304 -32 190 312 284 106 -114 -32 288 686 978 1096 1144 924 648 654 896 1136 1242 1102 594 98 -196 -124 350 422 110 -220 -408 -332 -164 256 748 616 8 -1140 -1476 -1416 -1166 -396 -532 -490 -1484 -2048 -2082 -2110 -2136 -2404 -2942 -3124 -2550 -1562 -1204 -1978 -2914 -3480 -3362 -2590 -1884 -1526 -1876 -2632 -3494 -3878 -3724 -3478 -3192 -3202 -3384 -3644 -4416 -5656 -6708 -8470 
-10552 -12612 -12834 -11310 -8744 -6406 -4316 -2382 -1000 -242 -370 -818 -1238 -1510 -1426 -1376 -1456 -1836 -2096 -2278 -2448 -2556 -2534 -2572 -2532 -2658 -2622 -2360 -2222 -2434 -2716 -2678 -2498 -1974 -1748 -1662 -1744 -2062 -2238 -2104 -1910 -1580 -1216 -912 -788 -746 -944 -972 -838 -584 -466 -444 -384 -384 -396 -278 -74 76 146 298 204 474 680 1056 1158 1338 1424 1510 1662 1972 2256 2378 2452 2380 2410 2370 2578 2878 3298 3486 3582 3728 3690 3514 3070 2808 2744 2968 3464 3586 3704 3680 3428 3336 3440 3646 3902 4106 3494 2924 
2500 2018 1652 1344 1292 1332 1348 918 290 -374 -708 -900 -840 -932 -1572 -1938 -2250 -2204 -3244 -3662 -3982 -4254 -4414 -4710 -4840 -4862 -4810 -4464 -4346 -4208 -4368 -4242 -4100 -4196 -4252 -4164 -4114 -4140 -4086 -4186 -4194 -4220 -4228 -4192 -4212 -4142 -3994 -3796 -3506 -3294 -3090 -3006 -2826 -2676 -2498 -2336 -2216 -2156 -2016 -1812 -1466 -1006 -674 -316 78 250 340 450 284 212 296 406 512 594 802 850 844 640 444 440 336 492 460 452 406 310 82 34 70 8 4 -296 -710 -1120 -1538 -1760 -1992 -2072 -1514 -800 
324 544 74 -60 -22 -84 198 896 1300 1148 30 -1032 -1488 -980 44 768 1126 1336 332 -1192 -2310 -2246 -1584 -418 486 456 -828 -2514 -3488 -3586 -3098 -2390 -1156 -224 -288 -1484 -2378 -2774 -3108 -3698 -4298 -5114 -6812 -12288 -16804 -20008 -17312 -12118 -7352 -4252 -1806 -302 672 1436 2134 2480 2588 2776 2770 2674 2594 2462 2284 2298 2370 2558 2670 2772 2838 2980 3094 3284 3398 3538 3644 3658 3670 3626 3534 3454 3398 3348 3352 3288 3258 3132 3092 3036 2954 2962 2980 2938 2878 1720 1806 1800 1732 1796 1782 1766 
1752 1800 1840 1828 1822 1848 1822 1856 1818 1874 1820 1870 1862 1874 1840 1876 1868 1854 1828 1860 1842 1852 1844 1864 1838 1900 1900 1832 1838 1842 1816 1826 1796 1790 1846 1836 1818 1768 1800 1920 1886 1904 1864 1920 1920 1906 1846 1882 1878 1872 1862 1894 1876 1854 1850 1880 1838 1854 1808 1780 1818 1816 1860 1838 1834 1796 1780 1730 1630 1210 608 214 88 18 -232 -594 -1278 -2146 -2798 -3352 -3816 -3972 -4042 -4546 -5384 -6328 -6918 -6970 -6580 -6242 -6210 -6156 -6074 -5568 -5066 -4520 -4114 -4304 -4960 -5104 
-4764 -3966 -3282 -2840 -2808 -3000 -3106 -3076 -2878 -2654 -2430 -2426 -2414 -2410 -2436 -2608 -2492 -2264 -2214 -2450 -2710 -2764 -2490 -1852 -1652 -1846 -2286 -2428 -2104 -1820 -1700 -1366 -1340 -1238 -1146 -966 -782 -736 -758 -756 -656 -522 -184 -96 64 460 912 1184 1346 1564 1580 1674 1772 1766 1814 1800 1808 1624 1296 960 606 -48 -352 -314 -108 200 218 -484 -1302 -1812 -1966 -1730 -1396 -1168 -1240 -1366 -1614 -1844 -2274 -2626 -2666 -2488 -2198 -1976 -2012 -2444 -3046 -3468 -3598 -3632 -3406 -3030 -2940 -2902 -2578 -2470 -2316 -2024 -1766 -1516 
-1382 -1246 -1144 -918 -826 -620 -450 -250 -8 170 224 180 80 78 158 476 718 626 502 382 348 398 662 934 1212 1134 926 790 830 928 848 636 342 56 -352 -724 -766 -874 -976 -986 -920 -328 302 514 -256 -1052 -1882 -2150 -1410 -980 -2272 -4240 -5170 -4708 -3264 -2336 -2546 -3344 -4074 -3920 -3542 -3416 -3418 -3610 -2824 -2120 -2520 -2774 -3536 -4178 -4270 -4116 -3546 -2920 -3424 -3490 -3622 -4632 -5382 -5248 -4588 -3734 -3102 -2540 -2220 -2182 -2454 -3126 -4046 -5466 -6628 -7246 -8310 -10846 -13198 -13090 -10810 -7898 -5434 -3566 
-2162 -1652 -1466 -1448 -1452 -1422 -1688 -2256 -3136 -4156 -4698 -4686 -4202 -3640 -3548 -3524 -3350 -3350 -3280 -3596 -3826 -3862 -3616 -3386 -2914 -2266 -1906 -1550 -1074 -582 -318 18 492 770 1098 1508 1688 1760 1858 2036 2240 2366 2490 2660 2814 2736 2616 2652 2758 3172 3424 3514 3448 3374 3384 3556 3750 3774 3670 3550 3434 3556 3724 3940 4166 4018 3700 3440 3302 3086 2902 2866 2692 2462 2528 2208 1852 1382 1106 838 530 -112 -464 -778 -998 -1224 -1696 -1866 -2684 -3060 -2868 -2946 -3108 -3560 -4278 -4838 -5242 -5404 -5668 -5458 
-5062 -4744 -4846 -5120 -5572 -6102 -6550 -6134 -5728 -5646 -5762 -5944 -5944 -5838 -5696 -5554 -5544 -5580 -5526 -5136 -4582 -3820 -3148 -3012 -2710 -2592 -2556 -2306 -2022 -1568 -1328 -1038 -712 -348 -106 60 104 24 54 170 498 734 910 998 1004 998 926 1230 1348 1500 1338 690 32 -506 -464 -326 -716 -1108 -1402 -1944 -2342 -2418 -2500 -2576 -2378 -2168 -2154 -2208 -2080 -2214 -1734 -944 -404 -492 -1316 -2252 -2744 -2526 -1688 -1006 -1342 -2226 -2752 -2990 -2424 -1870 -1786 -2278 -3314 -3600 -3446 -2914 -2604 -3468 -4328 -4214 -3556 -2970 -2718 -2952 
-3394 -4048 -4370 -3934 -3332 -2790 -2362 -2400 -2678 -3436 -4082 -4688 -5180 -5274 -5426 -5530 -6808 -8358 -8836 -7274 -5268 -3180 -1996 -1648 -1666 -1632 -2028 -2230 -1972 -2004 -2110 -2570 -3434 -3868 -4108 -4062 -3754 -3624 -3470 -3112 -2774 -2540 -2466 -2330 -2584 -2734 -2722 -2826 -2896 -2572 -2062 -1810 -2000 -2326 -2330 -2034 -1668 -1392 -1188 -1100 -1038 -848 -570 2 520 1002 1350 1596 1376 1628 1822 1928 1984 2204 2632 3226 3560 3774 3524 3236 3162 3288 3750 4564 4780 4354 4048 3772 3636 3942 4002 4032 4028 3676 3404 3376 3866 4468 4650 4332 
3686 3022 2676 2624 2664 2488 2282 2072 1756 1424 1086 510 -104 -660 -1028 -1170 -1124 -1086 -1290 -2004 -2582 -3074 -3434 -3432 -3352 -3034 -3046 -3362 -4196 -5364 -5706 -5442 -4764 -4368 -4768 -5326 -5560 -5776 -5752 -5158 -5374 -4964 -4146 -4072 -4654 -5200 -5496 -5488 -5046 -4812 -5024 -5392 -5626 -5768 -5642 -5508 -5388 -5218 -5210 -5270 -4942 -4676 -3920 -3098 -2494 -2104 -2056 -1986 -1970 -1734 -1366 -908 -422 -38 174 348 458 780 1024 1072 952 554 90 -92 -118 118 446 708 942 510 -226 -652 -816 -742 -492 -486 -574 -1076 -1430 -1928 
-2094 -1900 -2102 -2108 -2684 -3884 -4552 -3484 -1736 -772 -1080 -1958 -4264 -5426 -4428 -2244 -38 636 -208 -2390 -4304 -4718 -3572 -1300 -340 -848 -2018 -3392 -3744 -2892 -1900 -1062 -810 -1688 -2968 -3584 -3704 -3328 -2882 -2342 -2068 -2478 -3864 -4876 -5580 -6104 -7140 -10168 -13656 -13542 -10280 -6560 -3382 -1432 -144 580 1222 1736 2200 2504 2720 2870 2882 2868 2964 3182 3426 3618 3776 3860 3772 3790 3672 3550 3510 3532 3348 3354 3198 3074 2936 2854 2810 2862 2944 3072 3046 2930 2738 2610 2414 2354 2212 2184 2108 2112 2084 2002 1888 1670 
1488 1274 1136 1078 1044 1040 994 916 744 558 330 196 202 306 376 472 490 472 518 584 616 740 940 1128 1222 1350 1370 1492 1496 1614 1662 1876 2028 2138 2294 2400 2454 2546 2554 2718 2616 2684 2628 2612 2614 2580 2650 2792 2820 2808 2800 2674 2614 2528 2524 2494 2474 2510 2476 2444 2334 2212 2102 1964 1854 1762 1644 1656 1560 1548 1522 1344 1250 1166 1156 1146 1014 1040 1144 1128 1236 1324 1360 1496 1496 1466 1494 1562 1618 1676 1742 1862 1918 1928 2012 2034 2082 2090 2180 2228 
2186 2228 2238 2230 2290 2284 2250 2268 2284 2232 2224 2190 2182 2142 2182 2214 2184 2210 2162 2110 2082 2012 1974 1874 1854 1898 1868 1874 1906 1860 1862 1872 1774 1802 1794 1738 1748 1754 1776 1790 1702 1726 1808 1754 1776 1856 1790 1822 1852 1808 1852 1818 1880 1972 1902 1910 1976 1944 1992 2014 2000 2012 2018 2024 2098 2064 2054 2078 2056 2090 2082 2088 2068 2074 2032 2028 2024 1944 1954 1950 1954 1906 1860 1862 1820 1892 1870 1930 1902 1852 1890 1778 1442 1460 1522 1560 1602 1590 1660 1658 
1622 1640 1630 1664 1630 1630 1640 1614 1608 1608 1572 1518 1606 1522 1454 1370 1428 1400 1356 1306 1396 1330 1402 1380 1456 1486 1512 1450 1498 1532 1528 1498 1522 1546 1562 1554 1648 1588 1560 1562 1554 1598 1524 1562 1492 1560 1536 1448 1488 1486 1510 1436 1462 1472 1420 1444 1408 1524 1464 1412 1492 1518 1460 1490 1408 1486 1566 1548 1568 1504 1498 1512 1588 1612 1570 1562 1622 1616 1638 1670 1650 1628 1614 1506 1304 872 526 572 716 756 490 -158 -992 -1382 -1418 -1288 -1252 -1634 -2142 -2840 
-3398 -3942 -4488 -5018 -4990 -4690 -4418 -4710 -5250 -5584 -5536 -5356 -5128 -4916 -5102 -5372 -5246 -4976 -4694 -4032 -3514 -3226 -2868 -2672 -2460 -2336 -1956 -1634 -1306 -1010 -624 -434 -356 -162 116 406 518 522 420 276 154 98 -102 -270 -328 -358 -376 -524 -730 -756 -568 -454 -286 -250 -262 -184 112 344 882 1468 1812 2286 2428 2400 2502 2664 2796 2986 3264 3344 3292 3222 2896 2550 2102 1752 1462 1434 1396 1518 1496 1510 1516 1350 1268 1128 962 688 612 724 640 686 934 1006 986 980 918 832 830 644 
290 172 16 -124 -300 -378 -532 -1294 -1102 -1064 -964 -1042 -1206 -1558 -2124 -2724 -2880 -3082 -3244 -3424 -3528 -3524 -3612 -3914 -4044 -4020 -3680 -4108 -4370 -4668 -5014 -4622 -4088 -3548 -3218 -2886 -2556 -2410 -2560 -2786 -2972 -3124 -3246 -3492 -3448 -3304 -2970 -2586 -2216 -2052 -2010 -1776 -1552 -1240 -830 -424 -168 92 394 702 862 1020 944 890 854 928 1062 1206 1310 1148 1038 1004 1086 1282 1392 1298 1062 782 836 1014 1558 1910 2134 1966 1152 56 -826 -706 -34 -94 -790 -1632 -2116 -2028 -1750 -2324 -3270 -3982 -3616 -2574 
-2228 -2818 -3190 -2516 -896 -394 -1122 -3692 -4870 -4068 -2606 -1134 -684 -1052 -2668 -4382 -5474 -5342 -4080 -2472 -1584 -1798 -3116 -4638 -5282 -4776 -3848 -2902 -2500 -2622 -3210 -4326 -5260 -6114 -7258 -8342 -9324 -9602 -9328 -8502 -6842 -4652 -3136 -2208 -1470 -902 -808 -928 -976 -950 -1494 -1952 -2098 -2088 -1874 -1738 -1436 -1218 -1212 -1252 -1364 -1666 -1904 -1928 -2114 -2170 -2032 -2016 -1976 -1878 -1934 -1892 -2030 -2200 -2288 -2174 -2022 -1972 -2024 -2028 -2016 -1956 -1998 -1932 -1872 -1856 -1678 -1456 -882 -342 -78 -206 -470 -714 -892 -832 -626 -544 -402 -144 
94 276 410 348 370 448 598 952 1302 1402 1484 1444 1384 1430 1618 1762 1820 1906 2020 2324 2792 3226 3462 3638 3736 3866 3958 4110 4010 3752 3502 3358 3062 2990 2926 3024 2926 2886 2638 2314 1934 1698 1822 1984 1984 1874 1470 768 -54 -716 -1356 -1854 -2210 -2504 -2590 -2816 -3134 -3798 -4426 -4814 -5096 -5050 -4580 -4374 -4478 -4924 -5396 -5454 -5268 -4800 -4454 -3976 -3420 -2954 -2408 -2082 -2400 -2338 -2780 -2798 -2420 -2398 -2410 -2550 -3058 -3704 -3920 -3930 -3824 -3540 -3476 -3398 -3052 -2546 -2034 -1720 -1462 -1058 -624 -232 
90 130 52 -228 -524 -622 -300 -4 198 556 800 744 566 408 276 172 162 356 386 386 268 306 558 702 844 536 32 -498 -934 -796 -310 384 876 652 232 -322 -564 -388 76 592 620 258 -42 -352 -772 -1010 -738 -170 -12 -518 -1326 -1912 -2208 -1922 -1364 -1642 -2226 -4156 -5042 -5008 -3632 -2218 -1294 -1460 -2638 -3562 -4000 -4444 -4234 -3976 -3844 -3808 -3610 -3576 -3502 -3330 -3132 -2782 -2338 -2198 -2524 -3000 -3790 -4502 -4734 -5196 -5026 -4140 -3104 -2010 -874 -340 62 466 514 296 -126 -714 -1284 -848 
-40 910 1692 2174 2354 2390 1920 1456 1312 992 838 104 -790 -1588 -1910 -1788 -1682 -1740 -2006 -2580 -3054 -3046 -3280 -3630 -4076 -4460 -4444 -4106 -3624 -3434 -3430 -3820 -3976 -3772 -3570 -3516 -3454 -3544 -3630 -3678 -3340 -3140 -2794 -2662 -2706 -2660 -2746 -2592 -2554 -2306 -2100 -1962 -1948 -2018 -1930 -1518 -1208 -1042 -774 -750 -802 -476 -268 -246 40 352 580 666 562 722 678 926 1244 1268 1172 936 624 520 646 988 1388 1626 1758 1788 2010 2122 2356 2618 2752 2770 2830 3132 3026 2632 2594 2410 2410 2302 2042 1880 
1710 1524 1346 1286 902 234 -382 -730 -852 -976 -904 -898 -1036 -1186 -1476 -1858 -2236 -2558 -2850 -3022 -2840 -2404 -2394 -2876 -3430 -3642 -3542 -3394 -3712 -3828 -3928 -4378 -5622 -6332 -6544 -5960 -5162 -4672 -4366 -4256 -4392 -4440 -4552 -4416 -4170 -3984 -3962 -3758 -3494 -3276 -2890 -2422 -2016 -1802 -1470 -1036 -508 -248 36 66 154 290 414 548 740 756 750 628 464 570 788 984 1170 1388 1420 1218 964 910 812 912 1128 1314 1676 2128 2446 2582 2078 1012 -4 -842 -1232 -956 -126 714 292 -668 -1350 -1664 -1212 -324 
446 552 -62 -822 -1532 -1660 -1240 -584 -386 -906 -1630 -2790 -3318 -3166 -2662 -1880 -1358 -1826 -2500 -3094 -3076 -2592 -1976 -1688 -2126 -2340 -2328 -2224 -1904 -1494 -932 -604 -418 -570 -1334 -1896 -2142 -2148 -2116 -1812 -1482 -1442 -1732 -1774 -1590 -1460 -1098 -640 -178 128 334 664 964 1302 1864 2294 2708 2880 3136 3134 3164 3026 3068 2988 2868 2844 2762 2582 2504 2322 2038 1940 2058 2088 1934 1836 1648 1444 1384 1282 1126 1110 1340 1536 1784 1992 2334 2640 2848 3038 3152 3236 3176 2974 2870 2674 2580 2390 2204 2078 
1872 1716 1662 1548 1470 1566 1668 1952 2156 2376 2424 2400 2392 2360 2414 2414 2490 2436 2516 2482 2558 2470 2468 2378 2314 2302 2224 2228 2218 2170 2114 2160 2080 2104 2104 2098 2122 2216 2306 2358 2414 2474 2410 2446 2418 2422 2340 2346 2250 2224 2246 2228 2222 2158 2218 2178 2244 2272 2280 2276 2298 2318 2206 2248 2266 2304 2288 2258 2296 2322 2282 2264 2274 2284 2294 2324 2312 2390 2326 2320 2246 2220 2148 2192 2192 2186 2240 2264 2288 2256 2224 2318 2316 2370 2332 2328 2282 2270 2326 2352 
2336 2348 2334 2292 2358 2364 2346 2344 2384 2402 2302 2314 2264 2242 2182 2230 2286 2308 2280 2402 2336 2352 2318 2334 2286 2286 2240 2262 2262 2214 2248 2262 2300 2288 2270 2248 2248 2220 2238 2280 2288 2238 2264 2282 2232 2226 2248 2236 2252 2342 2398 2372 2234 2210 2106 1930 1714 1622 1694 1844 2106 2266 2330 2442 2406 2122 1100 -670 -2872 -3502 -3926 -3712 -3904 -4496 -5546 -7180 -8322 -9274 -9704 -10044 -9718 -9160 -8120 -6976 -6668 -6668 -6374 -6000 -4890 -3832 -2980 -2484 -2688 -2660 -2364 -1898 -1194 -532 -388 -242 
-242 -244 -10 222 520 644 272 428 1436 2242 2898 2808 2412 1936 1252 930 1236 1616 2094 1938 1964 1766 1730 1622 1504 1410 1492 1534 1646 1480 1284 988 664 794 788 518 158 -274 -598 -1116 -1238 -1202 -1318 -1084 -1074 -1328 -1284 -1240 -1416 -1818 -2146 -2086 -1722 -1366 -1186 -1326 -1604 1406 2578 2018 784 36 176 508 352 318 642 566 464 512 990 1334 1436 1406 1146 960 778 760 674 524 402 188 110 246 342 592 506 -36 -534 -878 -946 -772 -78 392 194 -226 -586 -472 -12 622 
1308 1614 2000 2186 2116 1698 1948 2986 4650 5038 4380 3218 1578 46 -62 1750 2348 1622 420 -664 -946 -648 -754 -1450 -1944 -2942 -4760 -4984 -4610 -3490 -2080 -2040 -3422 -5414 -7924 -9244 -9252 -8900 -10250 -17110 -32578 -32768 -26086 -17884 -10050 -4738 -2138 -2016 -3414 -4626 -5362 -5444 -4722 -4018 -4080 -4284 -4624 -4728 -3908 -3334 -2684 -2754 -2852 -4058 -5038 -5628 -5196 -4424 -3534 -2758 -2640 -2700 -2954 -3156 -2806 -2100 -1284 -1428 -1204 -1034 -988 -386 44 90 300 964 1234 1160 1018 896 864 1144 1606 1766 1992 2052 2174 2088 2124 2204 
2144 2020 1766 1580 1716 2104 2490 2708 2698 2268 1970 1870 1702 1538 1400 808 410 206 -58 -1980 4700 2460 2374 2876 1980 1812 1398 760 658 490 28 -138 -8 226 298 326 790 1200 1654 1986 2268 1952 1606 1538 1946 2464 2874 3214 3332 2960 2360 1750 1628 1844 2332 2720 3022 2652 1894 1012 578 494 1308 2164 2854 2982 2854 1792 1010 784 1396 1534 1060 1332 1314 1708 1906 -26 -2338 -4206 -4496 -3128 -654 360 -1182 -2370 -4922 -6254 -5672 -4012 -2482 -3206 -5234 -7076 -9816 -11558 -13198 -16168 -23080 -32768 
-31660 -23424 -14476 -7564 -3760 -2150 -2178 -2996 -4474 -5280 -5150 -4468 -4034 -4006 -4262 -4228 -4186 -3748 -3222 -3234 -3062 -3648 -4524 -4766 -3912 -3464 -3384 -3980 -4316 -4550 -3860 -2922 -1998 -1488 -1586 -1740 -2258 -2098 -1606 -994 -648 -560 -472 -1204 -1486 -942 -166 260 310 -386 -910 -926 -560 -476 100 820 1306 1440 1504 1318 1330 1266 1434 1404 1594 1646 2040 2316 2532 2494 2694 3374 3944 3718 3210 2928 2592 2518 2640 2988 3522 3356 3388 3466 3876 4234 4464 4228 4140 3802 3470 3544 3706 4076 4300 4336 4174 3556 2984 2782 
3142 3414 3290 3418 3356 3310 3054 3014 3026 3124 3196 3314 3020 2472 1934 1614 1584 1936 1852 1894 1344 568 14 -66 236 550 1182 1146 1148 1452 1722 1354 724 290 278 -1788 -2856 -3200 -2776 -1090 -1628 -2662 -5052 -5370 -3538 -3886 -4050 -4184 -4392 -3916 -3076 -2760 -2826 -3998 -4702 -4964 -4414 -3432 -2376 -2036 -2944 -4688 -5096 -5276 -10280 -18288 -20572 -13830 -7828 -2774 -450 584 1344 1996 2980 3986 4934 5750 5992 6138 6100 5854 5618 5328 5060 4788 4598 4312 4184 3966 3814 3716 3792 3928 3918 3730 3684 3550 3490 3442 
3426 3386 3350 3230 3132 3030 2636 1732 618 -148 -680 -772 -578 -70 494 984 1326 1602 1904 2154 2430 2652 2792 3022 3144 3256 3252 3292 3260 3422 3460 3534 3582 3590 3560 3504 3376 3342 3256 3268 3154 3078 2926 2690 2426 2244 2084 2032 1948 2070 2140 2292 2302 2380 2386 2474 2608 2722 2800 2882 2934 2948 2958 2988 3014 3032 2952 2842 2770 2688 2606 2564 2492 2400 2346 2244 2260 2172 2242 2334 2400 2486 2586 2530 2606 2580 2576 2600 2558 2552 2576 2710 2782 2800 2806 2818 2810 2722 2644 2582 
2566 2534 2524 2574 2478 2490 2500 2446 2424 2486 2428 2428 2460 2442 2390 2492 2524 2510 2552 2492 2476 2432 2496 2466 2444 2480 2514 2560 2666 2644 2618 2600 2620 2592 2628 2622 2622 2598 2686 2678 2726 2634 2604 2612 2530 2528 2454 2492 2554 2520 2492 2502 2540 2506 2422 2402 2334 2366 2398 2446 2452 2544 2502 2504 2522 2582 2594 2618 2666 2680 2788 2742 2692 2710 2674 2704 2708 2628 2540 2482 2472 2428 2436 2452 2520 2530 2546 2624 2686 2644 2704 2700 2726 2720 2712 2630 2526 2500 2420 2394 
2378 2402 2514 2510 2474 2550 2552 2600 2668 2664 2738 2704 2650 2596 2510 2454 2436 2396 2488 2536 2484 2460 2346 2286 2304 2330 2458 2594 2694 2778 2792 2756 2736 2660 2620 2630 2506 2474 2454 2422 2402 2432 2488 2444 2376 2378 2354 2368 2356 2414 2278 2326 2234 2298 2326 2384 2438 2420 2466 2382 2316 2318 2360 2404 2492 2578 2658 2704 2744 2762 2738 2632 2564 2488 2434 2364 2342 2348 2300 2314 2254 2302 2288 2280 2324 2328 2368 2456 2504 2490 2420 2320 2190 2262 2254 2354 2314 2492 2714 2902 
2914 2920 2840 2612 2536 2364 2330 2386 2530 2594 2702 2688 2500 2274 2076 2010 1972 2022 2134 2244 2362 2572 2676 2756 2930 2988 2960 2950 2898 2862 2848 2968 3026 3002 2970 2874 2812 2760 2684 2654 2624 2572 2346 2256 2036 1892 1774 1624 1742 1852 1948 2092 2144 2102 2180 2194 2288 2286 2354 2376 2398 2526 2504 2562 2568 2552 2488 2542 2476 2504 2466 2376 2338 2376 2386 2492 2568 2670 2676 2564 2468 2378 2378 2378 2426 2556 2682 2636 2538 2366 1548 1512 1544 1504 1514 1514 1480 1504 1540 1538 
1540 1544 1622 1614 1586 1516 1550 1600 1608 1636 1602 1584 1678 1626 1600 1600 1654 1628 1646 1584 1600 1632 1666 1730 1646 1596 1664 1634 1650 1666 1672 1676 1720 1698 1732 1752 1784 1724 1730 1714 1650 1640 1588 1574 1554 1604 1572 1564 1458 1564 1614 1608 1546 1558 1540 1444 1272 1286 1312 1452 1376 1440 1530 1640 1602 990 -194 -1488 -2704 -2826 -2542 -2224 -2020 -1798 -2402 -3970 -5818 -7336 -8004 -7820 -7338 -7016 -6830 -6838 -6650 -6152 -5642 -5410 -5464 -5406 -5036 -4380 -3814 -3234 -2998 -2714 -2674 -2414 -2026 -1224 
-824 -496 -722 -914 -1510 -1390 -1158 -980 -846 -260 -8 -160 -196 294 216 242 114 -398 -320 -84 -204 52 118 312 312 372 808 1304 1570 1596 1382 1092 668 296 340 556 746 1046 1734 2066 2096 1944 1948 3162 3534 3080 2840 2534 2962 3772 3974 3948 3100 5082 6310 5754 5362 5010 4644 4354 3798 3160 2786 2756 3110 3656 3968 4372 4446 4162 3890 3562 3350 3172 3124 3244 3408 3350 3362 3266 3194 3106 3182 3064 3096 3090 3036 2784 2500 2246 1950 1776 2190 2566 2638 2538 2860 2416 1974 2262 
1830 870 92 380 976 1140 -98 -2246 -3884 -3246 -960 1244 498 -994 -3798 -5544 -5620 -3656 -3132 -3746 -5412 -6926 -7742 -7942 -8624 -8664 -9092 -11020 -12568 -14594 -15594 -15384 -15374 -14896 -14704 -12870 -10922 -9170 -8378 -8654 -9206 -9814 -9374 -8896 -8364 -7646 -6710 -5596 -4954 -4548 -4326 -3978 -3572 -3124 -2532 -2170 -1560 -1296 -696 330 1064 1954 2646 2880 2844 2656 2548 2888 3192 3858 4196 4604 4626 4470 4062 4016 4376 4752 4894 4904 4602 4392 4318 4358 4514 4684 4344 3812 3550 3314 2608 1882 1398 946 680 380 -440 -1268 -2112 -2682 
-3772 -4140 -5522 -5460 -6436 -6636 -6574 -6728 -6186 -4928 -4264 -5382 -5962 -5446 -4076 -4812 -5226 -5408 -5264 -4518 -3776 -3472 -3232 -2710 -2270 -1602 -1004 -480 -230 -90 76 584 1350 2444 3390 3938 4236 4584 4956 5266 5608 5854 5716 5628 5548 5818 5724 5996 5444 3956 2604 2500 2440 3008 3396 1686 -136 -460 356 -162 -1554 -1266 -2992 -5708 -6918 -5886 -4926 -5112 -5708 -6242 -5188 -4718 -2942 -1052 -1286 -4946 -7668 -8378 -7636 -5898 -4542 -5384 -8202 -11748 -15002 -17484 -21494 -21032 -18014 -12818 -9092 -7688 -7162 -7500 -7730 -7578 -7574 -7222 -7324 -7352 
-6698 -6046 -5374 -4808 -4354 -3810 -3534 -2584 -2240 -1700 -802 308 1182 1552 1902 2040 2058 2300 2646 3614 3364 2904 2834 2998 3750 4652 4936 4586 4474 4588 4232 4180 3920 3028 3430 3250 3328 3162 3224 3058 2620 2346 1844 984 -56 -328 -546 -556 -1160 -2778 -3788 -4724 -4286 -3670 -4024 -4730 -5774 -9194 -7876 -9632 -10814 -6390 -6094 -5080 -3832 -3640 -3454 -3402 -3550 -3272 -2806 -2676 -2296 -1570 -602 476 1700 2058 2008 1536 972 920 1274 1870 2354 2888 3112 3062 2374 1568 1650 1972 2032 2074 1866 1738 1972 1840 1004 380 
-40 90 892 -648 -2400 -2036 -1190 -954 -1694 -2860 -5450 -6274 -5340 -3588 -2782 -3176 -3712 -4088 -4850 -4414 -5738 -6722 -6042 -4492 -3578 -4022 -3024 -3762 -5360 -6138 -6422 -5796 -4628 -3264 -2334 -2110 -1922 -1948 -2130 -2280 -2310 -2662 -7034 -17266 -12820 -7242 -5362 -3430 -1600 38 1488 2638 3424 3816 4124 4422 4490 4372 4128 3954 3914 3928 3998 4024 4184 4334 4474 4608 4550 4516 4382 4168 3948 3732 3540 3368 3400 3444 3464 3418 3322 3228 3104 3020 2914 2868 2740 2696 2594 2238 1420 466 -364 -988 -1024 -672 -24 620 1262 1728 
2056 2284 2462 2544 2770 2994 3266 3560 3690 3828 3866 3802 3750 3566 3542 3494 3406 3370 3352 3332 3356 3412 3386 3346 3190 3006 2728 2284 1854 1552 1370 1364 1506 1724 1992 2150 2294 2358 2390 2474 2544 2550 2626 2670 2692 2712 2720 2704 2704 2754 2832 2868 2888 2990 3010 3022 3050 3006 2950 2946 2944 3000 2996 2902 2738 2652 2564 2454 2380 2374 2332 2356 2406 2450 2470 2426 2428 2444 2350 2422 2464 2300 2350 2446 2496 2500 2592 2534 2588 2666 2682 2712 2736 2692 2730 2738 2722 2654 2666 2584 
2532 2472 2416 2298 2238 2244 2186 2200 2220 2236 2252 2274 2364 2444 2532 2626 2670 2704 2814 2806 2836 2824 2790 2740 2648 2484 2398 2344 2236 2252 2210 2270 2322 2394 2430 2482 2546 2594 2638 2694 2674 2738 2724 2680 2596 2574 2556 2508 2478 2454 2432 2330 2266 2244 2262 2248 2286 2308 2284 2318 2352 2386 2400 2534 2682 2748 2840 2810 2832 2804 2796 2720 2684 2672 2626 2550 2556 2508 2454 2340 2350 2356 2338 2444 2534 2534 2572 2634 2638 2570 2582 2472 2492 2390 2422 2398 2426 2438 2486 2424 
2386 2450 2496 2606 2640 2654 2680 2708 2688 2728 2660 2684 2612 2600 2590 2622 2580 2584 2582 2572 2560 2516 2516 2482 2408 2442 2468 2444 2478 2488 2402 2484 2448 2462 2356 2474 2424 2494 2510 2524 2550 2558 2580 2540 2488 2430 2386 2310 2228 2168 2142 2154 2162 2182 2182 2176 2264 2232 2286 2290 2418 2440 2472 2500 2464 2568 2574 2604 2572 2444 2364 2254 2258 2354 2466 2506 2460 2380 2310 2324 2354 2324 2278 2222 2230 2212 2332 2398 2414 2450 2470 2384 2490 2406 2264 2144 2038 2058 1912 1934 
1974 2080 2152 2182 2276 2326 2220 2210 2156 2096 2070 2016 2038 2128 2258 2330 2432 2364 2272 2290 2152 2254 2338 2416 2460 2388 2396 2258 1964 1850 1514 1376 1414 1436 1380 1416 1462 1650 1974 2178 2398 2632 2818 2858 2846 2870 2838 2834 2826 2834 2820 2726 2798 2858 2948 2856 2882 2894 2864 2870 2900 2834 2796 2688 2530 2278 2020 1802 1624 1500 1406 1432 1434 1478 1628 1760 1878 2004 2092 2102 2138 2170 2156 2204 2352 2402 2552 2640 2738 1704 1800 1824 1814 1856 1856 1790 1832 1766 1794 1794 
1772 1766 1722 1690 1712 1770 1726 1874 1842 1880 1930 1936 1910 1896 1866 1792 1822 1732 1766 1742 1756 1798 1702 1774 1810 1786 1770 1810 1806 1780 1830 1858 1874 1864 1832 1832 1848 1816 1794 1846 1844 1832 1842 1850 1796 1854 1828 1850 1858 1864 1894 1902 1904 1878 1882 1834 1854 1406 1386 1508 1832 2052 2044 1110 -906 -2186 -3844 -5154 -5824 -5998 -7378 -9890 -11986 -12962 -12982 -12302 -11378 -10714 -10104 -9418 -8184 -6918 -6944 -7178 -6920 -5782 -4034 -2236 -610 286 434 838 1298 1914 2740 2836 2838 3138 3480 4108 
4378 4446 4716 4978 4840 4736 4914 4682 4374 4632 4710 4934 5006 5078 4996 4514 4102 2892 2098 1630 1354 1198 1102 1188 700 -254 -1250 -1806 -2050 -1868 -1410 -1194 -1416 -1562 -646 -506 -40 12 524 1072 1574 2008 2796 3092 2676 2168 1998 1922 2340 3130 3900 4244 4522 4420 3774 3108 2820 2752 2840 3006 3268 3766 4230 4778 5296 5788 6180 6268 6208 5546 4848 4254 4376 5288 6462 6126 4004 1844 -40 1240 2458 2746 1438 -810 -2462 -2132 -1050 -2224 -4536 -6266 -6614 -5356 -5466 -5714 -5846 -7182 -7456 -8822 -11684 -12706 
-12128 -11986 -12262 -14250 -20442 -30602 -28836 -22784 -14924 -9224 -6914 -5824 -6648 -8470 -9492 -9508 -9336 -8510 -7612 -7028 -6600 -5776 -4490 -3266 -2744 -2782 -2946 -3070 -2676 -1668 -876 -170 28 236 432 482 602 1620 1562 1744 2222 2358 2410 3098 3600 4276 4662 5196 5970 6228 5944 6120 5704 5418 5096 4856 4900 4582 4016 3338 2778 2328 698 -1028 -1712 -2398 -2504 -2642 -4712 -6076 -6918 -6268 -5844 -4968 -4710 -5394 -6142 -6024 -5160 -4110 -2846 -2222 -2298 -2604 -2768 -2348 -1766 -1130 -640 -558 -754 -732 -288 372 1692 2786 3634 4048 3784 3226 
3170 2960 2682 2616 2826 3396 3824 4284 4404 4264 4232 4016 4158 4594 3980 2942 1576 754 1176 3072 3498 1950 -1226 -3318 -2210 6 1040 -1082 -4904 -7410 -6972 -4008 -1182 -722 -3414 -7046 -8460 -7134 -5322 -2810 -2222 -2730 -3246 -3990 -4020 -3746 -3550 -3652 -4200 -4712 -6096 -8594 -10972 -12580 -13546 -14394 -15920 -17212 -16760 -14150 -11392 -9934 -9744 -9992 -10482 -10872 -10660 -9646 -8436 -7464 -7868 -7878 -7094 -5858 -4624 -3560 -2982 -2224 -1632 -626 776 1840 2826 3718 3494 3060 3250 3492 3636 3650 3472 3336 3570 3768 3602 2932 2724 2634 2198 2376 
2848 2990 2608 2730 3120 3336 3372 3358 2890 2308 1712 1404 1080 234 -286 -1406 -2552 -3002 -3202 -3440 -3390 -4134 -5090 -5880 -6290 -6202 -5086 -11012 -9572 -7352 -5530 -3116 -1594 -1886 -2542 -2900 -3324 -2910 -2208 -1622 -944 -92 934 1934 3272 4326 5066 4878 4302 3748 3892 4022 4292 4296 4356 4530 4678 4888 5278 5404 5922 6106 5992 5814 5330 4716 4322 3770 3670 3588 3104 1836 414 -170 -106 -610 -1120 -2724 -4642 -7496 -7718 -6578 -4830 -5530 -6814 -7750 -10324 -11172 -10136 -9836 -8780 -8404 -7790 -6756 -6336 -5894 -6072 -5946 -5360 -4968 
-4998 -4992 -4454 -3548 -2810 -1996 -1640 -1316 -834 -518 -124 240 746 1234 1696 2178 2788 3052 3122 3086 3142 3308 3504 3714 3842 3786 3624 3298 2994 2812 2804 2904 3036 3102 3382 3610 3792 3876 3900 3884 3870 3844 3670 3472 3106 2852 2646 2590 2676 2844 3020 3170 3164 3068 2950 2754 2668 2586 2422 2374 2272 2274 2196 2126 2086 2004 2080 2104 1480 1082 814 572 470 560 742 1146 1426 1850 2106 2318 2540 2690 2848 2896 2884 2882 2848 2904 2928 2996 3008 2984 2906 2888 2756 2728 2688 2704 2696 2714 
2638 2788 2674 2662 2540 2482 2390 2372 2346 2418 2456 2394 2460 2494 2480 2482 2546 2614 2610 2720 2692 2688 2726 2752 2760 2846 2872 2766 2752 2654 2608 2514 2414 2356 2376 2368 2394 2388 2410 2456 2530 2500 2500 2508 2434 2464 2382 2358 2348 2370 2546 2578 2680 2730 2696 2608 2602 2514 2554 2654 2736 2774 2720 2782 2758 2736 2778 2792 2890 2860 2866 2798 2738 2684 2574 2490 2442 2470 2420 2362 2400 2304 2354 2442 2428 2490 2486 2504 2610 2686 2740 2790 2734 2712 2636 2484 2454 2508 2502 2494 
2478 2444 2372 2236 2222 2144 2220 2222 2248 2224 2234 2206 2248 2198 2208 2216 2262 2296 2384 2418 2504 2534 2538 2572 2604 2660 2596 2646 2690 2622 2610 2578 2570 2426 2416 2306 2220 2218 2292 2512 2736 2878 2906 2918 3000 2922 2920 2914 2812 2670 2688 2566 2468 2482 2352 2360 2260 2286 2344 2434 2488 2524 2610 2602 2594 2622 2562 2552 2588 2586 2604 2574 2568 2584 2542 2554 2506 2506 2472 2376 2400 2380 2356 2438 2440 2460 2488 2420 2466 2446 2414 2478 2424 2394 2442 2410 2474 2526 2458 2456 
2498 2436 2494 2466 2540 2526 2598 2528 2528 2556 2506 2488 2540 2530 2474 2470 2514 2596 2552 2682 2670 2612 2658 2578 2598 2580 2562 2578 2522 2526 2516 2502 2524 2550 2530 2486 2534 2502 2518 2526 2568 2574 2560 2572 2596 2592 2600 2562 2524 2490 2544 2560 2490 2580 2580 2600 2594 2630 2600 2580 2496 2458 2526 2492 2510 2594 2532 2564 2516 2508 2514 2496 2466 2470 2506 2490 2568 2592 2598 2540 2470 2440 2458 2520 2498 2586 2626 2590 2660 2642 2636 2686 2666 2726 2718 2818 2782 2844 2840 2854 
2862 2872 2840 2848 2826 2822 2754 2778 2858 2832 2816 2774 2752 2704 2706 2694 2788 2724 2828 2746 2724 2768 2778 2842 2806 2902 2868 2916 2872 2892 2882 2876 2768 2742 2724 2704 2632 2658 2604 2654 2612 2636 2622 2622 2706 2624 2678 2698 2688 2632 2748 2710 2708 2724 2714 2740 2696 2732 2702 2656 2678 2690 2742 2732 2722 2736 2696 2700 2702 2622 2610 2518 2576 2484 2598 2582 2620 2576 2642 2528 2544 2498 2414 2480 2452 2446 2544 2582 1844 1894 1912 1974 1980 1950 1942 1942 1948 2000 1970 1942 
1904 1908 1904 1886 1906 1958 1918 1968 1978 1934 1946 1962 1930 1908 1930 1946 1922 1934 1956 1914 1916 1902 1904 1954 1890 1868 1958 1974 1942 1966 1980 1998 1930 1954 1932 1928 1910 1992 2000 1978 1956 1874 1934 1890 1898 1880 1886 1830 1880 1848 1968 1914 1952 1960 1912 1964 1982 1914 1748 1578 1366 1206 1396 1068 -242 -872 -1746 -2564 -3348 -4304 -5004 -6016 -7468 -9906 -12164 -13874 -14444 -13744 -12088 -10588 -9442 -8464 -7736 -7640 -7602 -6890 -5516 -4094 -2564 -1446 -502 40 462 982 1582 2218 3026 3642 4038 4444 
4726 5188 5444 5346 5194 4882 4494 4656 5032 5374 5506 5906 6250 6020 5860 5544 4962 4452 4432 3978 3458 2596 1904 1214 1014 510 -612 -2126 -1750 -1798 -2142 -2768 -3096 -3664 -4212 -4926 -4458 -3776 -3406 -3276 -3276 -2352 -1348 -1176 -1016 -648 496 2052 3056 3010 2908 3342 3978 4662 5292 5848 6234 6302 6298 6466 6610 6630 6114 5408 4596 3982 3176 2148 760 -790 -808 -590 74 -182 -1956 -4584 -5724 -4944 -2666 -966 -870 -2784 -4704 -5824 -5616 -4380 -3918 -2850 -2556 -2912 -2642 -2440 -2842 -4488 -5502 -5176 -4952 -6082 -8264 -10708 
-12734 -15182 -19608 -23508 -24272 -24344 -19576 -13280 -9824 -8252 -8678 -9788 -10616 -10226 -9068 -7884 -6794 -6044 -5714 -5140 -4788 -4032 -2954 -1942 -822 -522 -344 -176 48 530 574 1168 1596 1458 1588 1738 1542 1984 2014 2496 2710 3278 3964 4330 4348 3892 4130 4530 4956 5534 6356 6026 5284 4506 3812 3064 2628 1912 1256 298 -294 -844 -1474 -2332 -2496 -2908 -3330 -4636 -5342 -5300 -5136 -4524 -5796 -5050 -5518 -5816 -5228 -4362 -3672 -2790 -2766 -2730 -2602 -1950 -1162 -428 96 930 1358 1710 2128 2536 2746 2996 2976 3114 3080 3034 3098 3360 
3790 4354 4810 5094 5120 5014 5056 5070 4386 3800 2994 2512 2676 1242 -944 -1952 -1382 854 2070 1622 210 -2118 -3560 -2848 -1254 526 -1814 -3050 -3604 -3536 -3342 -2694 -2778 -4868 -5974 -5586 -5462 -7068 -8056 -8472 -10232 -12138 -14308 -16684 -18758 -20708 -23620 -22704 -17624 -13626 -10690 -9134 -9466 -10132 -10342 -9946 -9626 -9202 -8810 -7962 -6528 -5606 -4862 -4116 -3688 -3204 -2228 -1354 -874 -708 -820 -630 260 1102 2018 3072 3228 3658 3912 3852 3804 3536 3450 3668 4114 4298 4416 5122 5494 5418 5248 5294 5358 4648 4474 4224 3808 3650 3356 2638 
2104 1194 470 88 316 258 -588 -1476 -3108 -4348 -5052 -5486 -5538 -6158 -6500 -6552 -5600 -5020 -4938 -5370 -5788 -5944 -5514 -4934 -5300 -5588 -5516 -5246 -4622 -4506 -4748 -5268 -5434 -5548 -5162 -4696 -3990 -3358 -2802 -2546 -2134 -1646 -1104 -528 158 746 1056 1438 1968 2618 2926 2888 2892 2928 3126 2926 2690 2716 2592 2758 3468 4140 4138 3536 2722 2798 2546 1762 1090 460 48 -1812 -2608 -2728 -3442 -4056 -4022 -2812 -2000 -2944 -4498 -8692 -10004 -7856 -5496 -3144 -2594 -4438 -6036 -7566 -7944 -7812 -7682 -6860 -5070 -3896 -3504 -3080 -2978 -2924 
-2778 -2748 -3488 -3010 -4250 -4602 -2960 -1504 -636 574 1210 1402 1746 2388 2982 3490 3842 4206 4496 4746 4820 4876 4718 4526 4022 3664 3348 3112 2980 2992 3066 3068 3174 3170 3044 2964 2796 2614 2486 2372 2164 2004 1812 1698 1582 1480 1518 1704 1826 1994 2134 2260 2366 2416 2400 2454 2472 2538 2536 2626 2664 2620 2642 2468 2420 2550 2678 2856 3054 3026 3042 2996 3024 3022 2996 2996 2912 2818 2640 2398 2250 2230 2210 2148 2080 2048 2036 2054 2142 2222 2272 2368 2454 2488 2512 2532 2544 2614 2606 2508 
2480 2398 2296 2322 2312 2322 2382 2384 2354 2420 2324 2356 2368 2376 2378 2348 2390 2400 2386 2400 2452 2442 2414 2458 2470 2430 2446 2474 2474 2396 2374 2254 2236 2244 2240 2296 2288 2258 2416 2348 2274 2222 2316 2262 2268 2256 2258 2314 2266 2242 2300 2330 2278 2248 2324 2326 2346 2332 2330 2358 2356 2362 2336 2282 2234 2296 2252 2310 2156 2286 2300 2358 2352 2330 2344 2286 2270 2234 2230 2186 2178 2184 2224 2264 2268 2340 2298 2314 2332 2310 2268 2280 2298 2248 2224 2258 2308 2282 2258 2234 
2190 2252 2260 2214 2174 2202 2228 2246 2252 2280 2282 2226 2286 2250 2236 2286 2268 2294 2302 2280 2286 2172 2180 2238 2142 2220 2190 2178 2218 2250 2326 2242 2326 2312 2282 2342 2284 2310 2276 2230 2242 2248 2254 2316 2298 2316 2324 2298 2286 2272 2260 2180 2190 2190 2250 2268 2298 2400 2308 2330 2324 2296 2264 2324 2324 2282 2282 2240 2176 2144 2066 2114 2078 2066 2168 2242 2220 2222 2240 2234 2286 2222 2198 2212 2178 2186 2230 2276 2246 2278 2320 2286 2256 2224 2184 2150 2176 2162 2184 2170 
2178 2196 2222 2256 2252 2230 2282 2264 2254 2268 2210 2228 2218 2134 2212 2188 2178 2078 2072 2148 2170 2124 2172 2232 2180 2250 2178 2188 2156 2168 2126 2248 2204 2086 2186 2068 2152 2106 2154 2182 2214 2262 2184 2186 2214 2256 2220 2214 2218 2170 2154 2192 2162 2156 2162 2162 2204 2144 2106 2108 2114 2046 2056 2110 2142 2182 2098 2214 2258 2332 2270 2310 2322 2292 2312 2190 2268 2312 2310 2216 2188 2106 2046 2050 2022 2010 2038 2062 2004 2066 1944 2102 2100 2054 2156 2246 2192 2166 2226 2248 
2236 2266 2230 2270 2206 2274 2216 2226 2206 2196 2228 2270 2262 2276 2302 2210 2186 2186 2154 2128 2140 2106 2122 2220 2218 2188 2180 2312 2226 2352 2336 2314 2280 2180 2150 2126 2142 2162 2196 2190 2204 2230 2236 2200 2238 2232 2232 2226 2230 2282 2256 2276 2252 2242 2298 2236 2296 2320 2300 2332 2266 2308 2232 2208 2252 2240 2148 2162 2158 2240 2244 2222 2296 2282 2254 2294 2246 2222 2206 2154 2154 2166 2182 2164 2166 2202 2200 1678 1686 1724 1732 1766 1794 1750 1754 1790 1752 1740 1742 1770 
1734 1724 1750 1754 1768 1774 1786 1788 1792 1820 1768 1810 1778 1826 1860 1774 1802 1762 1816 1766 1820 1750 1808 1848 1738 1808 1840 1844 1806 1784 1770 1762 1744 1706 1606 1666 1534 1484 1478 1604 1372 420 -1248 -1746 -2304 -2378 -2546 -3350 -4434 -5686 -6960 -8694 -11044 -12832 -13600 -13230 -12614 -11940 -11386 -11074 -10142 -8764 -7268 -5948 -4790 -3806 -3130 -2018 -568 972 1910 2522 2724 2348 2156 2728 3470 4564 5178 5532 5664 5842 5980 6336 6636 7018 6860 6328 5734 5418 5124 4946 4708 4750 4780 4764 4632 4336 4130 3694 
3114 2374 1456 960 348 -208 -1478 -2464 -3634 -4272 -4806 -4928 -5268 -5394 -5748 -5506 -6416 -7090 -5666 -5212 -3882 -3614 -4210 -4364 -3714 -2406 -1510 -1126 -850 -844 -508 64 874 1482 2140 2422 2490 2578 2874 3230 3596 3916 4046 4276 4114 3736 3076 2446 2586 3608 4710 5052 3986 1902 426 810 1958 584 -2544 -3468 -1744 1760 4646 4428 1340 -4502 -6698 -5014 -1184 2320 2268 -1160 -6804 -10220 -10374 -7272 -4380 -5004 -9814 -13808 -15504 -16018 -15716 -17158 -21380 -26440 -24998 -19428 -14296 -11136 -9800 -8878 -9248 -10640 -11444 -10934 -9558 -8594 -8262 -7740 
-7048 -5954 -4722 -3548 -2936 -2546 -2506 -1688 -602 368 1088 1420 2024 2438 3082 3286 3198 3672 3762 4010 4292 4724 4712 4422 4854 6106 7406 8654 8892 7658 6948 5866 5536 5292 5040 4502 4068 2620 1684 582 -424 -1230 -1698 -2394 -2602 -3044 -3408 -5176 -5954 -6062 -6036 -4306 -6636 -7212 -10158 -8204 -5118 -4336 -3604 -2310 -1280 -2116 -2690 -2692 -2390 -2200 -1620 -982 10 1012 2158 2956 3552 3872 3970 3918 4180 4468 4628 4526 4674 4788 5010 5826 6134 5412 4116 2828 2250 2914 4846 6426 5146 2682 1066 86 14 1556 2502 1114 
-526 -806 -754 -588 -1514 -1778 -3172 -5102 -6452 -6588 -5914 -6200 -8788 -10116 -10270 -11266 -12192 -12698 -15370 -19654 -28282 -31086 -28552 -21878 -14566 -10934 -8924 -8942 -10182 -11622 -11998 -10964 -9746 -8506 -7882 -7946 -7994 -7178 -6432 -5598 -4202 -3114 -1638 -1240 -432 248 1064 1980 3348 4292 4586 4696 4662 4308 4620 5048 5534 5742 6024 5634 5474 5320 5352 5848 6058 6842 7190 7002 6260 4866 3732 3014 2604 2278 1512 722 288 30 542 94 -1260 -3750 -5664 -5410 -9384 -10644 -23428 -23748 -11938 -2590 2492 2634 76 -448 2598 -1398 -3146 -2628 -2022 -270 
976 2150 2926 2748 2052 1022 152 -182 -124 70 600 1260 2104 2818 3496 3448 2548 1484 410 22 2032 912 762 -50 -1026 -1774 -2016 -1300 -162 128 -882 -2482 -3886 -4088 -3144 -1500 -1054 -1468 -2402 -4028 -4866 -6086 -6020 -3620 -1638 -1700 -2788 -4722 -5824 -6620 -6366 -5416 -4500 -3926 -3686 -4626 -5214 -5912 -7082 -7654 -7364 -5912 -4250 -3388 -3368 -3164 -3108 -3114 -3168 -2154 -2380 -2796 -2288 -1384 -202 842 1556 1822 2046 2392 2892 3540 3984 4344 4618 4678 4512 4288 3992 3658 3494 3424 3420 3556 3682 3782 3758 3734 3602 3528 
3462 3444 3462 3460 3300 3182 3110 3058 3038 3116 3182 3252 3166 2848 2596 2372 2164 2056 1692 1544 1642 1780 1994 2260 2452 2506 2620 2588 2612 2692 2888 2994 3030 2988 2856 2824 2850 2954 2962 3000 3056 2944 2886 2846 2732 2668 2652 2578 2642 2676 2760 2896 2942 2962 2976 2998 3056 3148 3240 3226 3166 3060 3056 2940 2942 2924 2950 3038 3112 3100 3150 3198 3136 3120 3092 3036 3028 3014 3048 3030 3022 3028 2986 2922 2902 2812 2762 2756 2652 2676 2570 2668 2694 2750 2762 2840 2768 2762 2658 2610 
2646 2650 2632 2592 2544 2490 2466 2422 2386 2452 2504 2484 2508 2514 2536 2586 2660 2806 2872 2922 2908 2912 2812 2742 2752 2684 2632 2632 2648 2584 2630 2636 2702 2736 2822 2880 2932 2948 2950 2950 2910 2898 2926 2970 2902 2826 2788 2740 2728 2688 2744 2796 2828 2812 2696 2652 2664 2622 2514 2620 2704 2820 2832 2924 2862 2828 2740 2732 2626 2656 2710 2748 2726 2698 2710 2700 2686 2710 2708 2838 2864 2858 2822 2820 2778 2708 2752 2776 2840 2862 2840 2694 2592 2536 2638 2686 2918 3150 3306 3218 
3058 2844 2644 2570 2494 2650 2848 2978 3098 3198 3278 3218 3282 3334 3292 3260 3144 2960 2798 2746 2660 2632 2582 2596 2604 2544 2432 2312 2238 2226 2314 2336 2410 2534 2578 2732 2836 2844 2902 2876 2900 2906 2884 2824 2822 2740 2742 2734 2630 2592 2606 2506 2484 2440 2484 2550 2522 2636 2748 2766 2910 2956 3020 3018 2938 2838 2748 2686 2698 2694 2732 2646 2594 2480 2424 2404 2394 2374 2426 2490 2558 2668 2840 2878 2996 2882 2970 2940 2936 3002 3026 3048 3092 3106 3100 3056 2980 2914 2840 2768 
2768 2804 2918 2966 2906 2974 2960 2880 2874 2818 2858 2948 3010 3064 3134 3106 3014 2900 2788 2700 2530 2502 2436 2494 2498 2564 2606 2626 2678 2670 2654 2702 2606 2564 2562 2590 2622 2666 2798 2772 2788 2896 2824 2780 2738 2596 2536 2528 2506 2452 2440 2440 2408 2398 2456 2540 2536 2612 2654 2650 2688 2692 2652 2640 2628 2600 2574 2532 2506 2508 2530 2490 2512 2556 2502 2476 2384 2420 2450 2548 2650 2642 2612 2574 2590 2590 2486 2516 2544 2508 2534 2568 2622 2628 2670 2642 2686 2576 2536 2410 
2332 2220 2218 2158 2180 2170 2142 2172 2142 2174 2170 2236 2284 2310 2342 2374 2474 2470 2490 2520 2538 2486 2496 2500 2426 2386 2366 2278 2180 2208 2204 2182 2290 2298 2314 2296 2228 2270 2356 2398 2396 2392 2396 2346 2410 2366 2372 2392 2416 2422 2464 2478 2380 2430 2348 2334 2380 2340 2360 2424 2370 2432 2446 2412 2392 2394 2424 2436 2490 2520 2466 2482 2474 2468 2500 2428 2342 2290 2258 2342 2346 2370 2452 2490 2548 2540 1478 1516 1498 1500 1500 1514 1576 1546 1534 1534 1520 1546 1566 1564 
1510 1528 1544 1486 1532 1504 1524 1516 1468 1464 1540 1464 1456 1470 1476 1468 1442 1488 1492 1524 1542 1572 1606 1608 1608 1606 1630 1598 1648 1576 1606 1634 1576 1598 1582 1602 1618 1548 1528 1602 1562 1568 1594 1612 1614 1650 1664 1572 1586 1654 1624 1650 1644 1616 1614 1610 1604 1586 1598 1624 1554 1590 1594 1670 1630 1650 1594 1564 1568 1582 1550 1508 1552 1574 1610 1582 1592 1566 1568 1568 1534 1558 1544 1540 1580 1474 1496 1534 1534 1590 1546 1560 1560 1524 1580 1612 1530 1614 1558 1506 
1598 1562 1582 1570 1602 1536 1564 1572 1560 1594 1618 1594 1646 1556 1608 1628 1558 1600 1634 1616 1654 1568 1604 1554 1686 1632 1636 1612 1570 1610 1560 1610 1604 1650 1592 1610 1610 1622 1700 1648 1720 1602 1656 1598 1604 1636 1666 1694 1638 1640 1628 1620 1704 1668 1628 1640 1662 1620 1638 1650 1706 1652 1712 1732 1704 1686 1652 1746 1682 1686 1760 1696 1714 1726 1700 1680 1700 1590 1442 1236 1166 1096 438 -48 -584 -1304 -1390 -1096 -1124 -1970 -3596 -5470 -7184 -8696 -9766 -9998 -9918 -9800 -9290 -8994 
-9916 -10870 -11296 -11088 -9464 -7584 -5602 -3760 -1998 -460 -194 -842 -410 570 1994 3506 4846 5542 5402 4974 5278 5550 5770 6196 6664 6890 6750 6704 6844 6350 6360 6230 6140 5904 5678 5080 4714 4508 4304 4038 3828 3574 2990 2464 1376 224 -740 -1682 -2536 -3224 -3534 -3680 -4320 -4698 -4870 -5334 -5396 -5224 -4856 -4486 -4116 -3980 -3628 -3098 -2268 -1170 -512 -412 -664 -310 466 1446 2286 2610 2858 3160 3518 3836 4134 4352 4342 4484 4706 5200 5860 6610 7188 7082 6612 6182 5966 6386 6460 5672 4500 2776 2402 5190 6868 6130 
2728 -516 -968 2144 3670 -90 -4120 -8628 -9860 -7418 -4926 -3438 -7600 -11244 -14200 -15968 -16590 -17518 -20928 -25046 -27822 -29314 -26588 -21004 -15750 -13440 -12544 -12832 -12918 -12630 -10854 -9092 -7592 -6870 -5970 -4658 -3454 -2452 -1064 -28 668 1120 2154 2498 2374 2750 3466 3758 4334 4856 4752 5144 5252 5532 5482 5598 5880 6546 7254 7734 8066 8234 8828 8314 6624 4716 3876 2930 2348 2294 1356 178 -26 -270 -1390 -2678 -3300 -3660 -4390 -5516 -6500 -7100 -7584 -6974 -6488 -6002 -6334 -7280 -7640 -8138 -7748 -5984 -4692 -3754 -3652 -3338 -2866 -2584 -2012 -1472 
-724 24 458 706 1142 1748 2288 2840 3450 3868 4174 4308 4492 4718 4904 4978 5070 5472 5738 5912 5972 6260 6872 6958 6182 4680 2262 -42 1060 4610 5726 5338 3098 -16 -1728 22 1514 -464 -1626 -3208 -4428 -5768 -5754 -3348 -4448 -7056 -9126 -10252 -10878 -11224 -13618 -16388 -18184 -20598 -23706 -25582 -24938 -21118 -16258 -13654 -13658 -14236 -14360 -13658 -12702 -11488 -10422 -9506 -8372 -7022 -5182 -3508 -1688 -658 312 928 1452 2514 3694 4476 4876 4966 5440 5414 5756 6052 6208 6634 6470 6306 6228 6248 6318 6460 6882 7166 7348 7250 7062 6320 
5250 4208 3190 2368 2092 2068 1430 318 -1264 -2606 -2202 -2956 -3554 -3952 -5110 -3884 -5374 -5128 -2886 -1820 -3792 -3770 -2402 -1296 -494 88 340 -78 -234 -230 154 476 876 1344 1746 2112 2556 3074 3658 4106 4388 4376 4252 4228 4218 3964 4008 3936 3720 3752 3868 3126 2538 1970 900 72 118 -270 -1782 -2450 -2258 -2158 -1128 736 -672 -5382 -8694 -8630 -6768 -4254 -2736 -2290 -3568 -6408 -7032 -7290 -7838 -7066 -5306 -3550 -4024 -6018 -7206 -6668 -5214 -3976 -2992 -2268 -1968 -1854 -1906 -1544 -5916 -11680 -10386 -4514 -3560 -2388 -864 730 
1736 2692 3112 3436 3822 4214 4636 4756 4710 4558 4332 4342 4228 4166 4184 4132 4114 4070 3962 3758 3676 3506 3460 3492 3534 3570 3572 3624 3560 3496 3318 3188 2986 2838 2756 2694 2646 2184 728 -324 -1108 -1612 -1638 -1104 -360 582 1242 1600 1836 2008 2220 2376 2470 2496 2630 2762 2820 2892 3042 3106 3096 3124 3032 2990 2892 2894 2870 2814 2756 2790 2774 2726 2580 2222 1872 1440 1156 972 866 872 930 1080 1338 1572 1740 2000 2166 2224 2394 2434 2436 2524 2606 2574 2592 2514 2536 2506 2458 2430 
2366 2282 2236 2144 2142 2020 1972 1946 1878 1890 1860 1856 1878 1916 1958 2018 1994 2030 2086 2174 2202 2202 2234 2226 2312 2262 2262 2264 2204 2180 2134 2090 2056 2016 2052 2012 2046 2066 2074 2076 2086 2070 2030 2036 2024 2000 2034 2042 2084 2120 2110 2088 2126 2108 2088 2070 2082 2104 2094 2182 2120 2242 2132 2206 2172 2218 2228 2222 2132 2140 2022 2050 2092 2060 2048 2084 2148 2102 2130 2076 2166 2138 2166 2170 2122 2140 2092 2106 2102 2120 2158 2140 2184 2210 2126 2190 2160 2172 2194 2138 
2132 2102 2072 2116 2080 2094 2142 2134 2174 2154 2134 2100 2126 2134 2148 2134 2172 2132 2114 2150 2154 2116 2136 2098 2122 2070 2136 2158 2156 2104 2122 2108 2092 2106 2118 2160 2132 2186 2204 2160 2102 2098 2056 2046 2070 2054 2036 2078 2114 2102 2150 2258 2198 2190 2178 2192 2192 2116 2104 2084 2122 2062 2140 2104 2134 2110 2092 2132 2144 2112 2080 2084 2154 2148 2108 2174 2068 2096 2090 2092 2150 2104 2190 2186 2146 2164 2194 2156 2132 2136 2130 2130 2056 2154 2154 2168 2138 2152 2134 2100 
2146 2098 2070 2090 2098 2098 2130 2146 2150 2098 2058 2080 2082 2096 2178 2108 2126 2134 2134 2158 2144 2114 2162 2028 2044 2100 2050 2076 2134 2090 2114 2080 2086 2130 2116 2086 2116 2108 2092 2058 2076 2078 2130 2024 2144 2102 2074 2140 2172 2164 2176 2122 2092 2036 1978 2032 1990 2030 1992 2042 2088 2068 2130 2096 2116 2142 2098 2088 2126 2130 2150 2054 2098 2040 2062 2010 2030 2014 2058 2018 2090 2058 2110 2118 2114 1630 1568 1484 1300 1326 1286 1376 1368 1408 1346 1348 1298 1382 1338 1406 
1422 1356 1292 1280 1318 1382 1442 1412 1422 1400 1326 1372 1484 1646 1732 1832 1890 2174 2316 2290 2104 1712 1260 1084 978 1130 1324 1510 1672 1804 1744 1676 1606 1460 1376 1298 1312 1306 1348 1372 1322 1334 1448 1470 1438 1526 1550 1616 1642 1674 1788 1758 1762 1788 1730 1682 1584 1534 1474 1642 1682 1664 1592 1550 1528 1500 1470 1502 1552 1532 1500 1500 1512 1466 1436 1438 1474 1476 1534 1596 1646 1610 1656 1580 1588 1590 1542 1500 1500 1512 1568 1504 1498 1488 1564 1512 1508 1544 1530 1532 
1574 1564 1638 1632 1594 1604 1582 1566 1566 1536 1434 1486 1448 1406 1476 1524 1596 1678 1642 1566 1508 1446 1422 1478 1258 830 -266 -994 -1900 -2516 -2836 -2882 -3426 -4766 -6402 -8662 -10486 -11492 -11786 -11470 -10884 -10428 -10224 -9990 -9728 -9360 -8766 -7898 -6726 -6260 -6006 -5532 -3960 -2334 -676 792 1800 2306 2476 2966 3932 5242 6492 7286 7582 7514 7430 7692 7508 7190 6316 5364 4286 3924 3962 3944 3852 3372 2850 2688 2634 2556 2738 2676 2400 2052 1730 1594 1518 1528 1460 526 -352 -1126 -910 -160 -78 -258 176 454 
-76 -300 -186 388 1640 2736 2576 2274 2498 3012 3448 3558 3580 3894 4106 4396 4974 4918 4768 4812 5138 5700 6370 6676 6720 6652 7092 6968 5810 4178 3600 3390 3552 4316 4056 2782 1032 -488 -932 -756 -94 -528 -1810 -2682 -3070 -2694 -2358 -2476 -2644 -3632 -5984 -6504 -5760 -4660 -5122 -6258 -6608 -8090 -9224 -10940 -13632 -16698 -23452 -30366 -32768 -30030 -21614 -14792 -11470 -10692 -9926 -10076 -10774 -10314 -9098 -7398 -5720 -4710 -3754 -3232 -2668 -2102 -1386 -534 438 1324 2110 3278 4512 5672 5830 5486 5012 4804 5066 5512 6024 6330 6460 6644 
6496 6522 6898 6770 6560 5996 5536 5026 3494 1878 958 138 8 302 -690 -1900 -3432 -3414 -3296 -3142 -3692 -4204 -3122 -3508 -3448 -3948 -2778 -1920 -826 -196 314 738 1070 1510 1728 1950 2448 2826 3374 3814 3700 3678 4000 4358 4802 5210 5626 6284 7652 8840 8042 6316 4602 4046 3538 2962 2516 2728 2138 1242 1202 810 -1880 -4946 -5786 -3708 562 3932 4214 84 -4742 -8532 -6358 -376 4256 2410 -3344 -10276 -15794 -15400 -11804 -11666 -14410 -18360 -19996 -20418 -19854 -19684 -21020 -19936 -18956 -17224 -15152 -13526 -12422 -11604 -10912 -10066 -8850 -7688 
-5924 -4276 -2874 -1376 -372 620 1644 2362 2556 3026 3360 3428 4078 3712 3922 4450 4594 4610 4658 4330 3592 3012 2840 2214 2160 2582 2972 2770 2902 2530 2686 2634 2352 2142 1832 1414 1232 496 -616 -1090 -1220 -2212 -1944 -2302 -3138 -3308 -3086 -2808 -1980 -1272 -694 -230 -502 -654 -264 80 84 528 1280 1932 2348 2646 2938 3294 3468 3476 3432 3452 3200 3158 3470 4042 4836 5384 5732 5536 4998 4580 4230 4094 3420 3128 3992 5182 4874 2284 -1018 -3408 -2470 866 270 -1382 -3164 -3864 -3236 -1762 -2796 -6000 -7874 -5912 
-4266 -4614 -6872 -8182 -7826 -7318 -5990 -4450 -4102 -5484 -6938 -7378 -8004 -8348 -7000 -4640 -2902 -1806 -1176 -1196 -1532 -1344 -3188 -9220 -9490 -2238 136 318 504 1228 2086 2890 3472 3912 4010 4060 4246 4500 4798 5018 5086 5046 4990 4974 4922 4908 4806 4616 4394 3984 3570 3274 3170 3278 3422 3634 3762 3750 3716 3552 3278 3164 3052 2968 2716 2340 1350 328 -432 -852 -810 -510 -96 458 882 1232 1546 1680 1854 2024 2172 2320 2572 2768 2926 3066 3162 3202 3158 3110 3004 2934 2944 2992 3022 2954 2934 2928 2894 2992 
3056 3062 3114 3030 3028 3052 2884 2764 2562 2470 2378 2342 2226 2062 1744 1248 732 334 168 376 682 1058 1406 1626 1762 1898 1950 2040 2132 2230 2328 2390 2528 2590 2678 2638 2648 2632 2614 2616 2590 2550 2468 2506 2504 2416 2410 2420 2442 2336 2298 2252 2178 2092 2016 1998 1956 1948 1970 1968 2038 2064 2090 2228 2344 2376 2462 2496 2458 2400 2372 2422 2408 2348 2388 2354 2258 2210 2136 1992 1770 1694 1602 1514 1532 1500 1420 1362 1300 1258 1250 1290 1404 1536 1668 1812 1848 1828 1810 1818 
1750 1758 1732 1668 1580 1486 1436 1314 1328 1374 1500 1602 1746 1824 1886 1962 1922 1886 1834 1624 1498 1382 1284 1236 1228 1168 1150 1188 1170 1208 1252 1300 1336 1352 1436 1462 1452 1500 1386 1394 1414 1342 1440 1544 1544 1650 1628 1642 1644 1580 1496 1470 1444 1370 1420 1534 1552 1620 1628 1644 1644 1546 1634 1600 1490 1474 1542 1574 1596 1714 1740 1774 1746 1788 1742 1706 1634 1656 1624 1716 1706 1774 1760 1738 1700 1660 1680 1630 1664 1710 1722 1666 1762 1710 1706 1682 1676 1722 1742 1750 
1790 1788 1728 1716 1740 1854 1822 1886 1954 1882 1854 1824 1886 1860 1834 1868 1792 1754 1616 1646 1584 1532 1590 1654 1716 1804 1854 1886 1896 1934 1926 1986 2150 2158 2194 2194 2102 2012 1984 1978 1974 1984 2048 1910 1784 1674 1600 1502 1482 1508 1708 1920 2040 2206 2300 2238 2170 2106 2058 1838 1696 1448 1406 1322 1340 1564 1768 1992 2242 2326 2328 2160 1882 1648 1462 1336 1284 1238 1252 1282 1382 1494 1540 1626 1670 1718 1808 1758 1710 1740 1726 1808 1818 1860 1862 1864 1888 1814 1656 1344 
1278 1350 1584 1758 2006 2128 2380 2450 2424 2346 2238 2130 1918 1834 1702 1688 1608 1620 1546 1448 1372 1328 1464 1590 1672 1686 1736 1768 1772 1848 2006 2232 2486 2534 2430 2160 1948 1816 1638 1672 1586 1538 1468 1428 1438 1462 1502 1572 1666 1786 1998 2118 2270 2418 2604 2656 2696 2850 2794 2772 2698 2658 2556 2492 2344 2224 2066 1894 1802 1736 1714 1790 1898 1984 2018 2040 2028 2026 1982 2036 1986 1886 1952 1994 1686 1762 1832 1854 1810 1728 1854 1838 1892 1922 1926 1836 1838 1734 1752 1708 
1754 1806 1798 1840 1810 1910 1902 1886 1926 1864 1882 1848 1838 1794 1882 1818 1878 1834 1826 1806 1840 1804 1866 1762 1890 1846 1824 1854 1882 1800 1830 1796 1808 1786 1850 1798 1854 1858 1858 1776 1856 1780 1832 1820 1810 1856 1596 1492 1386 1366 1512 1678 1752 1708 1326 300 -1268 -2292 -3460 -3784 -4146 -4412 -5218 -7768 -10950 -13730 -15228 -15136 -13590 -11604 -11342 -11334 -11124 -10672 -9628 -8406 -6374 -4708 -4020 -3266 -2168 -836 590 2370 3452 4272 5460 6750 7272 7816 8236 8450 7836 7790 7522 7628 7606 7204 6644 6094 
5396 5166 5496 5546 5364 5438 5044 4800 4622 4458 3662 2618 1692 800 158 -280 -412 -666 -1562 -2450 -2868 -3414 -3130 -3058 -2084 -6480 -7362 -6856 -6062 -4236 -2588 -2088 -1496 -1532 -1616 -922 566 1854 2816 3034 3114 3376 3322 3758 4140 4482 4916 5230 5620 6280 7166 8238 8746 8344 7502 6236 5664 5384 5362 5774 4244 1066 -2456 -1582 2816 5988 5704 942 -3102 -4562 -3348 -982 46 -88 -2250 -2828 -3190 -3396 -6770 -9476 -8866 -10312 -13286 -15990 -18374 -20392 -27238 -32768 -32768 -28594 -19294 -11808 -9908 -11042 -12668 -14506 -13580 -11398 -9620 -9156 
-9192 -8608 -7300 -6044 -4908 -3518 -2600 -1316 -56 1510 2600 3522 4684 5608 6416 6162 5944 6174 6438 6676 7326 7634 7616 7620 7908 7984 8360 8254 7420 6720 6494 6282 5992 5422 5064 4538 3820 3070 2034 628 -4 -702 -1754 -1614 -2466 -3150 -3852 -3884 -3772 -3908 -4032 -7170 -8268 -10206 -8262 -8232 -6904 -7146 -6278 -5396 -4994 -5176 -5000 -4868 -4998 -5166 -4304 -3406 -2450 -2250 -2070 -1760 -1250 -474 172 970 1862 2730 3390 3748 3666 3412 3384 3482 3894 4574 5468 5692 5624 5510 5768 6622 8262 10106 10564 8348 5452 1618 -288 1890 
4480 5210 1878 -1532 -3738 -3654 -1442 -2632 -3828 -6868 -9542 -10320 -9302 -7762 -8358 -11492 -13962 -16494 -18782 -21756 -25094 -26846 -23890 -20728 -18098 -16974 -16452 -16378 -16716 -15140 -13182 -11558 -10410 -9522 -7982 -6802 -5490 -3902 -2566 -1038 512 1352 2562 4266 6186 7990 8476 7914 7234 6736 6664 7488 7820 7926 8424 8446 7774 6982 6322 5990 5952 5974 5810 5304 4294 3124 2144 1668 1270 766 422 -446 -810 -1918 -4194 -5760 -6588 -6696 -7314 -8812 -10290 -10538 -9254 -8070 -7216 -7312 -7822 -7292 -6652 -5626 -4760 -4300 -3774 -3388 -2806 -1798 -774 -32 1224 2480 
3592 4590 5478 6168 6680 7030 7156 6896 6458 6144 6292 6508 6428 5618 3862 1100 436 508 740 152 -1300 -1704 -1260 -1828 -3464 -6158 -8512 -8456 -6664 -6258 -5628 -6078 -8032 -10158 -10318 -8092 -4618 -3134 -3362 -5132 -8900 -11200 -9880 -6778 -3642 -1136 -1528 -2424 -3464 -4086 -4054 -3382 -2454 -1318 18 786 906 262 -130 -100 -46 172 586 586 522 646 840 1180 1386 1642 1594 1568 1760 1970 2194 2648 2994 3280 3638 3880 3956 3910 3702 3512 3136 2938 2914 2990 3250 3326 3228 3014 2838 2532 2210 1792 1382 990 614 544 
712 1032 1478 2034 2408 2590 2680 2716 2650 2682 2732 2728 2830 2856 2902 2996 3068 3016 3044 3002 2874 2852 2746 2640 2486 2380 2264 2356 2420 2540 2564 2578 2564 2550 2506 2448 2408 2352 2362 2362 2394 2404 2466 2558 2678 2740 2740 2684 2684 2542 2440 2464 2408 2408 2406 2326 2330 2354 2394 2470 2450 2544 2578 2570 2596 2622 2470 2438 2354 2352 2366 2348 2388 2418 2494 2506 2602 2588 2560 2580 2504 2508 2482 2416 2364 2330 2332 2284 2346 2346 2258 2246 2210 2222 2194 2230 2200 2172 2234 2210 
2234 2312 2300 2256 2258 2302 2324 2344 2386 2422 2496 2522 2576 2612 2624 2622 2548 2530 2548 2554 2534 2520 2460 2488 2442 2498 2502 2402 2432 2444 2364 2376 2324 2302 2316 2298 2310 2298 2316 2264 2204 2218 2180 2188 2200 2282 2252 2220 2120 2036 1996 2052 2154 2302 2386 2394 2394 2324 2218 2168 2318 2544 2790 2888 2916 2874 2818 2634 2464 2472 2424 2480 2536 2448 2322 2168 2072 2008 1980 2096 2116 2192 2294 2376 2400 2406 2420 2360 2336 2288 2320 2268 2310 2342 2400 2520 2578 2600 2548 2526 
2350 2318 2220 2244 2258 2328 2366 2384 2322 2246 2184 2174 2104 2128 2068 2142 2190 2228 2414 2502 2416 2342 2268 2204 2150 2160 2100 2148 2216 2286 2354 2400 2406 2416 2420 2350 2284 2198 2172 2132 2090 2046 2074 2120 2134 2164 2100 1982 1896 1804 1866 1904 2000 2030 2136 2236 2220 2034 2046 2048 1992 2096 2218 2284 2286 2270 2252 2162 2088 2178 2198 2288 2294 2352 2344 2372 2388 2436 2354 2394 2368 2366 2414 2490 2478 2514 2526 2566 2482 2452 2348 2208 2176 2084 2106 2044 2016 1948 1744 1454 
1324 1312 1344 1400 1504 1596 1624 1526 1514 1522 1538 1560 1584 1602 1776 1906 1972 1964 1876 1814 1788 1668 1666 1612 1654 1832 2038 2178 2152 2064 1968 1892 1842 1884 1864 1918 1926 2020 2056 2086 2028 2040 1978 1936 1982 2092 2062 2128 2098 1980 1970 2038 2102 2120 2216 2214 2114 2080 2030 1964 2002 2034 1994 1912 1820 1824 1822 1728 1768 1768 1764 1708 1750 1682 1712 1670 1578 1590 1600 1582 1534 1494 1538 1464 1514 1458 1466 1406 1388 1278 1276 1348 1348 1336 1300 1216 1148 1270 1358 1410 
1408 1484 1532 1504 1550 1616 1624 1666 1740 1776 1738 1652 1694 1626 1644 1688 1788 1806 1816 1776 1754 1714 1740 1736 1828 1832 1906 1986 2050 2034 2022 2022 1978 1974 1992 2022 2026 2066 2084 2084 2020 1996 1966 1988 1982 2000 2006 2094 2068 2074 2094 2096 2082 2074 2096 2060 2076 2108 2070 2110 2142 2152 2214 2292 2232 2244 2252 2208 2226 2256 2152 2152 2126 2094 2084 2156 2084 1996 2074 2060 2098 2140 2230 1648 1664 1560 1482 1522 1560 1568 1582 1554 1552 1622 1552 1528 1592 1658 1610 1602 
1720 1676 1710 1722 1718 1708 1652 1654 1616 1658 1594 1642 1616 1642 1586 1544 1542 1552 1522 1534 1534 1568 1638 1648 1572 1570 1502 1584 1546 1546 1540 1536 1486 1598 1614 1644 1684 1680 1662 1662 1602 1584 1520 1472 1458 1388 1336 1314 1396 1538 1674 1812 1810 1732 1410 1186 1234 368 -1366 -1556 -1362 -1090 -1850 -3396 -5470 -7854 -10058 -12204 -13446 -13550 -13130 -12652 -11586 -11280 -11390 -10822 -9726 -8122 -6756 -5496 -4070 -2308 -648 1554 3308 4320 4726 5204 5892 6340 6832 7812 8318 8590 8478 8066 7690 7452 7502 7946 
8072 8272 8042 7372 6294 5022 4170 3820 3386 3260 2790 2512 2046 1588 356 -606 -1742 -2650 -3396 -3608 -3624 -3540 -4042 -4170 -4634 -4894 -4272 -4488 -3748 -4544 -4284 -3582 -2416 -1308 -620 -110 22 -238 -192 284 1162 1876 2442 3060 3876 4318 4672 4950 4992 5330 5922 6398 6780 6970 6840 6486 5836 4602 2946 1154 1816 2430 2906 2816 1988 810 -1002 -1082 -134 -1280 -2146 -3012 -2856 -1278 -244 -1320 -5354 -8692 -8290 -6252 -4406 -4046 -8388 -9914 -10558 -10892 -10522 -10914 -13072 -15074 -17496 -20040 -20594 -20438 -20046 -18410 -17230 -16430 -15480 -14740 
-13166 -11364 -9786 -9102 -8414 -6442 -4308 -2418 -1038 -386 -454 724 2584 4052 4894 5442 5952 6592 7092 7258 7482 7858 8050 8130 8202 8268 8478 8078 7434 6860 6930 6924 7280 7288 6848 5874 4722 2886 1448 716 374 386 520 -298 -494 -902 -2084 -3330 -4062 -5312 -5532 -5340 -4970 -4994 -4018 -4484 -4408 -4692 -5044 -4764 -4102 -4152 -4628 -4876 -4808 -4222 -3746 -3320 -2920 -2750 -2356 -1770 -1066 -452 38 480 1196 1952 2842 3124 2998 2790 2910 3120 3198 3414 3678 3938 4258 4518 4826 4962 4916 5040 4872 3942 3234 3286 3760 3822 
2722 2270 2266 3694 4528 2048 -756 -3458 -5028 -3430 870 1344 -1756 -5548 -8452 -8738 -6600 -4762 -5040 -8868 -11960 -12822 -12922 -12874 -14262 -15670 -16822 -19322 -21062 -21710 -20250 -17506 -15312 -14128 -14038 -14198 -13590 -12230 -10828 -9592 -8416 -8378 -7606 -6034 -4418 -3094 -2298 -1432 -556 790 1674 2498 3280 4232 4856 4834 4318 3928 4428 5258 5530 5564 5180 4924 4876 4912 5350 5868 5696 5578 5658 5528 5530 5728 5342 5096 4310 3244 2550 1934 1880 2040 2204 2170 1380 1118 246 -852 -2940 -4602 -4590 -4122 -3948 -4116 -5054 -6124 -3150 -10094 -10784 -9188 
-7930 -6224 -5114 -3838 -3054 -3492 -4102 -4232 -4130 -3502 -2836 -2208 -1762 -964 40 1280 1998 2422 2288 1846 1944 2040 2748 3486 4282 4942 5120 5148 5096 5018 4880 4756 4694 5026 5518 5136 4528 3264 1590 1012 1854 2764 3390 1854 -1488 -3298 -3220 -1524 -112 -2954 -5392 -9034 -9272 -7594 -5370 -4130 -5834 -7204 -9318 -10936 -10978 -9176 -7404 -6688 -6262 -6264 -6740 -6234 -5996 -5890 -5494 -4882 -3734 -2610 -1902 -1566 -1410 -1440 -1364 -1128 -870 -472 172 960 1658 2166 2464 2672 2868 3160 3374 3466 3536 3506 3266 3106 3210 3200 3260 3268 
3144 3086 2994 2848 2778 2878 2934 2936 2964 3012 3008 3088 3120 3084 2992 3164 3284 3152 2866 2638 2338 2030 1836 1598 1512 1872 2298 2632 2636 2524 2480 2502 2522 2756 3060 3284 3242 3090 2816 2686 2428 2300 2420 2674 2840 2864 2732 2400 2222 2138 2040 2038 2062 2020 2082 2196 2282 2348 2388 2494 2520 2518 2498 2558 2770 2828 2998 2990 3038 3088 3036 3060 2996 2986 2864 2858 2700 2678 2516 2466 2348 2242 2330 2376 2400 2418 2448 2406 2368 2376 2340 2206 2218 2166 2220 2244 2396 2410 2572 2652 
2746 2720 2680 2610 2540 2496 2430 2524 2500 2572 2522 2560 2506 2450 2402 2310 2244 2222 2266 2296 2258 2246 2192 2232 2256 2300 2408 2478 2704 2782 2718 2602 2536 2466 2462 2724 3124 3594 3784 3698 3346 2950 2808 2730 2866 3022 3208 3176 3120 3030 2952 2926 2886 2830 2938 3044 3184 3158 3170 3026 2954 2904 2862 2802 2872 2936 2998 2970 2952 2800 2642 2554 2484 2494 2698 2812 2740 2756 2644 2558 2542 2580 2602 2618 2710 2710 2802 2784 2814 2760 2716 2654 2690 2714 2730 2876 2914 2904 2896 2934 
2940 2942 2928 2856 2764 2798 2802 2908 2870 2854 2806 2722 2740 2802 2804 2846 2932 2964 2958 3038 3010 3050 3048 3088 3160 3234 3332 3444 3462 3496 3468 3460 3446 3434 3398 3386 3308 3240 3272 3272 3310 3304 3240 3162 3012 3046 2960 2892 2882 2910 2884 2848 2818 2854 2850 2906 3006 3014 3044 3070 3028 2932 2848 2860 2796 2842 2892 3016 2944 2842 2778 2666 2652 2692 2754 2924 3096 3252 3284 3252 3166 3170 3122 3204 3266 3384 3466 3378 3330 3252 3208 3140 3120 3192 3176 3122 3146 3084 3068 3008 
3014 3034 3082 3062 3208 3190 3160 3032 2840 2706 2578 2444 2274 2256 2190 2182 2138 2158 2272 2278 2404 2404 2480 2528 2540 2572 2520 2478 2522 2436 2444 2500 2540 2520 2512 2602 2534 2530 2466 2514 2518 2548 2598 2610 2512 2500 2476 2316 2354 2364 2452 2536 2746 2786 2836 2806 2886 2846 2598 2552 2590 2632 2696 2878 2912 2900 2952 2932 2860 2840 2772 2754 2600 2462 2414 2294 2216 2148 2116 2080 2004 1944 1886 1908 1894 1992 1958 1960 2012 2058 2058 2044 2080 2112 2202 2178 2204 2266 2158 2230 
2194 2234 2258 2218 2210 2304 2318 2372 2330 2378 2414 2398 2260 2244 2182 2162 2140 2046 1906 1854 1854 1808 1776 1840 1954 2018 2076 2152 2068 2064 2004 1954 1950 1986 1958 1952 2052 2060 2096 2150 2188 2238 2256 2278 2256 2268 2220 2202 2176 2222 2264 2250 2334 2292 2346 2436 2438 2422 2500 2598 2558 2642 2604 2494 2316 2212 2138 2162 2194 2316 2444 2474 2340 2260 2086 2018 2090 2142 2218 2300 2270 2288 